-1.425986994889954929e+01 -1.510733928178901238e+02
-1.423132166071357574e+01 -1.510396851700716638e+02
-1.420277337252758798e+01 -1.510137564861181261e+02
-1.417422508434160022e+01 -1.509959446292942857e+02
-1.414567679615561246e+01 -1.509893817444166473e+02
-1.411712850796962471e+01 -1.509888916702520305e+02
-1.408858021978363695e+01 -1.509967962053591179e+02
-1.406003193159766340e+01 -1.510030063765404407e+02
-1.403148364341167564e+01 -1.510114276103703048e+02
-1.400293535522568789e+01 -1.510142688612437780e+02
-1.397438706703971434e+01 -1.510068796207548019e+02
-1.394583877885371237e+01 -1.509996341695442084e+02
-1.391729049066772461e+01 -1.509778137003952452e+02
-1.388874220248175106e+01 -1.509553040792848719e+02
-1.386019391429576331e+01 -1.509318622826635590e+02
-1.383164562610977555e+01 -1.509113259382415890e+02
-1.380309733792380200e+01 -1.508931901569189051e+02
-1.377454904973780003e+01 -1.508865016555263310e+02
-1.374600076155181227e+01 -1.508897350684043772e+02
-1.371745247336583873e+01 -1.509023095315376111e+02
-1.368890418517985097e+01 -1.509237461315937594e+02
-1.366035589699386321e+01 -1.509470178455695759e+02
-1.363180760880788966e+01 -1.509783628624433618e+02
-1.360325932062190191e+01 -1.509998321181201675e+02
-1.357471103243589994e+01 -1.510193932324317814e+02
-1.354616274424992639e+01 -1.510261904678236533e+02
-1.351761445606393863e+01 -1.510293514494692033e+02
-1.348906616787795087e+01 -1.510246390848111560e+02
-1.346051787969197733e+01 -1.510164089045972275e+02
-1.343196959150598957e+01 -1.510047958848224141e+02
-1.340342130332000181e+01 -1.510009530749728697e+02
-1.337487301513401405e+01 -1.510031977221764805e+02
-1.334632472694802630e+01 -1.510165878111644702e+02
-1.331777643876203854e+01 -1.510393432139307492e+02
-1.328922815057606499e+01 -1.510720450116005793e+02
-1.326067986239007723e+01 -1.511153559572651091e+02
-1.323213157420408947e+01 -1.511579195219036649e+02
-1.320358328601811593e+01 -1.512056086451250394e+02
-1.317503499783211396e+01 -1.512450817646555947e+02
-1.314648670964612620e+01 -1.512795950272408447e+02
-1.311793842146015265e+01 -1.513041263109587362e+02
-1.308939013327416490e+01 -1.513185442495219775e+02
-1.306084184508817714e+01 -1.513204841542198835e+02
-1.303229355690220359e+01 -1.513236102776913299e+02
-1.300374526871621583e+01 -1.513285192373209611e+02
-1.297519698053021386e+01 -1.513377814478703272e+02
-1.294664869234424032e+01 -1.513622194158492391e+02
-1.291810040415825256e+01 -1.513941064016781013e+02
-1.288955211597226480e+01 -1.514407150860435536e+02
-1.286100382778629125e+01 -1.514916862218971971e+02
-1.283245553960030350e+01 -1.515565532917731844e+02
-1.280390725141431574e+01 -1.516173557744417906e+02
-1.277535896322832798e+01 -1.516828653343086160e+02
-1.274681067504234022e+01 -1.517412866499730058e+02
-1.271826238685635246e+01 -1.517870923703210906e+02
-1.268971409867037892e+01 -1.518146566329303653e+02
-1.266116581048439116e+01 -1.518375751178361099e+02
-1.263261752229840340e+01 -1.518513635008317522e+02
-1.260406923411241564e+01 -1.518619266190912924e+02
-1.257552094592642788e+01 -1.518743686595478266e+02
-1.254697265774044013e+01 -1.519019885687198155e+02
-1.251842436955446658e+01 -1.519369396652343767e+02
-1.248987608136847882e+01 -1.519934475713418749e+02
-1.246132779318249106e+01 -1.520667090655265667e+02
-1.243277950499651752e+01 -1.521312570366478383e+02
-1.240423121681051555e+01 -1.522155091997025522e+02
-1.237568292862452779e+01 -1.523000244897743300e+02
-1.234713464043855424e+01 -1.523801631047933824e+02
-1.231858635225256648e+01 -1.524463679361794561e+02
-1.229003806406657873e+01 -1.524903635587003237e+02
-1.226148977588060518e+01 -1.525266781868562589e+02
-1.223294148769461742e+01 -1.525515750606141125e+02
-1.220439319950861545e+01 -1.525611534765172337e+02
-1.217584491132264191e+01 -1.525746925049794527e+02
-1.214729662313665415e+01 -1.525887808265916306e+02
-1.211874833495066639e+01 -1.526242144705282158e+02
-1.209020004676469284e+01 -1.526770792364503393e+02
-1.206165175857870508e+01 -1.527405588591531114e+02
-1.203310347039271733e+01 -1.528326352465073228e+02
-1.200455518220672957e+01 -1.529294074732986246e+02
-1.197600689402074181e+01 -1.530244599092855253e+02
-1.194745860583475405e+01 -1.531159925786585347e+02
-1.191891031764878051e+01 -1.531984202219945814e+02
-1.189036202946279275e+01 -1.532587015957428207e+02
-1.186181374127680499e+01 -1.533001266928399673e+02
-1.183326545309081723e+01 -1.533165651791037476e+02
-1.180471716490482947e+01 -1.533239797911950575e+02
-1.177616887671884172e+01 -1.533161521453343710e+02
-1.174762058853286817e+01 -1.533194260283670758e+02
-1.171907230034688041e+01 -1.533321223710130994e+02
-1.169052401216089265e+01 -1.533555729147441298e+02
-1.166197572397491911e+01 -1.534082263032344429e+02
-1.163342743578891714e+01 -1.534884299002359853e+02
-1.160487914760292938e+01 -1.535823725643894591e+02
-1.157633085941695583e+01 -1.536938643703927880e+02
-1.154778257123096807e+01 -1.537836384135818264e+02
-1.151923428304498032e+01 -1.538661923453057625e+02
-1.149068599485900677e+01 -1.539275572601830504e+02
-1.146213770667301901e+01 -1.539589470826141451e+02
-1.143358941848701704e+01 -1.539671950849324276e+02
-1.140504113030104349e+01 -1.539452301912010910e+02
-1.137649284211505574e+01 -1.539130029847245851e+02
-1.134794455392906798e+01 -1.538687584919034350e+02
-1.131939626574309443e+01 -1.538426172155038216e+02
-1.129084797755710667e+01 -1.538281902860948662e+02
-1.126229968937111892e+01 -1.538461866201912471e+02
-1.123375140118513116e+01 -1.538828270194894685e+02
-1.120520311299914340e+01 -1.539514117665195272e+02
-1.117665482481315564e+01 -1.540297466239360062e+02
-1.114810653662718209e+01 -1.541128118355292713e+02
-1.111955824844119434e+01 -1.541890053732288095e+02
-1.109100996025520658e+01 -1.542329055729031779e+02
-1.106246167206923303e+01 -1.542471664684833286e+02
-1.103391338388323106e+01 -1.542222285402366992e+02
-1.100536509569724331e+01 -1.541727328542551732e+02
-1.097681680751126976e+01 -1.540943895420623448e+02
-1.094826851932528200e+01 -1.540047164318653472e+02
-1.091972023113929424e+01 -1.539275181523109666e+02
-1.089117194295332069e+01 -1.538556521480499555e+02
-1.086262365476733294e+01 -1.538200076362047071e+02
-1.083407536658134518e+01 -1.538015810407168544e+02
-1.080552707839535742e+01 -1.538221177247169464e+02
-1.077697879020936966e+01 -1.538532930432110675e+02
-1.074843050202338191e+01 -1.538965524219021859e+02
-1.071988221383740836e+01 -1.539401531374234651e+02
-1.069133392565142060e+01 -1.539732823842155653e+02
-1.066278563746543284e+01 -1.539691950968615402e+02
-1.063423734927944508e+01 -1.539252763370576247e+02
-1.060568906109345733e+01 -1.538458936997292597e+02
-1.057714077290746957e+01 -1.537358008669699245e+02
-1.054859248472149602e+01 -1.536208178655137431e+02
-1.052004419653550826e+01 -1.534931442524121223e+02
-1.049149590834952050e+01 -1.533893730042108530e+02
-1.046294762016353275e+01 -1.532952211793250115e+02
-1.043439933197754499e+01 -1.532290841431074568e+02
-1.040585104379157144e+01 -1.531931616088194232e+02
-1.037730275560558368e+01 -1.531923637761303496e+02
-1.034875446741959593e+01 -1.531996440932371968e+02
-1.032020617923360817e+01 -1.532098682262376883e+02
-1.029165789104763462e+01 -1.532138416453937282e+02
-1.026310960286163265e+01 -1.531998419722298195e+02
-1.023456131467565910e+01 -1.531480340536361950e+02
-1.020601302648967135e+01 -1.530760109785005625e+02
-1.017746473830368359e+01 -1.529595404938334582e+02
-1.014891645011769583e+01 -1.528371283526811624e+02
-1.012036816193172228e+01 -1.526963578176960539e+02
-1.009181987374573453e+01 -1.525749395734040377e+02
-1.006327158555974677e+01 -1.524581366147930055e+02
-1.003472329737375901e+01 -1.523678522222030836e+02
-1.000617500918777125e+01 -1.523050007830118204e+02
-9.977626721001797705e+00 -1.522784729737662417e+02
-9.949078432815809947e+00 -1.522617557778829109e+02
-9.920530144629822189e+00 -1.522567321976675316e+02
-9.891981856443834431e+00 -1.522472603284544448e+02
-9.863433568257846673e+00 -1.522294965057696743e+02
-9.834885280071858915e+00 -1.521927655879348151e+02
-9.806336991885885368e+00 -1.521219401249052510e+02
-9.777788703699897610e+00 -1.520258963166842534e+02
-9.749240415513909852e+00 -1.519220119127982969e+02
-9.720692127327922094e+00 -1.517910587109565483e+02
-9.692143839141934336e+00 -1.516727104744644521e+02
-9.663595550955946578e+00 -1.515547273303767497e+02
-9.635047262769973031e+00 -1.514579894666265147e+02
-9.606498974583985273e+00 -1.513871503821713134e+02
-9.577950686397997515e+00 -1.513410993215196640e+02
-9.549402398212023968e+00 -1.513193787395198910e+02
-9.520854110026036210e+00 -1.513092296668108077e+02
-9.492305821840034241e+00 -1.513072396315272954e+02
-9.463757533654060694e+00 -1.512952712403667874e+02
-9.435209245468072936e+00 -1.512747699456447208e+02
-9.406660957282085178e+00 -1.512252153962876662e+02
-9.378112669096111631e+00 -1.511617915744419349e+02
-9.349564380910123873e+00 -1.510691948957759791e+02
-9.321016092724136115e+00 -1.509646676797021883e+02
-9.292467804538148357e+00 -1.508546423433594725e+02
-9.263919516352160599e+00 -1.507561585345679589e+02
-9.235371228166172841e+00 -1.506632385545855755e+02
-9.206822939980199294e+00 -1.505940182377451890e+02
-9.178274651794211536e+00 -1.505466038129667652e+02
-9.149726363608223778e+00 -1.505250894258890071e+02
-9.121178075422250231e+00 -1.505213775045546640e+02
-9.092629787236248262e+00 -1.505246888072696549e+02
-9.064081499050260504e+00 -1.505266850472206670e+02
-9.035533210864286957e+00 -1.505261644295139547e+02
-9.006984922678299199e+00 -1.505046296826909327e+02
-8.978436634492311441e+00 -1.504678077846944007e+02
-8.949888346306337894e+00 -1.504021303846269291e+02
-8.921340058120350136e+00 -1.503213283677214633e+02
-8.892791769934348167e+00 -1.502339910513749714e+02
-8.864243481748374620e+00 -1.501433207909534246e+02
-8.835695193562386862e+00 -1.500603071573627005e+02
-8.807146905376399104e+00 -1.499963294001963447e+02
-8.778598617190425557e+00 -1.499548909971111357e+02
-8.750050329004437799e+00 -1.499363416447356485e+02
-8.721502040818450041e+00 -1.499403425011688569e+02
-8.692953752632462283e+00 -1.499563531014152886e+02
-8.664405464446474525e+00 -1.499821043267698997e+02
-8.635857176260486767e+00 -1.499984693647840857e+02
-8.607308888074513220e+00 -1.500015491511661878e+02
-8.578760599888525462e+00 -1.499901373592296636e+02
-8.550212311702537704e+00 -1.499596965781593951e+02
-8.521664023516549946e+00 -1.499036537878787954e+02
-8.493115735330562188e+00 -1.498401071257794115e+02
-8.464567447144574430e+00 -1.497691806606552518e+02
-8.436019158958600883e+00 -1.496937275211255098e+02
-8.407470870772613125e+00 -1.496348796899495142e+02
-8.378922582586625367e+00 -1.495950502437457601e+02
-8.350374294400651820e+00 -1.495792364437489255e+02
-8.321826006214649851e+00 -1.495885830187367560e+02
-8.293277718028662093e+00 -1.496142771068448383e+02
-8.264729429842688546e+00 -1.496591541011616471e+02
-8.236181141656700788e+00 -1.496984261268170542e+02
-8.207632853470713030e+00 -1.497282354193542631e+02
-8.179084565284739483e+00 -1.497407727638390043e+02
-8.150536277098751725e+00 -1.497382548052945879e+02
-8.121987988912749756e+00 -1.497072080757362187e+02
-8.093439700726776209e+00 -1.496685670415110394e+02
-8.064891412540788451e+00 -1.496116983532723737e+02
-8.036343124354800693e+00 -1.495578736806089353e+02
-8.007794836168827146e+00 -1.495065475063300937e+02
-7.979246547982839388e+00 -1.494611957437497267e+02
-7.950698259796837419e+00 -1.494438305104899882e+02
-7.922149971610863872e+00 -1.494511488673941244e+02
-7.893601683424876114e+00 -1.494828522190661602e+02
-7.865053395238888356e+00 -1.495308152171269001e+02
-7.836505107052914809e+00 -1.495968038304593222e+02
-7.807956818866927051e+00 -1.496512512715777063e+02
-7.779408530680939293e+00 -1.496896034518875069e+02
-7.750860242494951535e+00 -1.497128366164041608e+02
-7.722311954308963777e+00 -1.497040611727967985e+02
-7.693763666122976019e+00 -1.496792552156442468e+02
-7.665215377937002472e+00 -1.496326036600904956e+02
-7.636667089751014714e+00 -1.495840182555801334e+02
-7.608118801565026956e+00 -1.495409938587174850e+02
-7.579570513379053409e+00 -1.495157700495527706e+02
-7.551022225193051440e+00 -1.494810010501813622e+02
-7.522473937007063682e+00 -1.494738135203268712e+02
-7.493925648821090135e+00 -1.494955655295382542e+02
-7.465377360635102377e+00 -1.495448937573275998e+02
-7.436829072449114619e+00 -1.496147744934603736e+02
-7.408280784263141072e+00 -1.496796419144006336e+02
-7.379732496077153314e+00 -1.497375822958369156e+02
-7.351184207891151345e+00 -1.497826739683656001e+02
-7.322635919705177798e+00 -1.497879565803253570e+02
-7.294087631519190040e+00 -1.497701318800256161e+02
-7.265539343333202282e+00 -1.497242451248673945e+02
-7.236991055147228735e+00 -1.496687761685933822e+02
-7.208442766961240977e+00 -1.496127624614890976e+02
-7.179894478775253219e+00 -1.495706162940125239e+02
-7.151346190589265461e+00 -1.495499614657751124e+02
-7.122797902403277703e+00 -1.495496178768619302e+02
-7.094249614217289945e+00 -1.495258911330821832e+02
-7.065701326031316398e+00 -1.495441880100207754e+02
-7.037153037845328640e+00 -1.495961144935154721e+02
-7.008604749659340882e+00 -1.496572087635832986e+02
-6.980056461473367335e+00 -1.497163761741877295e+02
-6.951508173287365366e+00 -1.497488570516641744e+02
-6.922959885101377608e+00 -1.497527594789764862e+02
-6.894411596915404061e+00 -1.497285241481333173e+02
-6.865863308729416303e+00 -1.496707853552429981e+02
-6.837315020543428545e+00 -1.495955486813908237e+02
-6.808766732357454998e+00 -1.495110917838291584e+02
-6.780218444171467240e+00 -1.494353747948551359e+02
-6.751670155985465271e+00 -1.493740286817397021e+02
-6.723121867799491724e+00 -1.493491521254986480e+02
-6.694573579613503966e+00 -1.493508782088076146e+02
-6.666025291427516208e+00 -1.493106937395367311e+02
-6.637477003241542661e+00 -1.493061088844892481e+02
-6.608928715055554903e+00 -1.493145867505814408e+02
-6.580380426869567145e+00 -1.493355975405359288e+02
-6.551832138683579387e+00 -1.493388023560771103e+02
-6.523283850497591629e+00 -1.493300031833720425e+02
-6.494735562311603871e+00 -1.492764209044809718e+02
-6.466187274125630324e+00 -1.491890648173892373e+02
-6.437638985939642566e+00 -1.490729099350042475e+02
-6.409090697753654808e+00 -1.489502239749762111e+02
-6.380542409567667050e+00 -1.488257123205829089e+02
-6.351994121381679292e+00 -1.487098234381144266e+02
-6.323445833195691534e+00 -1.486322325451643565e+02
-6.294897545009717987e+00 -1.485798644831897946e+02
-6.266349256823730229e+00 -1.485515539572631667e+02
-6.237800968637742471e+00 -1.485241067648038040e+02
-6.209252680451754713e+00 -1.484425495566650852e+02
-6.180704392265766955e+00 -1.484118931431724491e+02
-6.152156104079779197e+00 -1.483636194992169806e+02
-6.123607815893805650e+00 -1.483014526654990561e+02
-6.095059527707817892e+00 -1.482115613523443756e+02
-6.066511239521830134e+00 -1.481013772411802165e+02
-6.037962951335856587e+00 -1.479575592327671529e+02
-6.009414663149854618e+00 -1.477961720303877655e+02
-5.980866374963866861e+00 -1.476484797757649687e+02
-5.952318086777893313e+00 -1.474923978642552811e+02
-5.923769798591905555e+00 -1.473597364840828448e+02
-5.895221510405917797e+00 -1.472480732727917712e+02
-5.866673222219944250e+00 -1.471808989524847959e+02
-5.838124934033956492e+00 -1.471261110297552648e+02
-5.809576645847954524e+00 -1.470859390475455371e+02
-5.781028357661980976e+00 -1.469773735528965517e+02
-5.752480069475993218e+00 -1.468792808673930210e+02
-5.723931781290005461e+00 -1.467833427219704561e+02
-5.695383493104031913e+00 -1.466712400745489617e+02
-5.666835204918044155e+00 -1.465423277623717411e+02
-5.638286916732056397e+00 -1.464043613297601780e+02
-5.609738628546068639e+00 -1.462432479642356498e+02
-5.581190340360080882e+00 -1.460798784516505009e+02
-5.552642052174093124e+00 -1.459193425295869986e+02
-5.524093763988119576e+00 -1.457925599195529855e+02
-5.495545475802131818e+00 -1.456688471730103629e+02
-5.466997187616144060e+00 -1.455717026863951276e+02
-5.438448899430170513e+00 -1.454968086829989886e+02
-5.409900611244168545e+00 -1.454410066790973133e+02
-5.381352323058180787e+00 -1.453959676425987766e+02
-5.352804034872207239e+00 -1.453282689865642965e+02
-5.324255746686219481e+00 -1.451997930613381413e+02
-5.295707458500231724e+00 -1.450827008794485380e+02
-5.267159170314258176e+00 -1.449423794786375765e+02
-5.238610882128270418e+00 -1.447808038980534775e+02
-5.210062593942268450e+00 -1.446002304843289039e+02
-5.181514305756294902e+00 -1.444217071474707552e+02
-5.152966017570307145e+00 -1.442282471802636792e+02
-5.124417729384319387e+00 -1.440444459096395349e+02
-5.095869441198345839e+00 -1.438815890627603551e+02
-5.067321153012358081e+00 -1.437493355369016683e+02
-5.038772864826370323e+00 -1.436551558194121299e+02
-5.010224576640382566e+00 -1.436037369447403194e+02
-4.981676288454394808e+00 -1.435974250545065729e+02
-4.953128000268407050e+00 -1.436362047195152343e+02
-4.924579712082433502e+00 -1.437291859981597781e+02
-4.896031423896445745e+00 -1.438008071339891671e+02
-4.867483135710457987e+00 -1.439133387371265655e+02
-4.838934847524484439e+00 -1.440621684851125508e+02
-4.810386559338482471e+00 -1.442301750226434081e+02
-4.781838271152494713e+00 -1.444243006670581906e+02
-4.753289982966521166e+00 -1.446283438994062749e+02
-4.724741694780533408e+00 -1.448351292128712373e+02
-4.696193406594545650e+00 -1.450385334068019176e+02
-4.667645118408572102e+00 -1.452334774591093662e+02
-4.639096830222584344e+00 -1.454155491632145640e+02
-4.610548542036582376e+00 -1.455809410843594378e+02
-4.582000253850608829e+00 -1.457255630968853382e+02
-4.553451965664621071e+00 -1.458455401899396975e+02
-4.524903677478633313e+00 -1.459369770341820924e+02
-4.496355389292659765e+00 -1.459962662642181783e+02
-4.467807101106672008e+00 -1.459976157304935214e+02
-4.439258812920684250e+00 -1.458932627148019208e+02
-4.410710524734696492e+00 -1.458020828245757343e+02
-4.382162236548708734e+00 -1.457041724577676405e+02
-4.353613948362720976e+00 -1.456009143816670814e+02
-4.325065660176747429e+00 -1.454957642744909379e+02
-4.296517371990759671e+00 -1.453927121738232415e+02
-4.267969083804771913e+00 -1.452954293513916468e+02
-4.239420795618784155e+00 -1.452067421912591101e+02
-4.210872507432796397e+00 -1.451279869789038344e+02
-4.182324219246808639e+00 -1.450587598477964377e+02
-4.153775931060835092e+00 -1.449969984175017998e+02
-4.125227642874847334e+00 -1.449390795241467345e+02
-4.096679354688859576e+00 -1.448808755532712951e+02
-4.068131066502871818e+00 -1.448177692500814260e+02
-4.039582778316884060e+00 -1.447464049290243224e+02
-4.011034490130910513e+00 -1.446446730071023126e+02
-3.982486201944922755e+00 -1.445370201358746272e+02
-3.953937913758934997e+00 -1.444270194916404080e+02
-3.925389625572947239e+00 -1.443148612308036434e+02
-3.896841337386973692e+00 -1.442039454435671360e+02
-3.868293049200971723e+00 -1.440974701355342518e+02
-3.839744761014998176e+00 -1.439983095676794562e+02
-3.811196472829010418e+00 -1.439083699436045549e+02
-3.782648184643022660e+00 -1.438282502300191652e+02
-3.754099896457034902e+00 -1.437570054391485712e+02
-3.725551608271061355e+00 -1.436923316586872375e+02
-3.697003320085073597e+00 -1.436308942785628915e+02
-3.668455031899085839e+00 -1.435689009370229314e+02
-3.639906743713098081e+00 -1.435027357405687383e+02
-3.611358455527110323e+00 -1.434296336370243523e+02
-3.582810167341136776e+00 -1.433445245451497101e+02
-3.554261879155149018e+00 -1.432379314209715346e+02
-3.525713590969161260e+00 -1.431339927592960350e+02
-3.497165302783173502e+00 -1.430304128410802491e+02
-3.468617014597185744e+00 -1.429293786022750510e+02
-3.440068726411197986e+00 -1.428337341891658809e+02
-3.411520438225224439e+00 -1.427456515362162577e+02
-3.382972150039236681e+00 -1.426664149730127917e+02
-3.354423861853248923e+00 -1.425961072759614012e+02
-3.325875573667261165e+00 -1.425335585538619227e+02
-3.297327285481287618e+00 -1.424764590563306683e+02
-3.268778997295285649e+00 -1.424217369155604160e+02
-3.240230709109312102e+00 -1.423660584578908015e+02
-3.211682420923324344e+00 -1.423063998603886375e+02
-3.183134132737336586e+00 -1.422405882695316564e+02
-3.154585844551363039e+00 -1.421676964073257068e+02
-3.126037556365375281e+00 -1.420780216994382101e+02
-3.097489268179387523e+00 -1.419857764087594205e+02
-3.068940979993399765e+00 -1.418952999539475286e+02
-3.040392691807412007e+00 -1.418080393068813692e+02
-3.011844403621424249e+00 -1.417262987958259259e+02
-2.983296115435450702e+00 -1.416518185645515757e+02
-2.954747827249462944e+00 -1.415854707437262050e+02
-2.926199539063475186e+00 -1.415270539761358464e+02
-2.897651250877487428e+00 -1.414752630413854888e+02
-2.869102962691499670e+00 -1.414278593316296053e+02
-2.840554674505511912e+00 -1.413820141739599023e+02
-2.812006386319538365e+00 -1.413347744177334846e+02
-2.783458098133550607e+00 -1.412835689248080939e+02
-2.754909809947562849e+00 -1.412266689950879766e+02
-2.726361521761589302e+00 -1.411634970311172594e+02
-2.697813233575601544e+00 -1.410931813190697142e+02
-2.669264945389599575e+00 -1.410114174459280605e+02
-2.640716657203626028e+00 -1.409335237599705692e+02
-2.612168369017638270e+00 -1.408592689999247511e+02
-2.583620080831650512e+00 -1.407904926602938360e+02
-2.555071792645676965e+00 -1.407286301389031564e+02
-2.526523504459689207e+00 -1.406742687106458334e+02
-2.497975216273701449e+00 -1.406270124595881157e+02
-2.469426928087713691e+00 -1.405854865495469994e+02
-2.440878639901725933e+00 -1.405475215653673331e+02
-2.412330351715738175e+00 -1.405104890108302413e+02
-2.383782063529764628e+00 -1.404717327804788169e+02
-2.355233775343776870e+00 -1.404290296027336922e+02
-2.326685487157789112e+00 -1.403809829952173800e+02
-2.298137198971801354e+00 -1.403272742358436460e+02
-2.269588910785813596e+00 -1.402687082353663470e+02
-2.241040622599825838e+00 -1.402019049210497315e+02
-2.212492334413852291e+00 -1.401353814151916026e+02
-2.183944046227864533e+00 -1.400729930194375754e+02
-2.155395758041876775e+00 -1.400160765037439319e+02
-2.126847469855889017e+00 -1.399657884005223139e+02
-2.098299181669901259e+00 -1.399225036041264048e+02
-2.069750893483913501e+00 -1.398856828484308039e+02
-2.041202605297939954e+00 -1.398539029931357618e+02
-2.012654317111952196e+00 -1.398250518784257679e+02
-1.984106028925964438e+00 -1.397966559576765349e+02
-1.955557740739990891e+00 -1.397662893529033283e+02
-1.927009452553988922e+00 -1.397319944197890891e+02
-1.898461164368001164e+00 -1.396926296692014660e+02
-1.869912876182027617e+00 -1.396480731562631661e+02
-1.841364587996039859e+00 -1.395992356341684797e+02
-1.812816299810052101e+00 -1.395473288731145374e+02
-1.784268011624078554e+00 -1.394908367417277759e+02
-1.755719723438090796e+00 -1.394394971965133436e+02
-1.727171435252088827e+00 -1.393936240556433859e+02
-1.698623147066115280e+00 -1.393541302527282539e+02
-1.670074858880127522e+00 -1.393212484294553803e+02
-1.641526570694139764e+00 -1.392943278006022467e+02
-1.612978282508166217e+00 -1.392719065761629906e+02
-1.584429994322178459e+00 -1.392519155145053560e+02
-1.555881706136190701e+00 -1.392320009787048321e+02
-1.527333417950202943e+00 -1.392099164189893656e+02
-1.498785129764215185e+00 -1.391839124194422652e+02
-1.470236841578227427e+00 -1.391530486489817520e+02
-1.441688553392253880e+00 -1.391173616001188122e+02
-1.413140265206266122e+00 -1.390778503404536366e+02
-1.384591977020278364e+00 -1.390362852842405630e+02
-1.356043688834304817e+00 -1.389923917994767066e+02
-1.327495400648302848e+00 -1.389512984828894844e+02
-1.298947112462315090e+00 -1.389159058317904964e+02
-1.270398824276341543e+00 -1.388867503274590547e+02
-1.241850536090353785e+00 -1.388638375178180127e+02
-1.213302247904366027e+00 -1.388464884013332892e+02
-1.184753959718392480e+00 -1.388332018436829003e+02
-1.156205671532404722e+00 -1.388219324928157050e+02
-1.127657383346402753e+00 -1.388104121211242727e+02
-1.099109095160429206e+00 -1.387965280370293044e+02
-1.070560806974441448e+00 -1.387786904734726932e+02
-1.042012518788453690e+00 -1.387561158478171706e+02
-1.013464230602480143e+00 -1.387289656420550159e+02
-9.849159424164923848e-01 -1.386983100553935060e+02
-9.563676542305046269e-01 -1.386659246347179533e+02
-9.278193660445168689e-01 -1.386338554749241894e+02
-8.992710778585291109e-01 -1.386019748029436585e+02
-8.707227896725413530e-01 -1.385761291561213682e+02
-8.421745014865678058e-01 -1.385565752939768345e+02
-8.136262133005800479e-01 -1.385419519278068208e+02
-7.850779251145922899e-01 -1.385317556192058817e+02
-7.565296369286187428e-01 -1.385240265363888739e+02
-7.279813487426167740e-01 -1.385161521482698674e+02
-6.994330605566290160e-01 -1.385051566046563494e+02
-6.708847723706554689e-01 -1.384880443529962122e+02
-6.423364841846677109e-01 -1.384621366027069200e+02
-6.137881959986799529e-01 -1.384253349968570603e+02
-5.852399078127064058e-01 -1.383762607166259500e+02
-5.566916196267186479e-01 -1.383142459642618860e+02
-5.281433314407166790e-01 -1.382391937476081694e+02
-4.995950432547431319e-01 -1.381513580360382036e+02
-4.710467550687553739e-01 -1.380501202003664503e+02
-4.424984668827676160e-01 -1.379369504560562518e+02
-4.139501786967940689e-01 -1.378127124676044843e+02
-3.854018905108063109e-01 -1.376769073494475890e+02
-3.568536023248043421e-01 -1.375294079540208543e+02
-3.283053141388307949e-01 -1.373712544315930870e+02
-2.997570259528430370e-01 -1.372039497907001078e+02
-2.712087377668552790e-01 -1.370299587508752666e+02
-2.426604495808817319e-01 -1.368527511544926938e+02
-2.141121613948939739e-01 -1.366766925942359308e+02
-1.855638732088920051e-01 -1.365068005671525668e+02
-1.570155850229184580e-01 -1.363484135190062432e+02
-1.284672968369307000e-01 -1.362068302461182725e+02
-9.991900865094294204e-02 -1.360869706375077897e+02
-7.137072046496939492e-02 -1.359930915432809400e+02
-4.282243227898163695e-02 -1.359285725501736124e+02
-1.427414409299387898e-02 -1.358951528477410591e+02
1.427414409299387898e-02 -1.358951528477410875e+02
4.282243227898163695e-02 -1.359285725501735271e+02
7.137072046496939492e-02 -1.359930915432806557e+02
9.991900865094294204e-02 -1.360869706375087276e+02
1.284672968369307000e-01 -1.362068302461179883e+02
1.570155850229184580e-01 -1.363484135190065558e+02
1.855638732088920051e-01 -1.365068005671519416e+02
2.141121613948939739e-01 -1.366766925942359023e+02
2.426604495808817319e-01 -1.368527511544922390e+02
2.712087377668552790e-01 -1.370299587508748402e+02
2.997570259528430370e-01 -1.372039497907001646e+02
3.283053141388307949e-01 -1.373712544315934281e+02
3.568536023248043421e-01 -1.375294079540211669e+02
3.854018905107921000e-01 -1.376769073494475037e+02
4.139501786967940689e-01 -1.378127124676042854e+02
4.424984668827676160e-01 -1.379369504560558539e+02
4.710467550687553739e-01 -1.380501202003660239e+02
4.995950432547431319e-01 -1.381513580360375499e+02
5.281433314407166790e-01 -1.382391937476085104e+02
5.566916196267044370e-01 -1.383142459642613744e+02
5.852399078126921950e-01 -1.383762607166272574e+02
6.137881959986799529e-01 -1.384253349968560372e+02
6.423364841846677109e-01 -1.384621366027053284e+02
6.708847723706554689e-01 -1.384880443529950469e+02
6.994330605566290160e-01 -1.385051566046572589e+02
7.279813487426167740e-01 -1.385161521482696116e+02
7.565296369286045319e-01 -1.385240265363874528e+02
7.850779251145780790e-01 -1.385317556192043185e+02
8.136262133005800479e-01 -1.385419519278067924e+02
8.421745014865678058e-01 -1.385565752939751576e+02
8.707227896725413530e-01 -1.385761291561212829e+02
8.992710778585291109e-01 -1.386019748029433458e+02
9.278193660445168689e-01 -1.386338554749243315e+02
9.563676542304904160e-01 -1.386659246347165038e+02
9.849159424164781740e-01 -1.386983100553928807e+02
1.013464230602480143e+00 -1.387289656420562949e+02
1.042012518788453690e+00 -1.387561158478171990e+02
1.070560806974441448e+00 -1.387786904734732900e+02
1.099109095160429206e+00 -1.387965280370304413e+02
1.127657383346402753e+00 -1.388104121211239317e+02
1.156205671532390511e+00 -1.388219324928164440e+02
1.184753959718378269e+00 -1.388332018436823603e+02
1.213302247904366027e+00 -1.388464884013337439e+02
1.241850536090353785e+00 -1.388638375178180127e+02
1.270398824276341543e+00 -1.388867503274590263e+02
1.298947112462315090e+00 -1.389159058317904964e+02
1.327495400648302848e+00 -1.389512984828890296e+02
1.356043688834304817e+00 -1.389923917994769340e+02
1.384591977020264153e+00 -1.390362852842398240e+02
1.413140265206266122e+00 -1.390778503404539208e+02
1.441688553392253880e+00 -1.391173616001181585e+02
1.470236841578227427e+00 -1.391530486489817235e+02
1.498785129764215185e+00 -1.391839124194422368e+02
1.527333417950202943e+00 -1.392099164189898488e+02
1.555881706136190701e+00 -1.392320009787054005e+02
1.584429994322164248e+00 -1.392519155145061518e+02
1.612978282508166217e+00 -1.392719065761624222e+02
1.641526570694139764e+00 -1.392943278006025309e+02
1.670074858880127522e+00 -1.393212484294548688e+02
1.698623147066115280e+00 -1.393541302527281971e+02
1.727171435252088827e+00 -1.393936240556436132e+02
1.755719723438090796e+00 -1.394394971965135994e+02
1.784268011624064343e+00 -1.394908367417269233e+02
1.812816299810052101e+00 -1.395473288731141963e+02
1.841364587996039859e+00 -1.395992356341681955e+02
1.869912876182027617e+00 -1.396480731562641893e+02
1.898461164368001164e+00 -1.396926296692013807e+02
1.927009452553988922e+00 -1.397319944197888049e+02
1.955557740739976680e+00 -1.397662893529031862e+02
1.984106028925964438e+00 -1.397966559576752275e+02
2.012654317111952196e+00 -1.398250518784264500e+02
2.041202605297939954e+00 -1.398539029931344544e+02
2.069750893483913501e+00 -1.398856828484308323e+02
2.098299181669901259e+00 -1.399225036041266321e+02
2.126847469855889017e+00 -1.399657884005225696e+02
2.155395758041876775e+00 -1.400160765037445572e+02
2.183944046227864533e+00 -1.400729930194366091e+02
2.212492334413852291e+00 -1.401353814151927395e+02
2.241040622599825838e+00 -1.402019049210501862e+02
2.269588910785813596e+00 -1.402687082353668870e+02
2.298137198971801354e+00 -1.403272742358427365e+02
2.326685487157774901e+00 -1.403809829952163284e+02
2.355233775343776870e+00 -1.404290296027331806e+02
2.383782063529750417e+00 -1.404717327804771116e+02
2.412330351715738175e+00 -1.405104890108299571e+02
2.440878639901725933e+00 -1.405475215653681289e+02
2.469426928087713691e+00 -1.405854865495470278e+02
2.497975216273687238e+00 -1.406270124595863820e+02
2.526523504459674996e+00 -1.406742687106456913e+02
2.555071792645662754e+00 -1.407286301389027585e+02
2.583620080831650512e+00 -1.407904926602941771e+02
2.612168369017638270e+00 -1.408592689999244101e+02
2.640716657203626028e+00 -1.409335237599710808e+02
2.669264945389599575e+00 -1.410114174459277763e+02
2.697813233575587333e+00 -1.410931813190700552e+02
2.726361521761575091e+00 -1.411634970311171458e+02
2.754909809947562849e+00 -1.412266689950893692e+02
2.783458098133550607e+00 -1.412835689248084066e+02
2.812006386319524154e+00 -1.413347744177346215e+02
2.840554674505511912e+00 -1.413820141739595897e+02
2.869102962691499670e+00 -1.414278593316296337e+02
2.897651250877487428e+00 -1.414752630413877910e+02
2.926199539063460975e+00 -1.415270539761353348e+02
2.954747827249462944e+00 -1.415854707437258639e+02
2.983296115435436491e+00 -1.416518185645510641e+02
3.011844403621424249e+00 -1.417262987958258122e+02
3.040392691807412007e+00 -1.418080393068807723e+02
3.068940979993399765e+00 -1.418952999539480970e+02
3.097489268179373312e+00 -1.419857764087592784e+02
3.126037556365361070e+00 -1.420780216994378691e+02
3.154585844551348828e+00 -1.421676964073254226e+02
3.183134132737336586e+00 -1.422405882695313721e+02
3.211682420923324344e+00 -1.423063998603883533e+02
3.240230709109297891e+00 -1.423660584578908868e+02
3.268778997295285649e+00 -1.424217369155618087e+02
3.297327285481287618e+00 -1.424764590563312936e+02
3.325875573667261165e+00 -1.425335585538622354e+02
3.354423861853248923e+00 -1.425961072759621118e+02
3.382972150039236681e+00 -1.426664149730135875e+02
3.411520438225210228e+00 -1.427456515362172809e+02
3.440068726411197986e+00 -1.428337341891660230e+02
3.468617014597185744e+00 -1.429293786022774952e+02
3.497165302783173502e+00 -1.430304128410803628e+02
3.525713590969147049e+00 -1.431339927592966603e+02
3.554261879155149018e+00 -1.432379314209732399e+02
3.582810167341122565e+00 -1.433445245451500512e+02
3.611358455527110323e+00 -1.434296336370245797e+02
3.639906743713098081e+00 -1.435027357405690509e+02
3.668455031899071628e+00 -1.435689009370218230e+02
3.697003320085073597e+00 -1.436308942785638578e+02
3.725551608271047144e+00 -1.436923316586876638e+02
3.754099896457034902e+00 -1.437570054391489123e+02
3.782648184643022660e+00 -1.438282502300188241e+02
3.811196472829010418e+00 -1.439083699436048676e+02
3.839744761014983965e+00 -1.439983095676793994e+02
3.868293049200971723e+00 -1.440974701355343939e+02
3.896841337386973692e+00 -1.442039454435670791e+02
3.925389625572947239e+00 -1.443148612308030181e+02
3.953937913758934997e+00 -1.444270194916403227e+02
3.982486201944922755e+00 -1.445370201358748261e+02
4.011034490130896302e+00 -1.446446730071022273e+02
4.039582778316884060e+00 -1.447464049290250330e+02
4.068131066502871818e+00 -1.448177692500829608e+02
4.096679354688859576e+00 -1.448808755532714656e+02
4.125227642874847334e+00 -1.449390795241471892e+02
4.153775931060835092e+00 -1.449969984175032209e+02
4.182324219246808639e+00 -1.450587598477973472e+02
4.210872507432796397e+00 -1.451279869789046302e+02
4.239420795618784155e+00 -1.452067421912582006e+02
4.267969083804757702e+00 -1.452954293513918458e+02
4.296517371990759671e+00 -1.453927121738236679e+02
4.325065660176747429e+00 -1.454957642744910800e+02
4.353613948362720976e+00 -1.456009143816678488e+02
4.382162236548708734e+00 -1.457041724577684647e+02
4.410710524734696492e+00 -1.458020828245762175e+02
4.439258812920670039e+00 -1.458932627148022050e+02
4.467807101106657797e+00 -1.459976157304938909e+02
4.496355389292659765e+00 -1.459962662642190026e+02
4.524903677478633313e+00 -1.459369770341822630e+02
4.553451965664621071e+00 -1.458455401899396691e+02
4.582000253850608829e+00 -1.457255630968851960e+02
4.610548542036582376e+00 -1.455809410843592389e+02
4.639096830222570134e+00 -1.454155491632157009e+02
4.667645118408557892e+00 -1.452334774591079736e+02
4.696193406594545650e+00 -1.450385334068012639e+02
4.724741694780533408e+00 -1.448351292128696741e+02
4.753289982966521166e+00 -1.446283438994047970e+02
4.781838271152494713e+00 -1.444243006670571390e+02
4.810386559338482471e+00 -1.442301750226416175e+02
4.838934847524470229e+00 -1.440621684851111013e+02
4.867483135710443776e+00 -1.439133387371245192e+02
4.896031423896445745e+00 -1.438008071339878029e+02
4.924579712082433502e+00 -1.437291859981590392e+02
4.953128000268407050e+00 -1.436362047195145237e+02
4.981676288454394808e+00 -1.435974250545065729e+02
5.010224576640382566e+00 -1.436037369447389267e+02
5.038772864826356113e+00 -1.436551558194114477e+02
5.067321153012343871e+00 -1.437493355369008725e+02
5.095869441198345839e+00 -1.438815890627603551e+02
5.124417729384319387e+00 -1.440444459096389664e+02
5.152966017570307145e+00 -1.442282471802641624e+02
5.181514305756294902e+00 -1.444217071474695899e+02
5.210062593942268450e+00 -1.446002304843284207e+02
5.238610882128270418e+00 -1.447808038980516869e+02
5.267159170314243966e+00 -1.449423794786373492e+02
5.295707458500231724e+00 -1.450827008794484811e+02
5.324255746686219481e+00 -1.451997930613379992e+02
5.352804034872207239e+00 -1.453282689865642681e+02
5.381352323058180787e+00 -1.453959676425978955e+02
5.409900611244168545e+00 -1.454410066790971428e+02
5.438448899430170513e+00 -1.454968086829978233e+02
5.466997187616129850e+00 -1.455717026863949854e+02
5.495545475802131818e+00 -1.456688471730096239e+02
5.524093763988119576e+00 -1.457925599195519339e+02
5.552642052174093124e+00 -1.459193425295860322e+02
5.581190340360080882e+00 -1.460798784516498188e+02
5.609738628546068639e+00 -1.462432479642353087e+02
5.638286916732056397e+00 -1.464043613297593254e+02
5.666835204918029945e+00 -1.465423277623706895e+02
5.695383493104031913e+00 -1.466712400745474554e+02
5.723931781290005461e+00 -1.467833427219692624e+02
5.752480069475993218e+00 -1.468792808673930210e+02
5.781028357661980976e+00 -1.469773735528947327e+02
5.809576645847954524e+00 -1.470859390475440307e+02
5.838124934033956492e+00 -1.471261110297542700e+02
5.866673222219930040e+00 -1.471808989524839433e+02
5.895221510405917797e+00 -1.472480732727907480e+02
5.923769798591905555e+00 -1.473597364840820205e+02
5.952318086777893313e+00 -1.474923978642542579e+02
5.980866374963866861e+00 -1.476484797757639456e+02
6.009414663149854618e+00 -1.477961720303862307e+02
6.037962951335856587e+00 -1.479575592327662719e+02
6.066511239521830134e+00 -1.481013772411783975e+02
6.095059527707817892e+00 -1.482115613523428976e+02
6.123607815893805650e+00 -1.483014526654974929e+02
6.152156104079779197e+00 -1.483636194992158721e+02
6.180704392265766955e+00 -1.484118931431708006e+02
6.209252680451754713e+00 -1.484425495566644599e+02
6.237800968637742471e+00 -1.485241067648024966e+02
6.266349256823730229e+00 -1.485515539572620298e+02
6.294897545009717987e+00 -1.485798644831892545e+02
6.323445833195691534e+00 -1.486322325451630206e+02
6.351994121381679292e+00 -1.487098234381134034e+02
6.380542409567667050e+00 -1.488257123205817720e+02
6.409090697753640598e+00 -1.489502239749748185e+02
6.437638985939642566e+00 -1.490729099350042759e+02
6.466187274125630324e+00 -1.491890648173886120e+02
6.494735562311603871e+00 -1.492764209044805739e+02
6.523283850497591629e+00 -1.493300031833719288e+02
6.551832138683579387e+00 -1.493388023560775082e+02
6.580380426869552934e+00 -1.493355975405354457e+02
6.608928715055540692e+00 -1.493145867505811566e+02
6.637477003241542661e+00 -1.493061088844892197e+02
6.666025291427516208e+00 -1.493106937395367879e+02
6.694573579613503966e+00 -1.493508782088074440e+02
6.723121867799491724e+00 -1.493491521254982786e+02
6.751670155985465271e+00 -1.493740286817392189e+02
6.780218444171453029e+00 -1.494353747948547664e+02
6.808766732357440787e+00 -1.495110917838278226e+02
6.837315020543428545e+00 -1.495955486813903406e+02
6.865863308729416303e+00 -1.496707853552439644e+02
6.894411596915404061e+00 -1.497285241481332037e+02
6.922959885101377608e+00 -1.497527594789771683e+02
6.951508173287365366e+00 -1.497488570516642028e+02
6.980056461473353124e+00 -1.497163761741876158e+02
7.008604749659326671e+00 -1.496572087635839807e+02
7.037153037845328640e+00 -1.495961144935153868e+02
7.065701326031316398e+00 -1.495441880100201502e+02
7.094249614217289945e+00 -1.495258911330825526e+02
7.122797902403277703e+00 -1.495496178768615323e+02
7.151346190589265461e+00 -1.495499614657752261e+02
7.179894478775253219e+00 -1.495706162940126092e+02
7.208442766961226766e+00 -1.496127624614896661e+02
7.236991055147228735e+00 -1.496687761685939506e+02
7.265539343333202282e+00 -1.497242451248670818e+02
7.294087631519190040e+00 -1.497701318800259003e+02
7.322635919705177798e+00 -1.497879565803254991e+02
7.351184207891151345e+00 -1.497826739683657991e+02
7.379732496077153314e+00 -1.497375822958369156e+02
7.408280784263126861e+00 -1.496796419144011168e+02
7.436829072449114619e+00 -1.496147744934600325e+02
7.465377360635102377e+00 -1.495448937573272588e+02
7.493925648821090135e+00 -1.494955655295379415e+02
7.522473937007063682e+00 -1.494738135203270986e+02
7.551022225193051440e+00 -1.494810010501808222e+02
7.579570513379053409e+00 -1.495157700495533390e+02
7.608118801565012745e+00 -1.495409938587179965e+02
7.636667089751014714e+00 -1.495840182555799061e+02
7.665215377937002472e+00 -1.496326036600902682e+02
7.693763666122976019e+00 -1.496792552156451848e+02
7.722311954308963777e+00 -1.497040611727966848e+02
7.750860242494951535e+00 -1.497128366164054398e+02
7.779408530680939293e+00 -1.496896034518881606e+02
7.807956818866912840e+00 -1.496512512715775642e+02
7.836505107052914809e+00 -1.495968038304591801e+02
7.865053395238888356e+00 -1.495308152171267011e+02
7.893601683424876114e+00 -1.494828522190664160e+02
7.922149971610863872e+00 -1.494511488673942949e+02
7.950698259796837419e+00 -1.494438305104894482e+02
7.979246547982839388e+00 -1.494611957437497836e+02
8.007794836168827146e+00 -1.495065475063314580e+02
8.036343124354800693e+00 -1.495578736806102427e+02
8.064891412540788451e+00 -1.496116983532716063e+02
8.093439700726776209e+00 -1.496685670415114657e+02
8.121987988912749756e+00 -1.497072080757359629e+02
8.150536277098737514e+00 -1.497382548052952131e+02
8.179084565284739483e+00 -1.497407727638390611e+02
8.207632853470713030e+00 -1.497282354193544620e+02
8.236181141656700788e+00 -1.496984261268165710e+02
8.264729429842688546e+00 -1.496591541011610786e+02
8.293277718028662093e+00 -1.496142771068455488e+02
8.321826006214649851e+00 -1.495885830187355623e+02
8.350374294400637609e+00 -1.495792364437483570e+02
8.378922582586625367e+00 -1.495950502437464706e+02
8.407470870772613125e+00 -1.496348796899488036e+02
8.436019158958600883e+00 -1.496937275211253109e+02
8.464567447144574430e+00 -1.497691806606557350e+02
8.493115735330562188e+00 -1.498401071257781894e+02
8.521664023516549946e+00 -1.499036537878790796e+02
8.550212311702523493e+00 -1.499596965781595941e+02
8.578760599888525462e+00 -1.499901373592296920e+02
8.607308888074513220e+00 -1.500015491511665005e+02
8.635857176260486767e+00 -1.499984693647840857e+02
8.664405464446474525e+00 -1.499821043267699281e+02
8.692953752632462283e+00 -1.499563531014146633e+02
8.721502040818435830e+00 -1.499403425011691127e+02
8.750050329004423588e+00 -1.499363416447349664e+02
8.778598617190411346e+00 -1.499548909971117610e+02
8.807146905376399104e+00 -1.499963294001956342e+02
8.835695193562386862e+00 -1.500603071573619616e+02
8.864243481748374620e+00 -1.501433207909529983e+02
8.892791769934348167e+00 -1.502339910513740335e+02
8.921340058120335925e+00 -1.503213283677222876e+02
8.949888346306323683e+00 -1.504021303846263606e+02
8.978436634492311441e+00 -1.504678077846929511e+02
9.006984922678299199e+00 -1.505046296826899663e+02
9.035533210864286957e+00 -1.505261644295127326e+02
9.064081499050260504e+00 -1.505266850472197291e+02
9.092629787236248262e+00 -1.505246888072701665e+02
9.121178075422236020e+00 -1.505213775045539251e+02
9.149726363608209567e+00 -1.505250894258897745e+02
9.178274651794211536e+00 -1.505466038129660262e+02
9.206822939980185083e+00 -1.505940182377452174e+02
9.235371228166172841e+00 -1.506632385545855186e+02
9.263919516352160599e+00 -1.507561585345678452e+02
9.292467804538148357e+00 -1.508546423433598989e+02
9.321016092724136115e+00 -1.509646676797024725e+02
9.349564380910109662e+00 -1.510691948957755528e+02
9.378112669096097420e+00 -1.511617915744423328e+02
9.406660957282085178e+00 -1.512252153962876946e+02
9.435209245468072936e+00 -1.512747699456449482e+02
9.463757533654060694e+00 -1.512952712403669580e+02
9.492305821840034241e+00 -1.513072396315268406e+02
9.520854110026036210e+00 -1.513092296668110066e+02
9.549402398212009757e+00 -1.513193787395199479e+02
9.577950686397997515e+00 -1.513410993215196640e+02
9.606498974583985273e+00 -1.513871503821712281e+02
9.635047262769958820e+00 -1.514579894666270832e+02
9.663595550955946578e+00 -1.515547273303769771e+02
9.692143839141934336e+00 -1.516727104744639973e+02
9.720692127327922094e+00 -1.517910587109562925e+02
9.749240415513895641e+00 -1.519220119127971884e+02
9.777788703699897610e+00 -1.520258963166836566e+02
9.806336991885871157e+00 -1.521219401249041709e+02
9.834885280071858915e+00 -1.521927655879333656e+02
9.863433568257846673e+00 -1.522294965057686795e+02
9.891981856443834431e+00 -1.522472603284538764e+02
9.920530144629822189e+00 -1.522567321976670200e+02
9.949078432815809947e+00 -1.522617557778823425e+02
9.977626721001783494e+00 -1.522784729737669238e+02
1.000617500918777125e+01 -1.523050007830113088e+02
1.003472329737375901e+01 -1.523678522222025151e+02
1.006327158555973256e+01 -1.524581366147930623e+02
1.009181987374572032e+01 -1.525749395734046061e+02
1.012036816193172228e+01 -1.526963578176961391e+02
1.014891645011769583e+01 -1.528371283526808497e+02
1.017746473830368359e+01 -1.529595404938330887e+02
1.020601302648967135e+01 -1.530760109785004488e+02
1.023456131467564489e+01 -1.531480340536358256e+02
1.026310960286163265e+01 -1.531998419722299332e+02
1.029165789104762041e+01 -1.532138416453936429e+02
1.032020617923360817e+01 -1.532098682262377167e+02
1.034875446741959593e+01 -1.531996440932370831e+02
1.037730275560558368e+01 -1.531923637761312591e+02
1.040585104379155723e+01 -1.531931616088195085e+02
1.043439933197754499e+01 -1.532290841431069452e+02
1.046294762016353275e+01 -1.532952211793241588e+02
1.049149590834950629e+01 -1.533893730042106256e+02
1.052004419653550826e+01 -1.534931442524115539e+02
1.054859248472149602e+01 -1.536208178655134589e+02
1.057714077290746957e+01 -1.537358008669698677e+02
1.060568906109345733e+01 -1.538458936997284070e+02
1.063423734927944508e+01 -1.539252763370576815e+02
1.066278563746541863e+01 -1.539691950968610854e+02
1.069133392565140639e+01 -1.539732823842144001e+02
1.071988221383740836e+01 -1.539401531374235788e+02
1.074843050202338191e+01 -1.538965524219015890e+02
1.077697879020936966e+01 -1.538532930432105559e+02
1.080552707839535742e+01 -1.538221177247166338e+02
1.083407536658133097e+01 -1.538015810407163713e+02
1.086262365476731873e+01 -1.538200076362049913e+02
1.089117194295330648e+01 -1.538556521480497281e+02
1.091972023113929424e+01 -1.539275181523102560e+02
1.094826851932528200e+01 -1.540047164318653188e+02
1.097681680751126976e+01 -1.540943895420629701e+02
1.100536509569724331e+01 -1.541727328542552300e+02
1.103391338388323106e+01 -1.542222285402363013e+02
1.106246167206921882e+01 -1.542471664684825328e+02
1.109100996025519237e+01 -1.542329055729031779e+02
1.111955824844119434e+01 -1.541890053732283832e+02
1.114810653662718209e+01 -1.541128118355290155e+02
1.117665482481315564e+01 -1.540297466239353241e+02
1.120520311299914340e+01 -1.539514117665196409e+02
1.123375140118513116e+01 -1.538828270194895822e+02
1.126229968937111892e+01 -1.538461866201917019e+02
1.129084797755709246e+01 -1.538281902860950652e+02
1.131939626574309443e+01 -1.538426172155039922e+02
1.134794455392906798e+01 -1.538687584919031224e+02
1.137649284211505574e+01 -1.539130029847240735e+02
1.140504113030104349e+01 -1.539452301912008068e+02
1.143358941848701704e+01 -1.539671950849329392e+02
1.146213770667301901e+01 -1.539589470826154809e+02
1.149068599485899256e+01 -1.539275572601837894e+02
1.151923428304498032e+01 -1.538661923453055351e+02
1.154778257123096807e+01 -1.537836384135814285e+02
1.157633085941695583e+01 -1.536938643703928733e+02
1.160487914760292938e+01 -1.535823725643895443e+02
1.163342743578891714e+01 -1.534884299002362695e+02
1.166197572397491911e+01 -1.534082263032347555e+02
1.169052401216087844e+01 -1.533555729147440729e+02
1.171907230034688041e+01 -1.533321223710130425e+02
1.174762058853286817e+01 -1.533194260283664221e+02
1.177616887671884172e+01 -1.533161521453349110e+02
1.180471716490482947e+01 -1.533239797911955407e+02
1.183326545309081723e+01 -1.533165651791028665e+02
1.186181374127680499e+01 -1.533001266928394557e+02
1.189036202946279275e+01 -1.532587015957426786e+02
1.191891031764878051e+01 -1.531984202219940983e+02
1.194745860583475405e+01 -1.531159925786578810e+02
1.197600689402074181e+01 -1.530244599092856959e+02
1.200455518220672957e+01 -1.529294074732991078e+02
1.203310347039270312e+01 -1.528326352465076639e+02
1.206165175857870508e+01 -1.527405588591533956e+02
1.209020004676469284e+01 -1.526770792364505667e+02
1.211874833495066639e+01 -1.526242144705286137e+02
1.214729662313665415e+01 -1.525887808265916021e+02
1.217584491132264191e+01 -1.525746925049815275e+02
1.220439319950861545e+01 -1.525611534765164663e+02
1.223294148769460321e+01 -1.525515750606146241e+02
1.226148977588060518e+01 -1.525266781868566852e+02
1.229003806406657873e+01 -1.524903635587001531e+02
1.231858635225256648e+01 -1.524463679361793425e+02
1.234713464043855424e+01 -1.523801631047939225e+02
1.237568292862452779e+01 -1.523000244897746995e+02
1.240423121681051555e+01 -1.522155091997024954e+02
1.243277950499650331e+01 -1.521312570366480941e+02
1.246132779318249106e+01 -1.520667090655278741e+02
1.248987608136847882e+01 -1.519934475713423865e+02
1.251842436955446658e+01 -1.519369396652346040e+02
1.254697265774044013e+01 -1.519019885687206397e+02
1.257552094592642788e+01 -1.518743686595485940e+02
1.260406923411241564e+01 -1.518619266190914345e+02
1.263261752229838919e+01 -1.518513635008324627e+02
1.266116581048439116e+01 -1.518375751178364510e+02
1.268971409867037892e+01 -1.518146566329314737e+02
1.271826238685635246e+01 -1.517870923703218295e+02
1.274681067504234022e+01 -1.517412866499733468e+02
1.277535896322832798e+01 -1.516828653343097812e+02
1.280390725141430153e+01 -1.516173557744421032e+02
1.283245553960028928e+01 -1.515565532917732412e+02
1.286100382778629125e+01 -1.514916862218978792e+02
1.288955211597226480e+01 -1.514407150860438946e+02
1.291810040415825256e+01 -1.513941064016784992e+02
1.294664869234424032e+01 -1.513622194158489833e+02
1.297519698053021386e+01 -1.513377814478704977e+02
1.300374526871620162e+01 -1.513285192373209611e+02
1.303229355690218938e+01 -1.513236102776921257e+02
1.306084184508817714e+01 -1.513204841542205372e+02
1.308939013327416490e+01 -1.513185442495210111e+02
1.311793842146015265e+01 -1.513041263109588215e+02
1.314648670964612620e+01 -1.512795950272405605e+02
1.317503499783211396e+01 -1.512450817646560211e+02
1.320358328601811593e+01 -1.512056086451245278e+02
1.323213157420407526e+01 -1.511579195219037501e+02
1.326067986239007723e+01 -1.511153559572645122e+02
1.328922815057606499e+01 -1.510720450115995845e+02
1.331777643876203854e+01 -1.510393432139310619e+02
1.334632472694802630e+01 -1.510165878111652091e+02
1.337487301513401405e+01 -1.510031977221767079e+02
1.340342130332000181e+01 -1.510009530749722444e+02
1.343196959150597536e+01 -1.510047958848224994e+02
1.346051787969197733e+01 -1.510164089045980234e+02
1.348906616787795087e+01 -1.510246390848121791e+02
1.351761445606393863e+01 -1.510293514494690044e+02
1.354616274424992639e+01 -1.510261904678241649e+02
1.357471103243589994e+01 -1.510193932324330319e+02
1.360325932062190191e+01 -1.509998321181201106e+02
1.363180760880787545e+01 -1.509783628624438165e+02
1.366035589699386321e+01 -1.509470178455706275e+02
1.368890418517985097e+01 -1.509237461315935889e+02
1.371745247336583873e+01 -1.509023095315378953e+02
1.374600076155181227e+01 -1.508897350684044341e+02
1.377454904973780003e+01 -1.508865016555263026e+02
1.380309733792380200e+01 -1.508931901569182230e+02
1.383164562610976134e+01 -1.509113259382415322e+02
1.386019391429576331e+01 -1.509318622826639853e+02
1.388874220248175106e+01 -1.509553040792845024e+02
1.391729049066772461e+01 -1.509778137003953020e+02
1.394583877885371237e+01 -1.509996341695447200e+02
1.397438706703970013e+01 -1.510068796207544040e+02
1.400293535522568789e+01 -1.510142688612437780e+02
1.403148364341167564e+01 -1.510114276103698217e+02
1.406003193159766340e+01 -1.510030063765406965e+02
1.408858021978363695e+01 -1.509967962053593169e+02
1.411712850796962471e+01 -1.509888916702517179e+02
1.414567679615561246e+01 -1.509893817444152830e+02
1.417422508434158601e+01 -1.509959446292949963e+02
1.420277337252758798e+01 -1.510137564861174724e+02
1.423132166071357574e+01 -1.510396851700709249e+02
1.425986994889954929e+01 -1.510733928178899816e+02
