-1.425986994889954929e+01 -1.510733816437734447e+02
-1.423132166071357574e+01 -1.510396739931580044e+02
-1.420277337252758798e+01 -1.510137452799959021e+02
-1.417422508434160022e+01 -1.509959333665580630e+02
-1.414567679615561246e+01 -1.509893703891814312e+02
-1.411712850796962471e+01 -1.509888801995872427e+02
-1.408858021978363695e+01 -1.509967845896295273e+02
-1.406003193159766340e+01 -1.510029946125975755e+02
-1.403148364341167564e+01 -1.510114156845219497e+02
-1.400293535522568789e+01 -1.510142567812571031e+02
-1.397438706703971434e+01 -1.510068674081471727e+02
-1.394583877885371237e+01 -1.509996218174453588e+02
-1.391729049066772461e+01 -1.509778012443812258e+02
-1.388874220248175106e+01 -1.509552915161285966e+02
-1.386019391429576331e+01 -1.509318496101816436e+02
-1.383164562610977555e+01 -1.509113131433292381e+02
-1.380309733792380200e+01 -1.508931772280514565e+02
-1.377454904973780003e+01 -1.508864885540319847e+02
-1.374600076155181227e+01 -1.508897217592465552e+02
-1.371745247336583873e+01 -1.509022959803857304e+02
-1.368890418517985097e+01 -1.509237323043899437e+02
-1.366035589699386321e+01 -1.509470037297261626e+02
-1.363180760880788966e+01 -1.509783484246108003e+02
-1.360325932062190191e+01 -1.509998173844934684e+02
-1.357471103243589994e+01 -1.510193782040763324e+02
-1.354616274424992639e+01 -1.510261751848825327e+02
-1.351761445606393863e+01 -1.510293359129514101e+02
-1.348906616787795087e+01 -1.510246233166089382e+02
-1.346051787969197733e+01 -1.510163929167445360e+02
-1.343196959150598957e+01 -1.510047796900288972e+02
-1.340342130332000181e+01 -1.510009366449520769e+02
-1.337487301513401405e+01 -1.510031810345248573e+02
-1.334632472694802630e+01 -1.510165708233180055e+02
-1.331777643876203854e+01 -1.510393258888317973e+02
-1.328922815057606499e+01 -1.510720273083749134e+02
-1.326067986239007723e+01 -1.511153378304243802e+02
-1.323213157420408947e+01 -1.511579009721861553e+02
-1.320358328601811593e+01 -1.512055896486087363e+02
-1.317503499783211396e+01 -1.512450623563627232e+02
-1.314648670964612620e+01 -1.512795752305277972e+02
-1.311793842146015265e+01 -1.513041061746544926e+02
-1.308939013327416490e+01 -1.513185238262317682e+02
-1.306084184508817714e+01 -1.513204635105607849e+02
-1.303229355690220359e+01 -1.513235894173170948e+02
-1.300374526871621583e+01 -1.513284981614552862e+02
-1.297519698053021386e+01 -1.513377601325206285e+02
-1.294664869234424032e+01 -1.513621977924545092e+02
-1.291810040415825256e+01 -1.513940844415158153e+02
-1.288955211597226480e+01 -1.514406927219946226e+02
-1.286100382778629125e+01 -1.514916634379337097e+02
-1.283245553960030350e+01 -1.515565300203428762e+02
-1.280390725141431574e+01 -1.516173320424323094e+02
-1.277535896322832798e+01 -1.516828411217547057e+02
-1.274681067504234022e+01 -1.517412620030412995e+02
-1.271826238685635246e+01 -1.517870673696948529e+02
-1.268971409867037892e+01 -1.518146313954629250e+02
-1.266116581048439116e+01 -1.518375496839803986e+02
-1.263261752229840340e+01 -1.518513379380323727e+02
-1.260406923411241564e+01 -1.518619009604784651e+02
-1.257552094592642788e+01 -1.518743429077863709e+02
-1.254697265774044013e+01 -1.519019626465425006e+02
-1.251842436955446658e+01 -1.519369135402561142e+02
-1.248987608136847882e+01 -1.519934211229814878e+02
-1.246132779318249106e+01 -1.520666821973849778e+02
-1.243277950499651752e+01 -1.521312297860047806e+02
-1.240423121681051555e+01 -1.522154814454544294e+02
-1.237568292862452779e+01 -1.522999962284820015e+02
-1.234713464043855424e+01 -1.523801343622286026e+02
-1.231858635225256648e+01 -1.524463388020742514e+02
-1.229003806406657873e+01 -1.524903341806665651e+02
-1.226148977588060518e+01 -1.525266486153458061e+02
-1.223294148769461742e+01 -1.525515453703117998e+02
-1.220439319950861545e+01 -1.525611237672222273e+02
-1.217584491132264191e+01 -1.525746627422436177e+02
-1.214729662313665415e+01 -1.525887509964767901e+02
-1.211874833495066639e+01 -1.526241844125718501e+02
-1.209020004676469284e+01 -1.526770488109830808e+02
-1.206165175857870508e+01 -1.527405279669061713e+02
-1.203310347039271733e+01 -1.528326036501414649e+02
-1.200455518220672957e+01 -1.529293750951308652e+02
-1.197600689402074181e+01 -1.530244267126326179e+02
-1.194745860583475405e+01 -1.531159585360948654e+02
-1.191891031764878051e+01 -1.531983853367061670e+02
-1.189036202946279275e+01 -1.532586659748394879e+02
-1.186181374127680499e+01 -1.533000904351909526e+02
-1.183326545309081723e+01 -1.533165284394754622e+02
-1.180471716490482947e+01 -1.533239425929201047e+02
-1.177616887671884172e+01 -1.533161145656916062e+02
-1.174762058853286817e+01 -1.533193879162124915e+02
-1.171907230034688041e+01 -1.533320835840141001e+02
-1.169052401216089265e+01 -1.533555332918345186e+02
-1.166197572397491911e+01 -1.534081855018178544e+02
-1.163342743578891714e+01 -1.534883875663770425e+02
-1.160487914760292938e+01 -1.535823284502632475e+02
-1.157633085941695583e+01 -1.536938181647564932e+02
-1.154778257123096807e+01 -1.537835902102117984e+02
-1.151923428304498032e+01 -1.538661420954415746e+02
-1.149068599485900677e+01 -1.539275050894431729e+02
-1.146213770667301901e+01 -1.539588932520971980e+02
-1.143358941848701704e+01 -1.539671398041772363e+02
-1.140504113030104349e+01 -1.539451737877693063e+02
-1.137649284211505574e+01 -1.539129455298606501e+02
-1.134794455392906798e+01 -1.538687001158302508e+02
-1.131939626574309443e+01 -1.538425576518175717e+02
-1.129084797755710667e+01 -1.538281293496770559e+02
-1.126229968937111892e+01 -1.538461238227525314e+02
-1.123375140118513116e+01 -1.538827620438860606e+02
-1.120520311299914340e+01 -1.539513440670083639e+02
-1.117665482481315564e+01 -1.540296759623152525e+02
-1.114810653662718209e+01 -1.541127380450784017e+02
-1.111955824844119434e+01 -1.541889284893984495e+02
-1.109100996025520658e+01 -1.542328261202508770e+02
-1.106246167206923303e+01 -1.542470849885503981e+02
-1.103391338388323106e+01 -1.542221458082624679e+02
-1.100536509569724331e+01 -1.541726494072315461e+02
-1.097681680751126976e+01 -1.540943060188937181e+02
-1.094826851932528200e+01 -1.540046331425770347e+02
-1.091972023113929424e+01 -1.539274349536446493e+02
-1.089117194295332069e+01 -1.538555690375705183e+02
-1.086262365476733294e+01 -1.538199240126898246e+02
-1.083407536658134518e+01 -1.538014966690071788e+02
-1.080552707839535742e+01 -1.538220319439525667e+02
-1.077697879020936966e+01 -1.538532057319496005e+02
-1.074843050202338191e+01 -1.538964634236691893e+02
-1.071988221383740836e+01 -1.539400625324381338e+02
-1.069133392565142060e+01 -1.539731904856603819e+02
-1.066278563746543284e+01 -1.539691027995386321e+02
-1.063423734927944508e+01 -1.539251845989857372e+02
-1.060568906109345733e+01 -1.538458033658855868e+02
-1.057714077290746957e+01 -1.537357126408910801e+02
-1.054859248472149602e+01 -1.536207318834629234e+02
-1.052004419653550826e+01 -1.534930607791994532e+02
-1.049149590834952050e+01 -1.533892915850796612e+02
-1.046294762016353275e+01 -1.532951416406566807e+02
-1.043439933197754499e+01 -1.532290059781666685e+02
-1.040585104379157144e+01 -1.531930842826259891e+02
-1.037730275560558368e+01 -1.531922866677059005e+02
-1.034875446741959593e+01 -1.531995670480411320e+02
-1.032020617923360817e+01 -1.532097911607687877e+02
-1.029165789104763462e+01 -1.532137646249124145e+02
-1.026310960286163265e+01 -1.531997652476036080e+02
-1.023456131467565910e+01 -1.531479581977455382e+02
-1.020601302648967135e+01 -1.530759362202561249e+02
-1.017746473830368359e+01 -1.529594674387336966e+02
-1.014891645011769583e+01 -1.528370569129375838e+02
-1.012036816193172228e+01 -1.526962880903233781e+02
-1.009181987374573453e+01 -1.525748710375908104e+02
-1.006327158555974677e+01 -1.524580689911596778e+02
-1.003472329737375901e+01 -1.523677848926473359e+02
-1.000617500918777125e+01 -1.523049331160552242e+02
-9.977626721001797705e+00 -1.522784041845681884e+02
-9.949078432815809947e+00 -1.522616854742082353e+02
-9.920530144629822189e+00 -1.522566599367246738e+02
-9.891981856443834431e+00 -1.522471859200718995e+02
-9.863433568257846673e+00 -1.522294198291050975e+02
-9.834885280071858915e+00 -1.521926867280288889e+02
-9.806336991885885368e+00 -1.521218594814281175e+02
-9.777788703699897610e+00 -1.520258141794213316e+02
-9.749240415513909852e+00 -1.519219282826660162e+02
-9.720692127327922094e+00 -1.517909739950724770e+02
-9.692143839141934336e+00 -1.516726243427744407e+02
-9.663595550955946578e+00 -1.515546397142708770e+02
-9.635047262769973031e+00 -1.514578998949641289e+02
-9.606498974583985273e+00 -1.513870582843699708e+02
-9.577950686397997515e+00 -1.513410041346422759e+02
-9.549402398212023968e+00 -1.513192798876197003e+02
-9.520854110026036210e+00 -1.513091268455851264e+02
-9.492305821840034241e+00 -1.513071326216791590e+02
-9.463757533654060694e+00 -1.512951602978817789e+02
-9.435209245468072936e+00 -1.512746553515547419e+02
-9.406660957282085178e+00 -1.512250980455868046e+02
-9.378112669096111631e+00 -1.511616720337557922e+02
-9.349564380910123873e+00 -1.510690742092212417e+02
-9.321016092724136115e+00 -1.509645464570916715e+02
-9.292467804538148357e+00 -1.508545210366307572e+02
-9.263919516352160599e+00 -1.507560371328173972e+02
-9.235371228166172841e+00 -1.506631172232644360e+02
-9.206822939980199294e+00 -1.505938966424608338e+02
-9.178274651794211536e+00 -1.505464816753610364e+02
-9.149726363608223778e+00 -1.505249663503901445e+02
-9.121178075422250231e+00 -1.505212533179320076e+02
-9.092629787236248262e+00 -1.505245636391357777e+02
-9.064081499050260504e+00 -1.505265592646048276e+02
-9.035533210864286957e+00 -1.505260384277141554e+02
-9.006984922678299199e+00 -1.505045043765173887e+02
-8.978436634492311441e+00 -1.504676838872829876e+02
-8.949888346306337894e+00 -1.504020089349014881e+02
-8.921340058120350136e+00 -1.503212099312367513e+02
-8.892791769934348167e+00 -1.502338758760897406e+02
-8.864243481748374620e+00 -1.501432089636452076e+02
-8.835695193562386862e+00 -1.500601984141443950e+02
-8.807146905376399104e+00 -1.499962231432873239e+02
-8.778598617190425557e+00 -1.499547864992665041e+02
-8.750050329004437799e+00 -1.499362381134990869e+02
-8.721502040818450041e+00 -1.499402390741568638e+02
-8.692953752632462283e+00 -1.499562490662750349e+02
-8.664405464446474525e+00 -1.499819989068416817e+02
-8.635857176260486767e+00 -1.499983621227421509e+02
-8.607308888074513220e+00 -1.500014396345699765e+02
-8.578760599888525462e+00 -1.499900250469934235e+02
-8.550212311702537704e+00 -1.499595809867571461e+02
-8.521664023516549946e+00 -1.499035345632045448e+02
-8.493115735330562188e+00 -1.498399833953159259e+02
-8.464567447144574430e+00 -1.497690515196299827e+02
-8.436019158958600883e+00 -1.496935919696848316e+02
-8.407470870772613125e+00 -1.496347360350163740e+02
-8.378922582586625367e+00 -1.495948965995352751e+02
-8.350374294400651820e+00 -1.495790705877614073e+02
-8.321826006214649851e+00 -1.495884024579123093e+02
-8.293277718028662093e+00 -1.496140794646827601e+02
-8.264729429842688546e+00 -1.496589366377158115e+02
-8.236181141656700788e+00 -1.496981871787753562e+02
-8.207632853470713030e+00 -1.497279736422956091e+02
-8.179084565284739483e+00 -1.497404875179579165e+02
-8.150536277098751725e+00 -1.497379456625932335e+02
-8.121987988912749756e+00 -1.497068760204601858e+02
-8.093439700726776209e+00 -1.496682119776760373e+02
-8.064891412540788451e+00 -1.496113214316005724e+02
-8.036343124354800693e+00 -1.495574745986218659e+02
-8.007794836168827146e+00 -1.495061262027720090e+02
-7.979246547982839388e+00 -1.494607520084060752e+02
-7.950698259796837419e+00 -1.494433619242611258e+02
-7.922149971610863872e+00 -1.494506531754387311e+02
-7.893601683424876114e+00 -1.494823270238282191e+02
-7.865053395238888356e+00 -1.495302589659433465e+02
-7.836505107052914809e+00 -1.495962146982423633e+02
-7.807956818866927051e+00 -1.496506315885061156e+02
-7.779408530680939293e+00 -1.496889567901219493e+02
-7.750860242494951535e+00 -1.497121670011543699e+02
-7.722311954308963777e+00 -1.497033758100648413e+02
-7.693763666122976019e+00 -1.496785592830694895e+02
-7.665215377937002472e+00 -1.496319034948452327e+02
-7.636667089751014714e+00 -1.495833170578393947e+02
-7.608118801565026956e+00 -1.495402935641805016e+02
-7.579570513379053409e+00 -1.495150705154753723e+02
-7.551022225193051440e+00 -1.494803063795537810e+02
-7.522473937007063682e+00 -1.494731216535660110e+02
-7.493925648821090135e+00 -1.494948739651727578e+02
-7.465377360635102377e+00 -1.495441998891497235e+02
-7.436829072449114619e+00 -1.496140764009988686e+02
-7.408280784263141072e+00 -1.496789412518177755e+02
-7.379732496077153314e+00 -1.497368804017872037e+02
-7.351184207891151345e+00 -1.497819723753332823e+02
-7.322635919705177798e+00 -1.497872602600614016e+02
-7.294087631519190040e+00 -1.497694420580025678e+02
-7.265539343333202282e+00 -1.497235627012532291e+02
-7.236991055147228735e+00 -1.496680980759326474e+02
-7.208442766961240977e+00 -1.496120832642979224e+02
-7.179894478775253219e+00 -1.495699273673302514e+02
-7.151346190589265461e+00 -1.495492519091452550e+02
-7.122797902403277703e+00 -1.495488756739517271e+02
-7.094249614217289945e+00 -1.495251106116615176e+02
-7.065701326031316398e+00 -1.495433507483084838e+02
-7.037153037845328640e+00 -1.495952010880845364e+02
-7.008604749659340882e+00 -1.496562024083800111e+02
-6.980056461473367335e+00 -1.497152610213818775e+02
-6.951508173287365366e+00 -1.497476232993996348e+02
-6.922959885101377608e+00 -1.497513994380414886e+02
-6.894411596915404061e+00 -1.497270323477118836e+02
-6.865863308729416303e+00 -1.496691613104820533e+02
-6.837315020543428545e+00 -1.495937894548989675e+02
-6.808766732357454998e+00 -1.495091937941278104e+02
-6.780218444171467240e+00 -1.494333285112297176e+02
-6.751670155985465271e+00 -1.493718226145943788e+02
-6.723121867799491724e+00 -1.493467630588036457e+02
-6.694573579613503966e+00 -1.493482862973563101e+02
-6.666025291427516208e+00 -1.493079217471484128e+02
-6.637477003241542661e+00 -1.493031347080223838e+02
-6.608928715055554903e+00 -1.493114026528835154e+02
-6.580380426869567145e+00 -1.493321973036423742e+02
-6.551832138683579387e+00 -1.493352063063564685e+02
-6.523283850497591629e+00 -1.493262322535862268e+02
-6.494735562311603871e+00 -1.492725300877846166e+02
-6.466187274125630324e+00 -1.491851052361539587e+02
-6.437638985939642566e+00 -1.490689313951299937e+02
-6.409090697753654808e+00 -1.489462570836487885e+02
-6.380542409567667050e+00 -1.488217834230465542e+02
-6.351994121381679292e+00 -1.487059489288842258e+02
-6.323445833195691534e+00 -1.486284019542617898e+02
-6.294897545009717987e+00 -1.485760786841765366e+02
-6.266349256823730229e+00 -1.485478139241675990e+02
-6.237800968637742471e+00 -1.485204316393293027e+02
-6.209252680451754713e+00 -1.484390003664999824e+02
-6.180704392265766955e+00 -1.484084388008901669e+02
-6.152156104079779197e+00 -1.483602794880843021e+02
-6.123607815893805650e+00 -1.482982351827044170e+02
-6.095059527707817892e+00 -1.482084749036919789e+02
-6.066511239521830134e+00 -1.480984135928287344e+02
-6.037962951335856587e+00 -1.479547075100291806e+02
-6.009414663149854618e+00 -1.477933991611847091e+02
-5.980866374963866861e+00 -1.476457229557073845e+02
-5.952318086777893313e+00 -1.474895991411839304e+02
-5.923769798591905555e+00 -1.473568077951935038e+02
-5.895221510405917797e+00 -1.472449162465683230e+02
-5.866673222219944250e+00 -1.471773820242816271e+02
-5.838124934033956492e+00 -1.471221073319886159e+02
-5.809576645847954524e+00 -1.470813004655412328e+02
-5.781028357661980976e+00 -1.469720327032374598e+02
-5.752480069475993218e+00 -1.468731486366390868e+02
-5.723931781290005461e+00 -1.467758944898206721e+02
-5.695383493104031913e+00 -1.466608641942049474e+02
-5.666835204918044155e+00 -1.465278347100763483e+02
-5.638286916732056397e+00 -1.463842750668806332e+02
-5.609738628546068639e+00 -1.462159326260136254e+02
-5.581190340360080882e+00 -1.460434312271241879e+02
-5.552642052174093124e+00 -1.458717105561105143e+02
-5.524093763988119576e+00 -1.457312732905012638e+02
-5.495545475802131818e+00 -1.455918567530888765e+02
-5.466997187616144060e+00 -1.454768690975188292e+02
-5.438448899430170513e+00 -1.453825120373236928e+02
-5.409900611244168545e+00 -1.453064842299887687e+02
-5.381352323058180787e+00 -1.452418837432476266e+02
-5.352804034872207239e+00 -1.451581400552155969e+02
-5.324255746686219481e+00 -1.450207436904838687e+02
-5.295707458500231724e+00 -1.449010169404891997e+02
-5.267159170314258176e+00 -1.447656044799679762e+02
-5.238610882128270418e+00 -1.446171281986314625e+02
-5.210062593942268450e+00 -1.444571772377046273e+02
-5.181514305756294902e+00 -1.443041549105092827e+02
-5.152966017570307145e+00 -1.441384293725246550e+02
-5.124417729384319387e+00 -1.439797685796945643e+02
-5.095869441198345839e+00 -1.438343472667288268e+02
-5.067321153012358081e+00 -1.437061353976646956e+02
-5.038772864826370323e+00 -1.435963999904314505e+02
-5.010224576640382566e+00 -1.435032203392252086e+02
-4.981676288454394808e+00 -1.434221955459424294e+02
-4.953128000268407050e+00 -1.433469509690447694e+02
-4.924579712082433502e+00 -1.432803335821842268e+02
-4.896031423896445745e+00 -1.431524102321812677e+02
-4.867483135710457987e+00 -1.430214622768726542e+02
-4.838934847524484439e+00 -1.428860768880803391e+02
-4.810386559338482471e+00 -1.427374814237383305e+02
-4.781838271152494713e+00 -1.425893011760559261e+02
-4.753289982966521166e+00 -1.424391457032612323e+02
-4.724741694780533408e+00 -1.422920699014634920e+02
-4.696193406594545650e+00 -1.421531365434260579e+02
-4.667645118408572102e+00 -1.420263630486960551e+02
-4.639096830222584344e+00 -1.419138964425700067e+02
-4.610548542036582376e+00 -1.418157647678505100e+02
-4.582000253850608829e+00 -1.417296194564311520e+02
-4.553451965664621071e+00 -1.416513629499317801e+02
-4.524903677478633313e+00 -1.415756402566201473e+02
-4.496355389292659765e+00 -1.414966947028794664e+02
-4.467807101106672008e+00 -1.414013705844452886e+02
-4.439258812920684250e+00 -1.412704076181955202e+02
-4.410710524734696492e+00 -1.411430778874583893e+02
-4.382162236548708734e+00 -1.410113873062772143e+02
-4.353613948362720976e+00 -1.408767723655721511e+02
-4.325065660176747429e+00 -1.407428459027141230e+02
-4.296517371990759671e+00 -1.406135785143283670e+02
-4.267969083804771913e+00 -1.404926546934162275e+02
-4.239420795618784155e+00 -1.403827635885776033e+02
-4.210872507432796397e+00 -1.402850310481601355e+02
-4.182324219246808639e+00 -1.401987896363101243e+02
-4.153775931060835092e+00 -1.401216646530936600e+02
-4.125227642874847334e+00 -1.400498589674054983e+02
-4.096679354688859576e+00 -1.399789131281870880e+02
-4.068131066502871818e+00 -1.399042356592721887e+02
-4.039582778316884060e+00 -1.398222180001546064e+02
-4.011034490130910513e+00 -1.397104308403058042e+02
-3.982486201944922755e+00 -1.395937577433910519e+02
-3.953937913758934997e+00 -1.394757483324525538e+02
-3.925389625572947239e+00 -1.393565112273884381e+02
-3.896841337386973692e+00 -1.392393942666038811e+02
-3.868293049200971723e+00 -1.391275295952357851e+02
-3.839744761014998176e+00 -1.390237140112989493e+02
-3.811196472829010418e+00 -1.389297823132288272e+02
-3.782648184643022660e+00 -1.388462306654500082e+02
-3.754099896457034902e+00 -1.387720478898521606e+02
-3.725551608271061355e+00 -1.387048577063339394e+02
-3.697003320085073597e+00 -1.386412689432812329e+02
-3.668455031899085839e+00 -1.385774336115432277e+02
-3.639906743713098081e+00 -1.385096990159842676e+02
-3.611358455527110323e+00 -1.384352675825705319e+02
-3.582810167341136776e+00 -1.383490381959790625e+02
-3.554261879155149018e+00 -1.382415058294640460e+02
-3.525713590969161260e+00 -1.381368070528567955e+02
-3.497165302783173502e+00 -1.380326181665275271e+02
-3.468617014597185744e+00 -1.379311096352155914e+02
-3.440068726411197986e+00 -1.378350888198319808e+02
-3.411520438225224439e+00 -1.377467171017356407e+02
-3.382972150039236681e+00 -1.376672633029742769e+02
-3.354423861853248923e+00 -1.375967999767945855e+02
-3.325875573667261165e+00 -1.375341365654206527e+02
-3.297327285481287618e+00 -1.374769580476841213e+02
-3.268778997295285649e+00 -1.374221849238689970e+02
-3.240230709109312102e+00 -1.373664755179437975e+02
-3.211682420923324344e+00 -1.373067998959006388e+02
-3.183134132737336586e+00 -1.372409808922552088e+02
-3.154585844551363039e+00 -1.371680881582827851e+02
-3.126037556365375281e+00 -1.370784139079368913e+02
-3.097489268179387523e+00 -1.369861709086783321e+02
-3.068940979993399765e+00 -1.368956957635808465e+02
-3.040392691807412007e+00 -1.368084359590988583e+02
-3.011844403621424249e+00 -1.367266937130429767e+02
-2.983296115435450702e+00 -1.366522097273185068e+02
-2.954747827249462944e+00 -1.365858564540586713e+02
-2.926199539063475186e+00 -1.365274318986323863e+02
-2.897651250877487428e+00 -1.364756307547508811e+02
-2.869102962691499670e+00 -1.364282147388214526e+02
-2.840554674505511912e+00 -1.363823555444726594e+02
-2.812006386319538365e+00 -1.363350996410644029e+02
-2.783458098133550607e+00 -1.362838766003418982e+02
-2.754909809947562849e+00 -1.362269577914690331e+02
-2.726361521761589302e+00 -1.361637661172642595e+02
-2.697813233575601544e+00 -1.360934304540723190e+02
-2.669264945389599575e+00 -1.360116468276326600e+02
-2.640716657203626028e+00 -1.359337341252714850e+02
-2.612168369017638270e+00 -1.358594617079622253e+02
-2.583620080831650512e+00 -1.357906691291715333e+02
-2.555071792645676965e+00 -1.357287920790408862e+02
-2.526523504459689207e+00 -1.356744179170200937e+02
-2.497975216273701449e+00 -1.356271503922120587e+02
-2.469426928087713691e+00 -1.355856147399917973e+02
-2.440878639901725933e+00 -1.355476416967735815e+02
-2.412330351715738175e+00 -1.355106022248852753e+02
-2.383782063529764628e+00 -1.354718403683074825e+02
-2.355233775343776870e+00 -1.354291324402150281e+02
-2.326685487157789112e+00 -1.353810821802701980e+02
-2.298137198971801354e+00 -1.353273705310355695e+02
-2.269588910785813596e+00 -1.352688022257138130e+02
-2.241040622599825838e+00 -1.352019972062431066e+02
-2.212492334413852291e+00 -1.351354723889602951e+02
-2.183944046227864533e+00 -1.350730831952713515e+02
-2.155395758041876775e+00 -1.350161662495776511e+02
-2.126847469855889017e+00 -1.349658778989561654e+02
-2.098299181669901259e+00 -1.349225931423878819e+02
-2.069750893483913501e+00 -1.348857724348098373e+02
-2.041202605297939954e+00 -1.348539926327709111e+02
-2.012654317111952196e+00 -1.348251414434600690e+02
-1.984106028925964438e+00 -1.347967451297782020e+02
-1.955557740739990891e+00 -1.347663778940227814e+02
-1.927009452553988922e+00 -1.347320819284167044e+02
-1.898461164368001164e+00 -1.346927157151463348e+02
-1.869912876182027617e+00 -1.346481573596138617e+02
-1.841364587996039859e+00 -1.345993175592551268e+02
-1.812816299810052101e+00 -1.345474082678088621e+02
-1.784268011624078554e+00 -1.344909132687264162e+02
-1.755719723438090796e+00 -1.344395707449392603e+02
-1.727171435252088827e+00 -1.343936945474755191e+02
-1.698623147066115280e+00 -1.343541976610997324e+02
-1.670074858880127522e+00 -1.343213127464187266e+02
-1.641526570694139764e+00 -1.342943890082962923e+02
-1.612978282508166217e+00 -1.342719647443721556e+02
-1.584429994322178459e+00 -1.342519706597819322e+02
-1.555881706136190701e+00 -1.342320531124325385e+02
-1.527333417950202943e+00 -1.342099655759897701e+02
-1.498785129764215185e+00 -1.341839586646240718e+02
-1.470236841578227427e+00 -1.341530920884439979e+02
-1.441688553392253880e+00 -1.341174023051838731e+02
-1.413140265206266122e+00 -1.340778885041577269e+02
-1.384591977020278364e+00 -1.340363210452398732e+02
-1.356043688834304817e+00 -1.339924254078385673e+02
-1.327495400648302848e+00 -1.339513300984895068e+02
-1.298947112462315090e+00 -1.339159357606282015e+02
-1.270398824276341543e+00 -1.338867788220466082e+02
-1.241850536090353785e+00 -1.338638648027562112e+02
-1.213302247904366027e+00 -1.338465146948089739e+02
-1.184753959718392480e+00 -1.338332273393309322e+02
-1.156205671532404722e+00 -1.338219573627559384e+02
-1.127657383346402753e+00 -1.338104365097060224e+02
-1.099109095160429206e+00 -1.337965520733430935e+02
-1.070560806974441448e+00 -1.337787142403950895e+02
-1.042012518788453690e+00 -1.337561394092277851e+02
-1.013464230602480143e+00 -1.337289890679128916e+02
-9.849159424164923848e-01 -1.336983333844085564e+02
-9.563676542305046269e-01 -1.336659479145459386e+02
-9.278193660445168689e-01 -1.336338787246221500e+02
-8.992710778585291109e-01 -1.336019980604554291e+02
-8.707227896725413530e-01 -1.335761524737912680e+02
-8.421745014865678058e-01 -1.335565986615022496e+02
-8.136262133005800479e-01 -1.335419753503123559e+02
-7.850779251145922899e-01 -1.335317790907669178e+02
-7.565296369286187428e-01 -1.335240500296075083e+02
-7.279813487426167740e-01 -1.335161756178405597e+02
-6.994330605566290160e-01 -1.335051799683637626e+02
-6.708847723706554689e-01 -1.334880675453192680e+02
-6.423364841846677109e-01 -1.334621595184789271e+02
-6.137881959986799529e-01 -1.334253575228431146e+02
-5.852399078127064058e-01 -1.333762827386904632e+02
-5.566916196267186479e-01 -1.333142673688163313e+02
-5.281433314407166790e-01 -1.332392144506668785e+02
-4.995950432547431319e-01 -1.331513779550609797e+02
-4.710467550687553739e-01 -1.330501392693507228e+02
-4.424984668827676160e-01 -1.329369686244402260e+02
-4.139501786967940689e-01 -1.328127297097133521e+02
-3.854018905108063109e-01 -1.326769236415350406e+02
-3.568536023248043421e-01 -1.325294232887309818e+02
-3.283053141388307949e-01 -1.323712688165966256e+02
-2.997570259528430370e-01 -1.322039632619199097e+02
-2.712087377668552790e-01 -1.320299713363547482e+02
-2.426604495808817319e-01 -1.318527629152922600e+02
-2.141121613948939739e-01 -1.316767035986387953e+02
-1.855638732088920051e-01 -1.315068109008313684e+02
-1.570155850229184580e-01 -1.313484232674628345e+02
-1.284672968369307000e-01 -1.312068394982221093e+02
-9.991900865094294204e-02 -1.310869794923175107e+02
-7.137072046496939492e-02 -1.309931001019927805e+02
-4.282243227898163695e-02 -1.309285809054183574e+02
-1.427414409299387898e-02 -1.308951611099556374e+02
1.427414409299387898e-02 -1.308951611099556658e+02
4.282243227898163695e-02 -1.309285809054182721e+02
7.137072046496939492e-02 -1.309931001019924963e+02
9.991900865094294204e-02 -1.310869794923184770e+02
1.284672968369307000e-01 -1.312068394982218251e+02
1.570155850229184580e-01 -1.313484232674631187e+02
1.855638732088920051e-01 -1.315068109008307715e+02
2.141121613948939739e-01 -1.316767035986387668e+02
2.426604495808817319e-01 -1.318527629152918053e+02
2.712087377668552790e-01 -1.320299713363543219e+02
2.997570259528430370e-01 -1.322039632619199949e+02
3.283053141388307949e-01 -1.323712688165969666e+02
3.568536023248043421e-01 -1.325294232887312660e+02
3.854018905107921000e-01 -1.326769236415349553e+02
4.139501786967940689e-01 -1.328127297097131247e+02
4.424984668827676160e-01 -1.329369686244397997e+02
4.710467550687553739e-01 -1.330501392693503533e+02
4.995950432547431319e-01 -1.331513779550603545e+02
5.281433314407166790e-01 -1.332392144506672196e+02
5.566916196267044370e-01 -1.333142673688158482e+02
5.852399078126921950e-01 -1.333762827386917422e+02
6.137881959986799529e-01 -1.334253575228420914e+02
6.423364841846677109e-01 -1.334621595184773639e+02
6.708847723706554689e-01 -1.334880675453181027e+02
6.994330605566290160e-01 -1.335051799683647005e+02
7.279813487426167740e-01 -1.335161756178403039e+02
7.565296369286045319e-01 -1.335240500296060588e+02
7.850779251145780790e-01 -1.335317790907653261e+02
8.136262133005800479e-01 -1.335419753503123559e+02
8.421745014865678058e-01 -1.335565986615005727e+02
8.707227896725413530e-01 -1.335761524737911827e+02
8.992710778585291109e-01 -1.336019980604551165e+02
9.278193660445168689e-01 -1.336338787246222921e+02
9.563676542304904160e-01 -1.336659479145445175e+02
9.849159424164781740e-01 -1.336983333844079596e+02
1.013464230602480143e+00 -1.337289890679141706e+02
1.042012518788453690e+00 -1.337561394092278420e+02
1.070560806974441448e+00 -1.337787142403956864e+02
1.099109095160429206e+00 -1.337965520733442588e+02
1.127657383346402753e+00 -1.338104365097057098e+02
1.156205671532390511e+00 -1.338219573627566774e+02
1.184753959718378269e+00 -1.338332273393303922e+02
1.213302247904366027e+00 -1.338465146948094286e+02
1.241850536090353785e+00 -1.338638648027562397e+02
1.270398824276341543e+00 -1.338867788220465798e+02
1.298947112462315090e+00 -1.339159357606281731e+02
1.327495400648302848e+00 -1.339513300984890805e+02
1.356043688834304817e+00 -1.339924254078388230e+02
1.384591977020264153e+00 -1.340363210452391627e+02
1.413140265206266122e+00 -1.340778885041579827e+02
1.441688553392253880e+00 -1.341174023051832478e+02
1.470236841578227427e+00 -1.341530920884439411e+02
1.498785129764215185e+00 -1.341839586646240434e+02
1.527333417950202943e+00 -1.342099655759902248e+02
1.555881706136190701e+00 -1.342320531124331069e+02
1.584429994322164248e+00 -1.342519706597826996e+02
1.612978282508166217e+00 -1.342719647443715871e+02
1.641526570694139764e+00 -1.342943890082965481e+02
1.670074858880127522e+00 -1.343213127464181582e+02
1.698623147066115280e+00 -1.343541976610996471e+02
1.727171435252088827e+00 -1.343936945474757465e+02
1.755719723438090796e+00 -1.344395707449394877e+02
1.784268011624064343e+00 -1.344909132687255351e+02
1.812816299810052101e+00 -1.345474082678085495e+02
1.841364587996039859e+00 -1.345993175592548141e+02
1.869912876182027617e+00 -1.346481573596148564e+02
1.898461164368001164e+00 -1.346927157151462495e+02
1.927009452553988922e+00 -1.347320819284164202e+02
1.955557740739976680e+00 -1.347663778940226109e+02
1.984106028925964438e+00 -1.347967451297768662e+02
2.012654317111952196e+00 -1.348251414434607796e+02
2.041202605297939954e+00 -1.348539926327695753e+02
2.069750893483913501e+00 -1.348857724348098657e+02
2.098299181669901259e+00 -1.349225931423880809e+02
2.126847469855889017e+00 -1.349658778989563928e+02
2.155395758041876775e+00 -1.350161662495782480e+02
2.183944046227864533e+00 -1.350730831952703852e+02
2.212492334413852291e+00 -1.351354723889614036e+02
2.241040622599825838e+00 -1.352019972062435613e+02
2.269588910785813596e+00 -1.352688022257143814e+02
2.298137198971801354e+00 -1.353273705310346600e+02
2.326685487157774901e+00 -1.353810821802691180e+02
2.355233775343776870e+00 -1.354291324402145165e+02
2.383782063529750417e+00 -1.354718403683057772e+02
2.412330351715738175e+00 -1.355106022248849911e+02
2.440878639901725933e+00 -1.355476416967743774e+02
2.469426928087713691e+00 -1.355856147399918541e+02
2.497975216273687238e+00 -1.356271503922102966e+02
2.526523504459674996e+00 -1.356744179170199516e+02
2.555071792645662754e+00 -1.357287920790404883e+02
2.583620080831650512e+00 -1.357906691291719028e+02
2.612168369017638270e+00 -1.358594617079618843e+02
2.640716657203626028e+00 -1.359337341252719966e+02
2.669264945389599575e+00 -1.360116468276323758e+02
2.697813233575587333e+00 -1.360934304540726885e+02
2.726361521761575091e+00 -1.361637661172641742e+02
2.754909809947562849e+00 -1.362269577914703973e+02
2.783458098133550607e+00 -1.362838766003421824e+02
2.812006386319524154e+00 -1.363350996410654830e+02
2.840554674505511912e+00 -1.363823555444723183e+02
2.869102962691499670e+00 -1.364282147388215094e+02
2.897651250877487428e+00 -1.364756307547531549e+02
2.926199539063460975e+00 -1.365274318986318747e+02
2.954747827249462944e+00 -1.365858564540583302e+02
2.983296115435436491e+00 -1.366522097273179952e+02
3.011844403621424249e+00 -1.367266937130428346e+02
3.040392691807412007e+00 -1.368084359590982331e+02
3.068940979993399765e+00 -1.368956957635813865e+02
3.097489268179373312e+00 -1.369861709086782184e+02
3.126037556365361070e+00 -1.370784139079365502e+02
3.154585844551348828e+00 -1.371680881582825009e+02
3.183134132737336586e+00 -1.372409808922548962e+02
3.211682420923324344e+00 -1.373067998959003262e+02
3.240230709109297891e+00 -1.373664755179438828e+02
3.268778997295285649e+00 -1.374221849238703612e+02
3.297327285481287618e+00 -1.374769580476847466e+02
3.325875573667261165e+00 -1.375341365654209653e+02
3.354423861853248923e+00 -1.375967999767952961e+02
3.382972150039236681e+00 -1.376672633029750727e+02
3.411520438225210228e+00 -1.377467171017366638e+02
3.440068726411197986e+00 -1.378350888198321513e+02
3.468617014597185744e+00 -1.379311096352180357e+02
3.497165302783173502e+00 -1.380326181665276408e+02
3.525713590969147049e+00 -1.381368070528574208e+02
3.554261879155149018e+00 -1.382415058294657513e+02
3.582810167341122565e+00 -1.383490381959794320e+02
3.611358455527110323e+00 -1.384352675825707593e+02
3.639906743713098081e+00 -1.385096990159846086e+02
3.668455031899071628e+00 -1.385774336115420908e+02
3.697003320085073597e+00 -1.386412689432821992e+02
3.725551608271047144e+00 -1.387048577063343942e+02
3.754099896457034902e+00 -1.387720478898525016e+02
3.782648184643022660e+00 -1.388462306654496388e+02
3.811196472829010418e+00 -1.389297823132291398e+02
3.839744761014983965e+00 -1.390237140112989209e+02
3.868293049200971723e+00 -1.391275295952359556e+02
3.896841337386973692e+00 -1.392393942666038527e+02
3.925389625572947239e+00 -1.393565112273877844e+02
3.953937913758934997e+00 -1.394757483324524685e+02
3.982486201944922755e+00 -1.395937577433912509e+02
4.011034490130896302e+00 -1.397104308403057189e+02
4.039582778316884060e+00 -1.398222180001553454e+02
4.068131066502871818e+00 -1.399042356592737519e+02
4.096679354688859576e+00 -1.399789131281872869e+02
4.125227642874847334e+00 -1.400498589674059815e+02
4.153775931060835092e+00 -1.401216646530951380e+02
4.182324219246808639e+00 -1.401987896363110622e+02
4.210872507432796397e+00 -1.402850310481609313e+02
4.239420795618784155e+00 -1.403827635885766369e+02
4.267969083804757702e+00 -1.404926546934164548e+02
4.296517371990759671e+00 -1.406135785143288501e+02
4.325065660176747429e+00 -1.407428459027142935e+02
4.353613948362720976e+00 -1.408767723655729753e+02
4.382162236548708734e+00 -1.410113873062781522e+02
4.410710524734696492e+00 -1.411430778874589294e+02
4.439258812920670039e+00 -1.412704076181958612e+02
4.467807101106657797e+00 -1.414013705844456865e+02
4.496355389292659765e+00 -1.414966947028805180e+02
4.524903677478633313e+00 -1.415756402566208578e+02
4.553451965664621071e+00 -1.416513629499321496e+02
4.582000253850608829e+00 -1.417296194564315499e+02
4.610548542036582376e+00 -1.418157647678507089e+02
4.639096830222570134e+00 -1.419138964425719109e+02
4.667645118408557892e+00 -1.420263630486947477e+02
4.696193406594545650e+00 -1.421531365434259726e+02
4.724741694780533408e+00 -1.422920699014624688e+02
4.753289982966521166e+00 -1.424391457032605501e+02
4.781838271152494713e+00 -1.425893011760554145e+02
4.810386559338482471e+00 -1.427374814237372220e+02
4.838934847524470229e+00 -1.428860768880790317e+02
4.867483135710443776e+00 -1.430214622768709773e+02
4.896031423896445745e+00 -1.431524102321801877e+02
4.924579712082433502e+00 -1.432803335821836299e+02
4.953128000268407050e+00 -1.433469509690442010e+02
4.981676288454394808e+00 -1.434221955459424294e+02
5.010224576640382566e+00 -1.435032203392238443e+02
5.038772864826356113e+00 -1.435963999904307968e+02
5.067321153012343871e+00 -1.437061353976639282e+02
5.095869441198345839e+00 -1.438343472667288552e+02
5.124417729384319387e+00 -1.439797685796940243e+02
5.152966017570307145e+00 -1.441384293725250814e+02
5.181514305756294902e+00 -1.443041549105081458e+02
5.210062593942268450e+00 -1.444571772377041157e+02
5.238610882128270418e+00 -1.446171281986296719e+02
5.267159170314243966e+00 -1.447656044799677488e+02
5.295707458500231724e+00 -1.449010169404891144e+02
5.324255746686219481e+00 -1.450207436904836982e+02
5.352804034872207239e+00 -1.451581400552156254e+02
5.381352323058180787e+00 -1.452418837432467740e+02
5.409900611244168545e+00 -1.453064842299886550e+02
5.438448899430170513e+00 -1.453825120373225559e+02
5.466997187616129850e+00 -1.454768690975186587e+02
5.495545475802131818e+00 -1.455918567530881660e+02
5.524093763988119576e+00 -1.457312732905002406e+02
5.552642052174093124e+00 -1.458717105561095764e+02
5.581190340360080882e+00 -1.460434312271235058e+02
5.609738628546068639e+00 -1.462159326260132843e+02
5.638286916732056397e+00 -1.463842750668798089e+02
5.666835204918029945e+00 -1.465278347100752967e+02
5.695383493104031913e+00 -1.466608641942034410e+02
5.723931781290005461e+00 -1.467758944898194784e+02
5.752480069475993218e+00 -1.468731486366390868e+02
5.781028357661980976e+00 -1.469720327032356693e+02
5.809576645847954524e+00 -1.470813004655397833e+02
5.838124934033956492e+00 -1.471221073319875927e+02
5.866673222219930040e+00 -1.471773820242807744e+02
5.895221510405917797e+00 -1.472449162465672998e+02
5.923769798591905555e+00 -1.473568077951926512e+02
5.952318086777893313e+00 -1.474895991411829641e+02
5.980866374963866861e+00 -1.476457229557063897e+02
6.009414663149854618e+00 -1.477933991611832028e+02
6.037962951335856587e+00 -1.479547075100282996e+02
6.066511239521830134e+00 -1.480984135928269438e+02
6.095059527707817892e+00 -1.482084749036905009e+02
6.123607815893805650e+00 -1.482982351827028538e+02
6.152156104079779197e+00 -1.483602794880832221e+02
6.180704392265766955e+00 -1.484084388008885185e+02
6.209252680451754713e+00 -1.484390003664993856e+02
6.237800968637742471e+00 -1.485204316393279953e+02
6.266349256823730229e+00 -1.485478139241664621e+02
6.294897545009717987e+00 -1.485760786841759966e+02
6.323445833195691534e+00 -1.486284019542604824e+02
6.351994121381679292e+00 -1.487059489288832026e+02
6.380542409567667050e+00 -1.488217834230453889e+02
6.409090697753640598e+00 -1.489462570836473958e+02
6.437638985939642566e+00 -1.490689313951300221e+02
6.466187274125630324e+00 -1.491851052361533334e+02
6.494735562311603871e+00 -1.492725300877842471e+02
6.523283850497591629e+00 -1.493262322535861131e+02
6.551832138683579387e+00 -1.493352063063568949e+02
6.580380426869552934e+00 -1.493321973036418910e+02
6.608928715055540692e+00 -1.493114026528832312e+02
6.637477003241542661e+00 -1.493031347080223554e+02
6.666025291427516208e+00 -1.493079217471484412e+02
6.694573579613503966e+00 -1.493482862973561396e+02
6.723121867799491724e+00 -1.493467630588032762e+02
6.751670155985465271e+00 -1.493718226145938957e+02
6.780218444171453029e+00 -1.494333285112293481e+02
6.808766732357440787e+00 -1.495091937941264746e+02
6.837315020543428545e+00 -1.495937894548984843e+02
6.865863308729416303e+00 -1.496691613104829912e+02
6.894411596915404061e+00 -1.497270323477117699e+02
6.922959885101377608e+00 -1.497513994380421423e+02
6.951508173287365366e+00 -1.497476232993996632e+02
6.980056461473353124e+00 -1.497152610213817638e+02
7.008604749659326671e+00 -1.496562024083806364e+02
7.037153037845328640e+00 -1.495952010880844512e+02
7.065701326031316398e+00 -1.495433507483078586e+02
7.094249614217289945e+00 -1.495251106116618871e+02
7.122797902403277703e+00 -1.495488756739513008e+02
7.151346190589265461e+00 -1.495492519091453403e+02
7.179894478775253219e+00 -1.495699273673303367e+02
7.208442766961226766e+00 -1.496120832642984908e+02
7.236991055147228735e+00 -1.496680980759331874e+02
7.265539343333202282e+00 -1.497235627012529449e+02
7.294087631519190040e+00 -1.497694420580028805e+02
7.322635919705177798e+00 -1.497872602600615721e+02
7.351184207891151345e+00 -1.497819723753335097e+02
7.379732496077153314e+00 -1.497368804017871753e+02
7.408280784263126861e+00 -1.496789412518182587e+02
7.436829072449114619e+00 -1.496140764009985276e+02
7.465377360635102377e+00 -1.495441998891493824e+02
7.493925648821090135e+00 -1.494948739651724452e+02
7.522473937007063682e+00 -1.494731216535662099e+02
7.551022225193051440e+00 -1.494803063795532410e+02
7.579570513379053409e+00 -1.495150705154759692e+02
7.608118801565012745e+00 -1.495402935641810132e+02
7.636667089751014714e+00 -1.495833170578391673e+02
7.665215377937002472e+00 -1.496319034948450053e+02
7.693763666122976019e+00 -1.496785592830704275e+02
7.722311954308963777e+00 -1.497033758100647276e+02
7.750860242494951535e+00 -1.497121670011556489e+02
7.779408530680939293e+00 -1.496889567901226030e+02
7.807956818866912840e+00 -1.496506315885059735e+02
7.836505107052914809e+00 -1.495962146982422212e+02
7.865053395238888356e+00 -1.495302589659431192e+02
7.893601683424876114e+00 -1.494823270238284749e+02
7.922149971610863872e+00 -1.494506531754389016e+02
7.950698259796837419e+00 -1.494433619242606142e+02
7.979246547982839388e+00 -1.494607520084061036e+02
8.007794836168827146e+00 -1.495061262027733733e+02
8.036343124354800693e+00 -1.495574745986231733e+02
8.064891412540788451e+00 -1.496113214315998050e+02
8.093439700726776209e+00 -1.496682119776764637e+02
8.121987988912749756e+00 -1.497068760204599300e+02
8.150536277098737514e+00 -1.497379456625938872e+02
8.179084565284739483e+00 -1.497404875179579449e+02
8.207632853470713030e+00 -1.497279736422958365e+02
8.236181141656700788e+00 -1.496981871787748446e+02
8.264729429842688546e+00 -1.496589366377152714e+02
8.293277718028662093e+00 -1.496140794646834706e+02
8.321826006214649851e+00 -1.495884024579110871e+02
8.350374294400637609e+00 -1.495790705877608957e+02
8.378922582586625367e+00 -1.495948965995359572e+02
8.407470870772613125e+00 -1.496347360350156634e+02
8.436019158958600883e+00 -1.496935919696846611e+02
8.464567447144574430e+00 -1.497690515196304943e+02
8.493115735330562188e+00 -1.498399833953146754e+02
8.521664023516549946e+00 -1.499035345632048291e+02
8.550212311702523493e+00 -1.499595809867573450e+02
8.578760599888525462e+00 -1.499900250469934520e+02
8.607308888074513220e+00 -1.500014396345702892e+02
8.635857176260486767e+00 -1.499983621227421224e+02
8.664405464446474525e+00 -1.499819989068416817e+02
8.692953752632462283e+00 -1.499562490662744096e+02
8.721502040818435830e+00 -1.499402390741570912e+02
8.750050329004423588e+00 -1.499362381134984048e+02
8.778598617190411346e+00 -1.499547864992671862e+02
8.807146905376399104e+00 -1.499962231432866417e+02
8.835695193562386862e+00 -1.500601984141436560e+02
8.864243481748374620e+00 -1.501432089636447529e+02
8.892791769934348167e+00 -1.502338758760888311e+02
8.921340058120335925e+00 -1.503212099312375756e+02
8.949888346306323683e+00 -1.504020089349008913e+02
8.978436634492311441e+00 -1.504676838872815097e+02
9.006984922678299199e+00 -1.505045043765164507e+02
9.035533210864286957e+00 -1.505260384277129333e+02
9.064081499050260504e+00 -1.505265592646039181e+02
9.092629787236248262e+00 -1.505245636391362893e+02
9.121178075422236020e+00 -1.505212533179312686e+02
9.149726363608209567e+00 -1.505249663503908835e+02
9.178274651794211536e+00 -1.505464816753602975e+02
9.206822939980185083e+00 -1.505938966424608338e+02
9.235371228166172841e+00 -1.506631172232643792e+02
9.263919516352160599e+00 -1.507560371328173119e+02
9.292467804538148357e+00 -1.508545210366311551e+02
9.321016092724136115e+00 -1.509645464570919557e+02
9.349564380910109662e+00 -1.510690742092208154e+02
9.378112669096097420e+00 -1.511616720337561901e+02
9.406660957282085178e+00 -1.512250980455868330e+02
9.435209245468072936e+00 -1.512746553515549692e+02
9.463757533654060694e+00 -1.512951602978819494e+02
9.492305821840034241e+00 -1.513071326216786758e+02
9.520854110026036210e+00 -1.513091268455853253e+02
9.549402398212009757e+00 -1.513192798876197855e+02
9.577950686397997515e+00 -1.513410041346422759e+02
9.606498974583985273e+00 -1.513870582843699140e+02
9.635047262769958820e+00 -1.514578998949646973e+02
9.663595550955946578e+00 -1.515546397142711328e+02
9.692143839141934336e+00 -1.516726243427739291e+02
9.720692127327922094e+00 -1.517909739950722496e+02
9.749240415513895641e+00 -1.519219282826649078e+02
9.777788703699897610e+00 -1.520258141794207347e+02
9.806336991885871157e+00 -1.521218594814270659e+02
9.834885280071858915e+00 -1.521926867280274394e+02
9.863433568257846673e+00 -1.522294198291041027e+02
9.891981856443834431e+00 -1.522471859200713311e+02
9.920530144629822189e+00 -1.522566599367241906e+02
9.949078432815809947e+00 -1.522616854742076669e+02
9.977626721001783494e+00 -1.522784041845688421e+02
1.000617500918777125e+01 -1.523049331160546842e+02
1.003472329737375901e+01 -1.523677848926467391e+02
1.006327158555973256e+01 -1.524580689911597347e+02
1.009181987374572032e+01 -1.525748710375913504e+02
1.012036816193172228e+01 -1.526962880903234918e+02
1.014891645011769583e+01 -1.528370569129372711e+02
1.017746473830368359e+01 -1.529594674387333271e+02
1.020601302648967135e+01 -1.530759362202559828e+02
1.023456131467564489e+01 -1.531479581977451687e+02
1.026310960286163265e+01 -1.531997652476037501e+02
1.029165789104762041e+01 -1.532137646249123293e+02
1.032020617923360817e+01 -1.532097911607688161e+02
1.034875446741959593e+01 -1.531995670480410183e+02
1.037730275560558368e+01 -1.531922866677068100e+02
1.040585104379155723e+01 -1.531930842826260744e+02
1.043439933197754499e+01 -1.532290059781661569e+02
1.046294762016353275e+01 -1.532951416406558280e+02
1.049149590834950629e+01 -1.533892915850794338e+02
1.052004419653550826e+01 -1.534930607791988848e+02
1.054859248472149602e+01 -1.536207318834626676e+02
1.057714077290746957e+01 -1.537357126408909949e+02
1.060568906109345733e+01 -1.538458033658847341e+02
1.063423734927944508e+01 -1.539251845989857941e+02
1.066278563746541863e+01 -1.539691027995381774e+02
1.069133392565140639e+01 -1.539731904856592166e+02
1.071988221383740836e+01 -1.539400625324382190e+02
1.074843050202338191e+01 -1.538964634236685640e+02
1.077697879020936966e+01 -1.538532057319490889e+02
1.080552707839535742e+01 -1.538220319439522541e+02
1.083407536658133097e+01 -1.538014966690067240e+02
1.086262365476731873e+01 -1.538199240126901373e+02
1.089117194295330648e+01 -1.538555690375702909e+02
1.091972023113929424e+01 -1.539274349536439104e+02
1.094826851932528200e+01 -1.540046331425770063e+02
1.097681680751126976e+01 -1.540943060188943434e+02
1.100536509569724331e+01 -1.541726494072316314e+02
1.103391338388323106e+01 -1.542221458082620700e+02
1.106246167206921882e+01 -1.542470849885496023e+02
1.109100996025519237e+01 -1.542328261202508486e+02
1.111955824844119434e+01 -1.541889284893980516e+02
1.114810653662718209e+01 -1.541127380450781175e+02
1.117665482481315564e+01 -1.540296759623145988e+02
1.120520311299914340e+01 -1.539513440670084492e+02
1.123375140118513116e+01 -1.538827620438862027e+02
1.126229968937111892e+01 -1.538461238227529861e+02
1.129084797755709246e+01 -1.538281293496772264e+02
1.131939626574309443e+01 -1.538425576518177138e+02
1.134794455392906798e+01 -1.538687001158299381e+02
1.137649284211505574e+01 -1.539129455298601385e+02
1.140504113030104349e+01 -1.539451737877690221e+02
1.143358941848701704e+01 -1.539671398041777479e+02
1.146213770667301901e+01 -1.539588932520985338e+02
1.149068599485899256e+01 -1.539275050894439119e+02
1.151923428304498032e+01 -1.538661420954413472e+02
1.154778257123096807e+01 -1.537835902102114005e+02
1.157633085941695583e+01 -1.536938181647565784e+02
1.160487914760292938e+01 -1.535823284502632760e+02
1.163342743578891714e+01 -1.534883875663773551e+02
1.166197572397491911e+01 -1.534081855018181386e+02
1.169052401216087844e+01 -1.533555332918344902e+02
1.171907230034688041e+01 -1.533320835840140717e+02
1.174762058853286817e+01 -1.533193879162118094e+02
1.177616887671884172e+01 -1.533161145656921462e+02
1.180471716490482947e+01 -1.533239425929206163e+02
1.183326545309081723e+01 -1.533165284394745811e+02
1.186181374127680499e+01 -1.533000904351904694e+02
1.189036202946279275e+01 -1.532586659748393458e+02
1.191891031764878051e+01 -1.531983853367056554e+02
1.194745860583475405e+01 -1.531159585360942117e+02
1.197600689402074181e+01 -1.530244267126328168e+02
1.200455518220672957e+01 -1.529293750951313768e+02
1.203310347039270312e+01 -1.528326036501417775e+02
1.206165175857870508e+01 -1.527405279669064271e+02
1.209020004676469284e+01 -1.526770488109833082e+02
1.211874833495066639e+01 -1.526241844125722764e+02
1.214729662313665415e+01 -1.525887509964767332e+02
1.217584491132264191e+01 -1.525746627422456640e+02
1.220439319950861545e+01 -1.525611237672214600e+02
1.223294148769460321e+01 -1.525515453703123399e+02
1.226148977588060518e+01 -1.525266486153462608e+02
1.229003806406657873e+01 -1.524903341806663661e+02
1.231858635225256648e+01 -1.524463388020741661e+02
1.234713464043855424e+01 -1.523801343622291427e+02
1.237568292862452779e+01 -1.522999962284823710e+02
1.240423121681051555e+01 -1.522154814454543725e+02
1.243277950499650331e+01 -1.521312297860050364e+02
1.246132779318249106e+01 -1.520666821973862852e+02
1.248987608136847882e+01 -1.519934211229819994e+02
1.251842436955446658e+01 -1.519369135402563415e+02
1.254697265774044013e+01 -1.519019626465433532e+02
1.257552094592642788e+01 -1.518743429077871383e+02
1.260406923411241564e+01 -1.518619009604785788e+02
1.263261752229838919e+01 -1.518513379380331116e+02
1.266116581048439116e+01 -1.518375496839807397e+02
1.268971409867037892e+01 -1.518146313954640618e+02
1.271826238685635246e+01 -1.517870673696956203e+02
1.274681067504234022e+01 -1.517412620030416122e+02
1.277535896322832798e+01 -1.516828411217558710e+02
1.280390725141430153e+01 -1.516173320424326505e+02
1.283245553960028928e+01 -1.515565300203429331e+02
1.286100382778629125e+01 -1.514916634379343918e+02
1.288955211597226480e+01 -1.514406927219949637e+02
1.291810040415825256e+01 -1.513940844415162417e+02
1.294664869234424032e+01 -1.513621977924542534e+02
1.297519698053021386e+01 -1.513377601325208275e+02
1.300374526871620162e+01 -1.513284981614552862e+02
1.303229355690218938e+01 -1.513235894173178622e+02
1.306084184508817714e+01 -1.513204635105614386e+02
1.308939013327416490e+01 -1.513185238262308019e+02
1.311793842146015265e+01 -1.513041061746545779e+02
1.314648670964612620e+01 -1.512795752305275414e+02
1.317503499783211396e+01 -1.512450623563631495e+02
1.320358328601811593e+01 -1.512055896486082247e+02
1.323213157420407526e+01 -1.511579009721862406e+02
1.326067986239007723e+01 -1.511153378304237833e+02
1.328922815057606499e+01 -1.510720273083739471e+02
1.331777643876203854e+01 -1.510393258888321100e+02
1.334632472694802630e+01 -1.510165708233187729e+02
1.337487301513401405e+01 -1.510031810345250847e+02
1.340342130332000181e+01 -1.510009366449515085e+02
1.343196959150597536e+01 -1.510047796900289825e+02
1.346051787969197733e+01 -1.510163929167453318e+02
1.348906616787795087e+01 -1.510246233166099614e+02
1.351761445606393863e+01 -1.510293359129512112e+02
1.354616274424992639e+01 -1.510261751848830443e+02
1.357471103243589994e+01 -1.510193782040775545e+02
1.360325932062190191e+01 -1.509998173844934115e+02
1.363180760880787545e+01 -1.509783484246112266e+02
1.366035589699386321e+01 -1.509470037297272142e+02
1.368890418517985097e+01 -1.509237323043897163e+02
1.371745247336583873e+01 -1.509022959803859862e+02
1.374600076155181227e+01 -1.508897217592465836e+02
1.377454904973780003e+01 -1.508864885540319847e+02
1.380309733792380200e+01 -1.508931772280508028e+02
1.383164562610976134e+01 -1.509113131433291528e+02
1.386019391429576331e+01 -1.509318496101820699e+02
1.388874220248175106e+01 -1.509552915161282556e+02
1.391729049066772461e+01 -1.509778012443812827e+02
1.394583877885371237e+01 -1.509996218174458988e+02
1.397438706703970013e+01 -1.510068674081467464e+02
1.400293535522568789e+01 -1.510142567812571031e+02
1.403148364341167564e+01 -1.510114156845214666e+02
1.406003193159766340e+01 -1.510029946125978313e+02
1.408858021978363695e+01 -1.509967845896297263e+02
1.411712850796962471e+01 -1.509888801995869585e+02
1.414567679615561246e+01 -1.509893703891800385e+02
1.417422508434158601e+01 -1.509959333665587735e+02
1.420277337252758798e+01 -1.510137452799952484e+02
1.423132166071357574e+01 -1.510396739931572654e+02
1.425986994889954929e+01 -1.510733816437733026e+02
