-1.425986994889954929e+01 -1.642202622065766775e+02
-1.423132166071357574e+01 -1.641361817853855882e+02
-1.420277337252758798e+01 -1.640486627070775398e+02
-1.417422508434160022e+01 -1.639639704987081359e+02
-1.414567679615561246e+01 -1.638851097499237426e+02
-1.411712850796962471e+01 -1.638144320259260951e+02
-1.408858021978363695e+01 -1.637531374258918504e+02
-1.406003193159766340e+01 -1.637010803855504264e+02
-1.403148364341167564e+01 -1.636568072877151394e+02
-1.400293535522568789e+01 -1.636172949435652981e+02
-1.397438706703971434e+01 -1.635789096383417984e+02
-1.394583877885371237e+01 -1.635381127565206327e+02
-1.391729049066772461e+01 -1.634918568532627319e+02
-1.388874220248175106e+01 -1.634383889701623502e+02
-1.386019391429576331e+01 -1.633773772134919682e+02
-1.383164562610977555e+01 -1.633104445582240487e+02
-1.380309733792380200e+01 -1.632384305350339559e+02
-1.377454904973780003e+01 -1.631644198822408498e+02
-1.374600076155181227e+01 -1.630945886863031546e+02
-1.371745247336583873e+01 -1.630317095083551919e+02
-1.368890418517985097e+01 -1.629777266779376816e+02
-1.366035589699386321e+01 -1.629335705027966981e+02
-1.363180760880788966e+01 -1.628983461150112930e+02
-1.360325932062190191e+01 -1.628701373580887548e+02
-1.357471103243589994e+01 -1.628459884048707522e+02
-1.354616274424992639e+01 -1.628224458799936087e+02
-1.351761445606393863e+01 -1.627961159299513270e+02
-1.348906616787795087e+01 -1.627642938000896606e+02
-1.346051787969197733e+01 -1.627254612567054437e+02
-1.343196959150598957e+01 -1.626796440835279327e+02
-1.340342130332000181e+01 -1.626282897747639140e+02
-1.337487301513401405e+01 -1.625742737817779755e+02
-1.334632472694802630e+01 -1.625197870667725510e+02
-1.331777643876203854e+01 -1.624691940368371945e+02
-1.328922815057606499e+01 -1.624256848951163761e+02
-1.326067986239007723e+01 -1.623908091587124431e+02
-1.323213157420408947e+01 -1.623650444857690900e+02
-1.320358328601811593e+01 -1.623475551534899068e+02
-1.317503499783211396e+01 -1.623362468425358713e+02
-1.314648670964612620e+01 -1.623280933994237216e+02
-1.311793842146015265e+01 -1.623196760684232061e+02
-1.308939013327416490e+01 -1.623077336001810238e+02
-1.306084184508817714e+01 -1.622898410802169451e+02
-1.303229355690220359e+01 -1.622648298858594273e+02
-1.300374526871621583e+01 -1.622330495058800182e+02
-1.297519698053021386e+01 -1.621962866669883567e+02
-1.294664869234424032e+01 -1.621577289973962479e+02
-1.291810040415825256e+01 -1.621206326265379971e+02
-1.288955211597226480e+01 -1.620877822627678029e+02
-1.286100382778629125e+01 -1.620621998914378707e+02
-1.283245553960030350e+01 -1.620455954896753497e+02
-1.280390725141431574e+01 -1.620382271908089251e+02
-1.277535896322832798e+01 -1.620389699381922810e+02
-1.274681067504234022e+01 -1.620454426359140712e+02
-1.271826238685635246e+01 -1.620543956867360293e+02
-1.268971409867037892e+01 -1.620622660783695324e+02
-1.266116581048439116e+01 -1.620658083436630648e+02
-1.263261752229840340e+01 -1.620627422682078134e+02
-1.260406923411241564e+01 -1.620522930012882341e+02
-1.257552094592642788e+01 -1.620352953890201775e+02
-1.254697265774044013e+01 -1.620137257703947569e+02
-1.251842436955446658e+01 -1.619908260467484524e+02
-1.248987608136847882e+01 -1.619703143611992857e+02
-1.246132779318249106e+01 -1.619557067858048072e+02
-1.243277950499651752e+01 -1.619482572096852380e+02
-1.240423121681051555e+01 -1.619506402874544904e+02
-1.237568292862452779e+01 -1.619626948586551691e+02
-1.234713464043855424e+01 -1.619829028461880682e+02
-1.231858635225256648e+01 -1.620084404394497710e+02
-1.229003806406657873e+01 -1.620356439260801551e+02
-1.226148977588060518e+01 -1.620606408191016499e+02
-1.223294148769461742e+01 -1.620802945653491633e+02
-1.220439319950861545e+01 -1.620922965063257379e+02
-1.217584491132264191e+01 -1.620959707450963947e+02
-1.214729662313665415e+01 -1.620925461314147071e+02
-1.211874833495066639e+01 -1.620848218418466047e+02
-1.209020004676469284e+01 -1.620766138155246665e+02
-1.206165175857870508e+01 -1.620720949605977239e+02
-1.203310347039271733e+01 -1.620750388649520914e+02
-1.200455518220672957e+01 -1.620868868331598378e+02
-1.197600689402074181e+01 -1.621077510158734754e+02
-1.194745860583475405e+01 -1.621395851346482857e+02
-1.191891031764878051e+01 -1.621798829637911581e+02
-1.189036202946279275e+01 -1.622251849218072266e+02
-1.186181374127680499e+01 -1.622714513654180735e+02
-1.183326545309081723e+01 -1.623139418659143871e+02
-1.180471716490482947e+01 -1.623490313296138083e+02
-1.177616887671884172e+01 -1.623746308385432542e+02
-1.174762058853286817e+01 -1.623906402997579903e+02
-1.171907230034688041e+01 -1.623990308077434861e+02
-1.169052401216089265e+01 -1.624034598672838001e+02
-1.166197572397491911e+01 -1.624086089663969119e+02
-1.163342743578891714e+01 -1.624193217351922272e+02
-1.160487914760292938e+01 -1.624397621643770151e+02
-1.157633085941695583e+01 -1.624727676059329440e+02
-1.154778257123096807e+01 -1.625131564892245137e+02
-1.151923428304498032e+01 -1.625656205163006121e+02
-1.149068599485900677e+01 -1.626273577027031365e+02
-1.146213770667301901e+01 -1.626935253740378471e+02
-1.143358941848701704e+01 -1.627587411543531459e+02
-1.140504113030104349e+01 -1.628178064548866928e+02
-1.137649284211505574e+01 -1.628667235497793513e+02
-1.134794455392906798e+01 -1.629035636102825038e+02
-1.131939626574309443e+01 -1.629289423009084317e+02
-1.129084797755710667e+01 -1.629459406232087986e+02
-1.126229968937111892e+01 -1.629595298467082785e+02
-1.123375140118513116e+01 -1.629756227693141000e+02
-1.120520311299914340e+01 -1.629999983974063298e+02
-1.117665482481315564e+01 -1.630373122223136022e+02
-1.114810653662718209e+01 -1.630907734007536192e+02
-1.111955824844119434e+01 -1.631580802798548007e+02
-1.109100996025520658e+01 -1.632292879855958176e+02
-1.106246167206923303e+01 -1.633115238943736074e+02
-1.103391338388323106e+01 -1.633970945456296135e+02
-1.100536509569724331e+01 -1.634790251824327925e+02
-1.097681680751126976e+01 -1.635509430811904963e+02
-1.094826851932528200e+01 -1.636083954944480467e+02
-1.091972023113929424e+01 -1.636498635960448667e+02
-1.089117194295332069e+01 -1.636771921472248437e+02
-1.086262365476733294e+01 -1.636952591514150299e+02
-1.083407536658134518e+01 -1.637109711699015691e+02
-1.080552707839535742e+01 -1.637321045356623017e+02
-1.077697879020936966e+01 -1.637660277623753586e+02
-1.074843050202338191e+01 -1.638172699018563776e+02
-1.071988221383740836e+01 -1.638882743986264927e+02
-1.069133392565142060e+01 -1.639784162517136679e+02
-1.066278563746543284e+01 -1.640714304085284994e+02
-1.063423734927944508e+01 -1.641680441291215971e+02
-1.060568906109345733e+01 -1.642658920361942876e+02
-1.057714077290746957e+01 -1.643553194944999518e+02
-1.054859248472149602e+01 -1.644284787548237432e+02
-1.052004419653550826e+01 -1.644806595406558927e+02
-1.049149590834952050e+01 -1.645114571782415851e+02
-1.046294762016353275e+01 -1.645249341812369437e+02
-1.043439933197754499e+01 -1.645292546681927774e+02
-1.040585104379157144e+01 -1.645338883610472749e+02
-1.037730275560558368e+01 -1.645481262249913073e+02
-1.034875446741959593e+01 -1.645800156850364999e+02
-1.032020617923360817e+01 -1.646346514052293912e+02
-1.029165789104763462e+01 -1.647133699520639993e+02
-1.026310960286163265e+01 -1.648134550661768287e+02
-1.023456131467565910e+01 -1.649261157821334791e+02
-1.020601302648967135e+01 -1.650208040918462871e+02
-1.017746473830368359e+01 -1.651110311517872447e+02
-1.014891645011769583e+01 -1.651850835407599050e+02
-1.012036816193172228e+01 -1.652340210843335058e+02
-1.009181987374573453e+01 -1.652539851142990415e+02
-1.006327158555974677e+01 -1.652482287492341868e+02
-1.003472329737375901e+01 -1.652233374755666091e+02
-1.000617500918777125e+01 -1.651905646270236332e+02
-9.977626721001797705e+00 -1.651623858701539689e+02
-9.949078432815809947e+00 -1.651500282315703885e+02
-9.920530144629822189e+00 -1.651615839813946991e+02
-9.891981856443834431e+00 -1.652007949987976758e+02
-9.863433568257846673e+00 -1.652664791962320692e+02
-9.834885280071858915e+00 -1.653525577401150599e+02
-9.806336991885885368e+00 -1.654487528258077305e+02
-9.777788703699897610e+00 -1.655239751484521378e+02
-9.749240415513909852e+00 -1.655762045049667393e+02
-9.720692127327922094e+00 -1.655996217520954588e+02
-9.692143839141934336e+00 -1.655911013420600568e+02
-9.663595550955946578e+00 -1.655488880577081545e+02
-9.635047262769973031e+00 -1.654793415861587675e+02
-9.606498974583985273e+00 -1.653941540785423285e+02
-9.577950686397997515e+00 -1.653074596372104565e+02
-9.549402398212023968e+00 -1.652327759560451454e+02
-9.520854110026036210e+00 -1.651806351682854768e+02
-9.492305821840034241e+00 -1.651570036069614389e+02
-9.463757533654060694e+00 -1.651625837569277451e+02
-9.435209245468072936e+00 -1.651926873634614026e+02
-9.406660957282085178e+00 -1.652378121562088324e+02
-9.378112669096111631e+00 -1.652849520738729154e+02
-9.349564380910123873e+00 -1.653207583568627399e+02
-9.321016092724136115e+00 -1.653070577121912095e+02
-9.292467804538148357e+00 -1.652648770184222542e+02
-9.263919516352160599e+00 -1.651863782769685258e+02
-9.235371228166172841e+00 -1.650786954582539749e+02
-9.206822939980199294e+00 -1.649514741002417111e+02
-9.178274651794211536e+00 -1.648179119550136136e+02
-9.149726363608223778e+00 -1.646916515818771813e+02
-9.121178075422250231e+00 -1.645841411004305428e+02
-9.092629787236248262e+00 -1.645028578013855736e+02
-9.064081499050260504e+00 -1.644503814900786836e+02
-9.035533210864286957e+00 -1.644241810405428055e+02
-9.006984922678299199e+00 -1.644171015476740649e+02
-8.978436634492311441e+00 -1.644192524729666616e+02
-8.949888346306337894e+00 -1.644165119856079400e+02
-8.921340058120350136e+00 -1.643964316309668732e+02
-8.892791769934348167e+00 -1.643403188670301063e+02
-8.864243481748374620e+00 -1.642541410455036726e+02
-8.835695193562386862e+00 -1.641340686689040069e+02
-8.807146905376399104e+00 -1.639946051781366521e+02
-8.778598617190425557e+00 -1.638457821661722846e+02
-8.750050329004437799e+00 -1.636993382400282542e+02
-8.721502040818450041e+00 -1.635661567034324548e+02
-8.692953752632462283e+00 -1.634543468769677474e+02
-8.664405464446474525e+00 -1.633681197313831603e+02
-8.635857176260486767e+00 -1.633077538540561022e+02
-8.607308888074513220e+00 -1.632688215688905302e+02
-8.578760599888525462e+00 -1.632426474549310456e+02
-8.550212311702537704e+00 -1.632188388317914018e+02
-8.521664023516549946e+00 -1.631864541493854119e+02
-8.493115735330562188e+00 -1.631361393788631631e+02
-8.464567447144574430e+00 -1.630621495877204552e+02
-8.436019158958600883e+00 -1.629558343270222736e+02
-8.407470870772613125e+00 -1.628340077010362847e+02
-8.378922582586625367e+00 -1.626952815481459140e+02
-8.350374294400651820e+00 -1.625544877961550014e+02
-8.321826006214649851e+00 -1.624211453315437836e+02
-8.293277718028662093e+00 -1.623033723282576375e+02
-8.264729429842688546e+00 -1.622072695380248035e+02
-8.236181141656700788e+00 -1.621339608967158767e+02
-8.207632853470713030e+00 -1.620813904981789051e+02
-8.179084565284739483e+00 -1.620442908580644996e+02
-8.150536277098751725e+00 -1.620148072907490473e+02
-8.121987988912749756e+00 -1.619837928500592739e+02
-8.093439700726776209e+00 -1.619424601914970197e+02
-8.064891412540788451e+00 -1.618841337377429284e+02
-8.036343124354800693e+00 -1.618056832202057649e+02
-8.007794836168827146e+00 -1.617065270803757926e+02
-7.979246547982839388e+00 -1.615939974944238884e+02
-7.950698259796837419e+00 -1.614736637537419313e+02
-7.922149971610863872e+00 -1.613537708618210331e+02
-7.893601683424876114e+00 -1.612445151368206098e+02
-7.865053395238888356e+00 -1.611512202685084389e+02
-7.836505107052914809e+00 -1.610772860033152654e+02
-7.807956818866927051e+00 -1.610229765942952440e+02
-7.779408530680939293e+00 -1.609853750810584927e+02
-7.750860242494951535e+00 -1.609588874430921805e+02
-7.722311954308963777e+00 -1.609360830953355617e+02
-7.693763666122976019e+00 -1.609089992215701841e+02
-7.665215377937002472e+00 -1.608705904771861412e+02
-7.636667089751014714e+00 -1.608161859429195033e+02
-7.608118801565026956e+00 -1.607444759423028131e+02
-7.579570513379053409e+00 -1.606577710664217022e+02
-7.551022225193051440e+00 -1.605613032545983003e+02
-7.522473937007063682e+00 -1.604642789346598875e+02
-7.493925648821090135e+00 -1.603687031372955119e+02
-7.465377360635102377e+00 -1.602845414457942184e+02
-7.436829072449114619e+00 -1.602164021680565611e+02
-7.408280784263141072e+00 -1.601662963692144217e+02
-7.379732496077153314e+00 -1.601333418498251149e+02
-7.351184207891151345e+00 -1.601139005160652573e+02
-7.322635919705177798e+00 -1.601021367376673936e+02
-7.294087631519190040e+00 -1.600909667675237813e+02
-7.265539343333202282e+00 -1.600733126219385554e+02
-7.236991055147228735e+00 -1.600434706722377314e+02
-7.208442766961240977e+00 -1.599982820379855184e+02
-7.179894478775253219e+00 -1.599385498056772974e+02
-7.151346190589265461e+00 -1.598667412749763912e+02
-7.122797902403277703e+00 -1.597885361174210175e+02
-7.094249614217289945e+00 -1.597109375346514639e+02
-7.065701326031316398e+00 -1.596402238413006103e+02
-7.037153037845328640e+00 -1.595807706104216948e+02
-7.008604749659340882e+00 -1.595375428701172211e+02
-6.980056461473367335e+00 -1.595114504529440183e+02
-6.951508173287365366e+00 -1.595006457149991661e+02
-6.922959885101377608e+00 -1.595007964476789653e+02
-6.894411596915404061e+00 -1.595057591194258464e+02
-6.865863308729416303e+00 -1.595086094251146847e+02
-6.837315020543428545e+00 -1.595031809153566655e+02
-6.808766732357454998e+00 -1.594850170972971455e+02
-6.780218444171467240e+00 -1.594516369289689521e+02
-6.751670155985465271e+00 -1.594043116955957373e+02
-6.723121867799491724e+00 -1.593472235137632254e+02
-6.694573579613503966e+00 -1.592865674754565077e+02
-6.666025291427516208e+00 -1.592286128013646476e+02
-6.637477003241542661e+00 -1.591799829858462374e+02
-6.608928715055554903e+00 -1.591448380929574284e+02
-6.580380426869567145e+00 -1.591262059937801325e+02
-6.551832138683579387e+00 -1.591242888810165539e+02
-6.523283850497591629e+00 -1.591362625745937578e+02
-6.494735562311603871e+00 -1.591569974554611235e+02
-6.466187274125630324e+00 -1.591804656644573583e+02
-6.437638985939642566e+00 -1.591992667450889485e+02
-6.409090697753654808e+00 -1.592071428527049477e+02
-6.380542409567667050e+00 -1.592003116094198560e+02
-6.351994121381679292e+00 -1.591780636143332970e+02
-6.323445833195691534e+00 -1.591429327462227263e+02
-6.294897545009717987e+00 -1.591001594112320277e+02
-6.266349256823730229e+00 -1.590566003081629560e+02
-6.237800968637742471e+00 -1.590186311319887409e+02
-6.209252680451754713e+00 -1.589907299697050291e+02
-6.180704392265766955e+00 -1.589792829956241462e+02
-6.152156104079779197e+00 -1.589854490378578760e+02
-6.123607815893805650e+00 -1.590084481287097447e+02
-6.095059527707817892e+00 -1.590450427260062440e+02
-6.066511239521830134e+00 -1.590881401464338296e+02
-6.037962951335856587e+00 -1.591303658262785632e+02
-6.009414663149854618e+00 -1.591644793925744352e+02
-5.980866374963866861e+00 -1.591848187156673191e+02
-5.952318086777893313e+00 -1.591885358234332841e+02
-5.923769798591905555e+00 -1.591762719258911147e+02
-5.895221510405917797e+00 -1.591520555567471433e+02
-5.866673222219944250e+00 -1.591224543751611975e+02
-5.838124934033956492e+00 -1.590952391738885865e+02
-5.809576645847954524e+00 -1.590779168371203696e+02
-5.781028357661980976e+00 -1.590710592723291086e+02
-5.752480069475993218e+00 -1.590835761788928835e+02
-5.723931781290005461e+00 -1.591162786310312072e+02
-5.695383493104031913e+00 -1.591660142257521500e+02
-5.666835204918044155e+00 -1.592272757882346639e+02
-5.638286916732056397e+00 -1.592924456436892342e+02
-5.609738628546068639e+00 -1.593530692199209398e+02
-5.581190340360080882e+00 -1.594014497058835218e+02
-5.552642052174093124e+00 -1.594322763480979859e+02
-5.524093763988119576e+00 -1.594438551652928311e+02
-5.495545475802131818e+00 -1.594385965647151977e+02
-5.466997187616144060e+00 -1.594224809912078342e+02
-5.438448899430170513e+00 -1.594038338390770093e+02
-5.409900611244168545e+00 -1.593916487840483001e+02
-5.381352323058180787e+00 -1.593951015013844881e+02
-5.352804034872207239e+00 -1.594158860750407598e+02
-5.324255746686219481e+00 -1.594504898265451516e+02
-5.295707458500231724e+00 -1.595091585474962983e+02
-5.267159170314258176e+00 -1.595854180370245103e+02
-5.238610882128270418e+00 -1.596715477756863493e+02
-5.210062593942268450e+00 -1.597579223931714125e+02
-5.181514305756294902e+00 -1.598345498247767296e+02
-5.152966017570307145e+00 -1.598931296269077791e+02
-5.124417729384319387e+00 -1.599289432231590808e+02
-5.095869441198345839e+00 -1.599420533933544846e+02
-5.067321153012358081e+00 -1.599373867252579942e+02
-5.038772864826370323e+00 -1.599240758683890249e+02
-5.010224576640382566e+00 -1.599136736600253528e+02
-4.981676288454394808e+00 -1.599150880510866557e+02
-4.953128000268407050e+00 -1.599368610065315011e+02
-4.924579712082433502e+00 -1.599842464848929353e+02
-4.896031423896445745e+00 -1.600425443527748541e+02
-4.867483135710457987e+00 -1.601251413231654510e+02
-4.838934847524484439e+00 -1.602264616262008019e+02
-4.810386559338482471e+00 -1.603338733203550532e+02
-4.781838271152494713e+00 -1.604356086216174333e+02
-4.753289982966521166e+00 -1.605196884861075262e+02
-4.724741694780533408e+00 -1.605773652014961499e+02
-4.696193406594545650e+00 -1.606053024399573985e+02
-4.667645118408572102e+00 -1.606080870979309907e+02
-4.639096830222584344e+00 -1.605936226824763366e+02
-4.610548542036582376e+00 -1.605731623241890134e+02
-4.582000253850608829e+00 -1.605601599191764706e+02
-4.553451965664621071e+00 -1.605666189526420453e+02
-4.524903677478633313e+00 -1.606011479367164725e+02
-4.496355389292659765e+00 -1.606677118282983940e+02
-4.467807101106672008e+00 -1.607583847655344016e+02
-4.439258812920684250e+00 -1.608508485035562217e+02
-4.410710524734696492e+00 -1.609659724235199292e+02
-4.382162236548708734e+00 -1.610816821935702308e+02
-4.353613948362720976e+00 -1.611805621356459994e+02
-4.325065660176747429e+00 -1.612502112861065768e+02
-4.296517371990759671e+00 -1.612861408402424104e+02
-4.267969083804771913e+00 -1.612842969747003394e+02
-4.239420795618784155e+00 -1.612525194920298759e+02
-4.210872507432796397e+00 -1.612047515428355666e+02
-4.182324219246808639e+00 -1.611576245331646078e+02
-4.153775931060835092e+00 -1.611269981540217771e+02
-4.125227642874847334e+00 -1.611252460888303517e+02
-4.096679354688859576e+00 -1.611595029810130200e+02
-4.068131066502871818e+00 -1.612307323708556623e+02
-4.039582778316884060e+00 -1.613334394677869739e+02
-4.011034490130910513e+00 -1.614248475619703243e+02
-3.982486201944922755e+00 -1.615230787071207033e+02
-3.953937913758934997e+00 -1.616178488026837101e+02
-3.925389625572947239e+00 -1.616813198900465522e+02
-3.896841337386973692e+00 -1.617021261942179535e+02
-3.868293049200971723e+00 -1.616760985297249817e+02
-3.839744761014998176e+00 -1.616092973031956035e+02
-3.811196472829010418e+00 -1.615161507619867507e+02
-3.782648184643022660e+00 -1.614155223244795252e+02
-3.754099896457034902e+00 -1.613263517460422918e+02
-3.725551608271061355e+00 -1.612641581426871085e+02
-3.697003320085073597e+00 -1.612388359121743520e+02
-3.668455031899085839e+00 -1.612535473720768096e+02
-3.639906743713098081e+00 -1.613043807192788393e+02
-3.611358455527110323e+00 -1.613806478938507212e+02
-3.582810167341136776e+00 -1.614619720268096614e+02
-3.554261879155149018e+00 -1.615019657825272077e+02
-3.525713590969161260e+00 -1.615305567099514121e+02
-3.497165302783173502e+00 -1.615207684141632285e+02
-3.468617014597185744e+00 -1.614586190011672215e+02
-3.440068726411197986e+00 -1.613523366718335694e+02
-3.411520438225224439e+00 -1.612143169381082544e+02
-3.382972150039236681e+00 -1.610626962176230847e+02
-3.354423861853248923e+00 -1.609167831374177808e+02
-3.325875573667261165e+00 -1.607931697019225226e+02
-3.297327285481287618e+00 -1.607032306616451933e+02
-3.268778997295285649e+00 -1.606518845636820743e+02
-3.240230709109312102e+00 -1.606386890607083160e+02
-3.211682420923324344e+00 -1.606620638630474218e+02
-3.183134132737336586e+00 -1.606943427137139508e+02
-3.154585844551363039e+00 -1.607200189397362351e+02
-3.126037556365375281e+00 -1.607003203032617193e+02
-3.097489268179387523e+00 -1.606505485132951208e+02
-3.068940979993399765e+00 -1.605692676167086006e+02
-3.040392691807412007e+00 -1.604434064606425068e+02
-3.011844403621424249e+00 -1.602860253963687569e+02
-2.983296115435450702e+00 -1.601124921626594926e+02
-2.954747827249462944e+00 -1.599393127785132833e+02
-2.926199539063475186e+00 -1.597817995385250356e+02
-2.897651250877487428e+00 -1.596514406738820924e+02
-2.869102962691499670e+00 -1.595649181363949083e+02
-2.840554674505511912e+00 -1.595150550817499209e+02
-2.812006386319538365e+00 -1.594855033924262102e+02
-2.783458098133550607e+00 -1.594689830228133474e+02
-2.754909809947562849e+00 -1.594539655196406045e+02
-2.726361521761589302e+00 -1.594271226737397456e+02
-2.697813233575601544e+00 -1.593735949071732989e+02
-2.669264945389599575e+00 -1.592760108911997179e+02
-2.640716657203626028e+00 -1.591559028025617692e+02
-2.612168369017638270e+00 -1.590118329492898397e+02
-2.583620080831650512e+00 -1.588459598794697740e+02
-2.555071792645676965e+00 -1.586760671201440687e+02
-2.526523504459689207e+00 -1.585149357147120668e+02
-2.497975216273701449e+00 -1.584002164520468625e+02
-2.469426928087713691e+00 -1.583018552563012236e+02
-2.440878639901725933e+00 -1.582214289313330653e+02
-2.412330351715738175e+00 -1.581605589147428645e+02
-2.383782063529764628e+00 -1.581155467434704462e+02
-2.355233775343776870e+00 -1.580784944464883495e+02
-2.326685487157789112e+00 -1.580390717213238361e+02
-2.298137198971801354e+00 -1.579867906020906787e+02
-2.269588910785813596e+00 -1.579134460440515682e+02
-2.241040622599825838e+00 -1.578090917892989182e+02
-2.212492334413852291e+00 -1.576835529608574689e+02
-2.183944046227864533e+00 -1.575447823875680342e+02
-2.155395758041876775e+00 -1.574087965815271843e+02
-2.126847469855889017e+00 -1.573011946294573988e+02
-2.098299181669901259e+00 -1.571865799215445918e+02
-2.069750893483913501e+00 -1.570777000742006919e+02
-2.041202605297939954e+00 -1.569833170649043836e+02
-2.012654317111952196e+00 -1.569073316918588148e+02
-1.984106028925964438e+00 -1.568488206776753486e+02
-1.955557740739990891e+00 -1.568027588665880501e+02
-1.927009452553988922e+00 -1.567612897330973851e+02
-1.898461164368001164e+00 -1.567154374881287993e+02
-1.869912876182027617e+00 -1.566570660026841040e+02
-1.841364587996039859e+00 -1.565807254374703064e+02
-1.812816299810052101e+00 -1.564844984768963059e+02
-1.784268011624078554e+00 -1.564109449204513567e+02
-1.755719723438090796e+00 -1.563349843223802793e+02
-1.727171435252088827e+00 -1.562354535674840008e+02
-1.698623147066115280e+00 -1.561221011233543550e+02
-1.670074858880127522e+00 -1.560106443942159444e+02
-1.641526570694139764e+00 -1.559107870740572253e+02
-1.612978282508166217e+00 -1.558281163213650018e+02
-1.584429994322178459e+00 -1.557638439417796405e+02
-1.555881706136190701e+00 -1.557152004598033557e+02
-1.527333417950202943e+00 -1.556763304361166149e+02
-1.498785129764215185e+00 -1.556395945863518762e+02
-1.470236841578227427e+00 -1.555971601669032225e+02
-1.441688553392253880e+00 -1.555426572642583665e+02
-1.413140265206266122e+00 -1.555547253887318675e+02
-1.384591977020278364e+00 -1.555248790078697425e+02
-1.356043688834304817e+00 -1.554566379303094550e+02
-1.327495400648302848e+00 -1.553620068246415542e+02
-1.298947112462315090e+00 -1.552543095952751173e+02
-1.270398824276341543e+00 -1.551443683068198425e+02
-1.241850536090353785e+00 -1.550428022580457537e+02
-1.213302247904366027e+00 -1.549573973853980249e+02
-1.184753959718392480e+00 -1.548910929269479766e+02
-1.156205671532404722e+00 -1.548429703581947479e+02
-1.127657383346402753e+00 -1.548088542409615229e+02
-1.099109095160429206e+00 -1.547822991854848169e+02
-1.070560806974441448e+00 -1.547957768239962490e+02
-1.042012518788453690e+00 -1.548546241178279388e+02
-1.013464230602480143e+00 -1.548752155640498245e+02
-9.849159424164923848e-01 -1.548546451517205185e+02
-9.563676542305046269e-01 -1.547964989038466967e+02
-9.278193660445168689e-01 -1.547097178060498379e+02
-8.992710778585291109e-01 -1.546061850547118581e+02
-8.707227896725413530e-01 -1.544991411991645407e+02
-8.421745014865678058e-01 -1.543996340622294952e+02
-8.136262133005800479e-01 -1.543131803666418023e+02
-7.850779251145922899e-01 -1.542466509494403510e+02
-7.565296369286187428e-01 -1.542008141114132798e+02
-7.279813487426167740e-01 -1.541730160505914569e+02
-6.994330605566290160e-01 -1.542460247054780496e+02
-6.708847723706554689e-01 -1.543377025951927237e+02
-6.423364841846677109e-01 -1.544027136179355466e+02
-6.137881959986799529e-01 -1.544306217325720922e+02
-5.852399078127064058e-01 -1.544158042825189341e+02
-5.566916196267186479e-01 -1.543582691028967417e+02
-5.281433314407166790e-01 -1.542630537657410343e+02
-4.995950432547431319e-01 -1.541384363893204750e+02
-4.710467550687553739e-01 -1.539936016869125979e+02
-4.424984668827676160e-01 -1.538365364118595267e+02
-4.139501786967940689e-01 -1.536725261627943837e+02
-3.854018905108063109e-01 -1.535033963865985243e+02
-3.568536023248043421e-01 -1.533428364311697010e+02
-3.283053141388307949e-01 -1.532670301068121432e+02
-2.997570259528430370e-01 -1.531568343826866396e+02
-2.712087377668552790e-01 -1.530049801298371221e+02
-2.426604495808817319e-01 -1.528097672571254293e+02
-2.141121613948939739e-01 -1.525759918351017177e+02
-1.855638732088920051e-01 -1.523143036080203387e+02
-1.570155850229184580e-01 -1.520393153012265373e+02
-1.284672968369307000e-01 -1.517672245798480901e+02
-9.991900865094294204e-02 -1.515136925950806130e+02
-7.137072046496939492e-02 -1.512923829310043118e+02
-4.282243227898163695e-02 -1.511141985909434027e+02
-1.427414409299387898e-02 -1.509869624592569153e+02
1.427414409299387898e-02 -1.509869624592569153e+02
4.282243227898163695e-02 -1.511141985909433174e+02
7.137072046496939492e-02 -1.512923829310040560e+02
9.991900865094294204e-02 -1.515136925950823183e+02
1.284672968369307000e-01 -1.517672245798476922e+02
1.570155850229184580e-01 -1.520393153012271341e+02
1.855638732088920051e-01 -1.523143036080192587e+02
2.141121613948939739e-01 -1.525759918351017177e+02
2.426604495808817319e-01 -1.528097672571246619e+02
2.712087377668552790e-01 -1.530049801298366106e+02
2.997570259528430370e-01 -1.531568343826867249e+02
3.283053141388307949e-01 -1.532670301068125411e+02
3.568536023248043421e-01 -1.533428364311700136e+02
3.854018905107921000e-01 -1.535033963865999453e+02
4.139501786967940689e-01 -1.536725261627941848e+02
4.424984668827676160e-01 -1.538365364118588445e+02
4.710467550687553739e-01 -1.539936016869120294e+02
4.995950432547431319e-01 -1.541384363893193665e+02
5.281433314407166790e-01 -1.542630537657416028e+02
5.566916196267044370e-01 -1.543582691028960596e+02
5.852399078126921950e-01 -1.544158042825208952e+02
6.137881959986799529e-01 -1.544306217325700175e+02
6.423364841846677109e-01 -1.544027136179324771e+02
6.708847723706554689e-01 -1.543377025951904784e+02
6.994330605566290160e-01 -1.542460247054790727e+02
7.279813487426167740e-01 -1.541730160505867104e+02
7.565296369286045319e-01 -1.542008141114090733e+02
7.850779251145780790e-01 -1.542466509494357183e+02
8.136262133005800479e-01 -1.543131803666416886e+02
8.421745014865678058e-01 -1.543996340622261414e+02
8.707227896725413530e-01 -1.544991411991642281e+02
8.992710778585291109e-01 -1.546061850547113181e+02
9.278193660445168689e-01 -1.547097178060501221e+02
9.563676542304904160e-01 -1.547964989038441672e+02
9.849159424164781740e-01 -1.548546451517190974e+02
1.013464230602480143e+00 -1.548752155640517287e+02
1.042012518788453690e+00 -1.548546241178279388e+02
1.070560806974441448e+00 -1.547957768239967038e+02
1.099109095160429206e+00 -1.547822991854877159e+02
1.127657383346402753e+00 -1.548088542409606987e+02
1.156205671532390511e+00 -1.548429703581960553e+02
1.184753959718378269e+00 -1.548910929269480050e+02
1.213302247904366027e+00 -1.549573973853988491e+02
1.241850536090353785e+00 -1.550428022580455831e+02
1.270398824276341543e+00 -1.551443683068201267e+02
1.298947112462315090e+00 -1.552543095952746626e+02
1.327495400648302848e+00 -1.553620068246414121e+02
1.356043688834304817e+00 -1.554566379303101940e+02
1.384591977020264153e+00 -1.555248790078690888e+02
1.413140265206266122e+00 -1.555547253887312422e+02
1.441688553392253880e+00 -1.555426572642573149e+02
1.470236841578227427e+00 -1.555971601669043309e+02
1.498785129764215185e+00 -1.556395945863503698e+02
1.527333417950202943e+00 -1.556763304361186613e+02
1.555881706136190701e+00 -1.557152004598044925e+02
1.584429994322164248e+00 -1.557638439417816585e+02
1.612978282508166217e+00 -1.558281163213646607e+02
1.641526570694139764e+00 -1.559107870740577937e+02
1.670074858880127522e+00 -1.560106443942157171e+02
1.698623147066115280e+00 -1.561221011233546960e+02
1.727171435252088827e+00 -1.562354535674844271e+02
1.755719723438090796e+00 -1.563349843223804783e+02
1.784268011624064343e+00 -1.564109449204495093e+02
1.812816299810052101e+00 -1.564844984768938332e+02
1.841364587996039859e+00 -1.565807254374690842e+02
1.869912876182027617e+00 -1.566570660026858945e+02
1.898461164368001164e+00 -1.567154374881297372e+02
1.927009452553988922e+00 -1.567612897330953956e+02
1.955557740739976680e+00 -1.568027588665862879e+02
1.984106028925964438e+00 -1.568488206776728759e+02
2.012654317111952196e+00 -1.569073316918598380e+02
2.041202605297939954e+00 -1.569833170649017688e+02
2.069750893483913501e+00 -1.570777000742003224e+02
2.098299181669901259e+00 -1.571865799215436823e+02
2.126847469855889017e+00 -1.573011946294571715e+02
2.155395758041876775e+00 -1.574087965815298844e+02
2.183944046227864533e+00 -1.575447823875664426e+02
2.212492334413852291e+00 -1.576835529608576962e+02
2.241040622599825838e+00 -1.578090917893000551e+02
2.269588910785813596e+00 -1.579134460440534724e+02
2.298137198971801354e+00 -1.579867906020890587e+02
2.326685487157774901e+00 -1.580390717213215339e+02
2.355233775343776870e+00 -1.580784944464863031e+02
2.383782063529750417e+00 -1.581155467434673483e+02
2.412330351715738175e+00 -1.581605589147428930e+02
2.440878639901725933e+00 -1.582214289313340032e+02
2.469426928087713691e+00 -1.583018552563018204e+02
2.497975216273687238e+00 -1.584002164520444751e+02
2.526523504459674996e+00 -1.585149357147147100e+02
2.555071792645662754e+00 -1.586760671201436708e+02
2.583620080831650512e+00 -1.588459598794705414e+02
2.612168369017638270e+00 -1.590118329492885891e+02
2.640716657203626028e+00 -1.591559028025635598e+02
2.669264945389599575e+00 -1.592760108912006558e+02
2.697813233575587333e+00 -1.593735949071742937e+02
2.726361521761575091e+00 -1.594271226737406550e+02
2.754909809947562849e+00 -1.594539655196416845e+02
2.783458098133550607e+00 -1.594689830228142000e+02
2.812006386319524154e+00 -1.594855033924270344e+02
2.840554674505511912e+00 -1.595150550817495514e+02
2.869102962691499670e+00 -1.595649181363953915e+02
2.897651250877487428e+00 -1.596514406738856451e+02
2.926199539063460975e+00 -1.597817995385252630e+02
2.954747827249462944e+00 -1.599393127785131412e+02
2.983296115435436491e+00 -1.601124921626593505e+02
3.011844403621424249e+00 -1.602860253963683022e+02
3.040392691807412007e+00 -1.604434064606406309e+02
3.068940979993399765e+00 -1.605692676167103627e+02
3.097489268179373312e+00 -1.606505485132956039e+02
3.126037556365361070e+00 -1.607003203032613499e+02
3.154585844551348828e+00 -1.607200189397366898e+02
3.183134132737336586e+00 -1.606943427137150024e+02
3.211682420923324344e+00 -1.606620638630465123e+02
3.240230709109297891e+00 -1.606386890607088844e+02
3.268778997295285649e+00 -1.606518845636840638e+02
3.297327285481287618e+00 -1.607032306616464439e+02
3.325875573667261165e+00 -1.607931697019238868e+02
3.354423861853248923e+00 -1.609167831374189177e+02
3.382972150039236681e+00 -1.610626962176246479e+02
3.411520438225210228e+00 -1.612143169381100449e+02
3.440068726411197986e+00 -1.613523366718343368e+02
3.468617014597185744e+00 -1.614586190011688416e+02
3.497165302783173502e+00 -1.615207684141640243e+02
3.525713590969147049e+00 -1.615305567099518669e+02
3.554261879155149018e+00 -1.615019657825270656e+02
3.582810167341122565e+00 -1.614619720268097751e+02
3.611358455527110323e+00 -1.613806478938512896e+02
3.639906743713098081e+00 -1.613043807192790382e+02
3.668455031899071628e+00 -1.612535473720743369e+02
3.697003320085073597e+00 -1.612388359121745225e+02
3.725551608271047144e+00 -1.612641581426868811e+02
3.754099896457034902e+00 -1.613263517460434286e+02
3.782648184643022660e+00 -1.614155223244789283e+02
3.811196472829010418e+00 -1.615161507619873476e+02
3.839744761014983965e+00 -1.616092973031953193e+02
3.868293049200971723e+00 -1.616760985297245270e+02
3.896841337386973692e+00 -1.617021261942192609e+02
3.925389625572947239e+00 -1.616813198900462396e+02
3.953937913758934997e+00 -1.616178488026854438e+02
3.982486201944922755e+00 -1.615230787071209875e+02
4.011034490130896302e+00 -1.614248475619699263e+02
4.039582778316884060e+00 -1.613334394677884802e+02
4.068131066502871818e+00 -1.612307323708574813e+02
4.096679354688859576e+00 -1.611595029810134747e+02
4.125227642874847334e+00 -1.611252460888316023e+02
4.153775931060835092e+00 -1.611269981540231129e+02
4.182324219246808639e+00 -1.611576245331649488e+02
4.210872507432796397e+00 -1.612047515428363340e+02
4.239420795618784155e+00 -1.612525194920286822e+02
4.267969083804757702e+00 -1.612842969747002542e+02
4.296517371990759671e+00 -1.612861408402426662e+02
4.325065660176747429e+00 -1.612502112861055252e+02
4.353613948362720976e+00 -1.611805621356469658e+02
4.382162236548708734e+00 -1.610816821935692644e+02
4.410710524734696492e+00 -1.609659724235194460e+02
4.439258812920670039e+00 -1.608508485035554543e+02
4.467807101106657797e+00 -1.607583847655340037e+02
4.496355389292659765e+00 -1.606677118282979677e+02
4.524903677478633313e+00 -1.606011479367161598e+02
4.553451965664621071e+00 -1.605666189526414769e+02
4.582000253850608829e+00 -1.605601599191773232e+02
4.610548542036582376e+00 -1.605731623241888997e+02
4.639096830222570134e+00 -1.605936226824754840e+02
4.667645118408557892e+00 -1.606080870979309339e+02
4.696193406594545650e+00 -1.606053024399571427e+02
4.724741694780533408e+00 -1.605773652014962067e+02
4.753289982966521166e+00 -1.605196884861071567e+02
4.781838271152494713e+00 -1.604356086216182291e+02
4.810386559338482471e+00 -1.603338733203556785e+02
4.838934847524470229e+00 -1.602264616262005177e+02
4.867483135710443776e+00 -1.601251413231659910e+02
4.896031423896445745e+00 -1.600425443527751952e+02
4.924579712082433502e+00 -1.599842464848930490e+02
4.953128000268407050e+00 -1.599368610065316716e+02
4.981676288454394808e+00 -1.599150880510866841e+02
5.010224576640382566e+00 -1.599136736600245854e+02
5.038772864826356113e+00 -1.599240758683887691e+02
5.067321153012343871e+00 -1.599373867252581647e+02
5.095869441198345839e+00 -1.599420533933548256e+02
5.124417729384319387e+00 -1.599289432231584556e+02
5.152966017570307145e+00 -1.598931296269071538e+02
5.181514305756294902e+00 -1.598345498247762748e+02
5.210062593942268450e+00 -1.597579223931705030e+02
5.238610882128270418e+00 -1.596715477756849850e+02
5.267159170314243966e+00 -1.595854180370236008e+02
5.295707458500231724e+00 -1.595091585474955878e+02
5.324255746686219481e+00 -1.594504898265441568e+02
5.352804034872207239e+00 -1.594158860750400493e+02
5.381352323058180787e+00 -1.593951015013842607e+02
5.409900611244168545e+00 -1.593916487840476748e+02
5.438448899430170513e+00 -1.594038338390768104e+02
5.466997187616129850e+00 -1.594224809912079763e+02
5.495545475802131818e+00 -1.594385965647158230e+02
5.524093763988119576e+00 -1.594438551652950196e+02
5.552642052174093124e+00 -1.594322763480982701e+02
5.581190340360080882e+00 -1.594014497058836923e+02
5.609738628546068639e+00 -1.593530692199213945e+02
5.638286916732056397e+00 -1.592924456436897458e+02
5.666835204918029945e+00 -1.592272757882363408e+02
5.695383493104031913e+00 -1.591660142257526900e+02
5.723931781290005461e+00 -1.591162786310307524e+02
5.752480069475993218e+00 -1.590835761788923151e+02
5.781028357661980976e+00 -1.590710592723292223e+02
5.809576645847954524e+00 -1.590779168371196022e+02
5.838124934033956492e+00 -1.590952391738877338e+02
5.866673222219930040e+00 -1.591224543751610270e+02
5.895221510405917797e+00 -1.591520555567467454e+02
5.923769798591905555e+00 -1.591762719258908305e+02
5.952318086777893313e+00 -1.591885358234327157e+02
5.980866374963866861e+00 -1.591848187156676602e+02
6.009414663149854618e+00 -1.591644793925737247e+02
6.037962951335856587e+00 -1.591303658262785063e+02
6.066511239521830134e+00 -1.590881401464330054e+02
6.095059527707817892e+00 -1.590450427260053630e+02
6.123607815893805650e+00 -1.590084481287103131e+02
6.152156104079779197e+00 -1.589854490378570233e+02
6.180704392265766955e+00 -1.589792829956232083e+02
6.209252680451754713e+00 -1.589907299697047733e+02
6.237800968637742471e+00 -1.590186311319877746e+02
6.266349256823730229e+00 -1.590566003081619044e+02
6.294897545009717987e+00 -1.591001594112324540e+02
6.323445833195691534e+00 -1.591429327462215610e+02
6.351994121381679292e+00 -1.591780636143323875e+02
6.380542409567667050e+00 -1.592003116094188044e+02
6.409090697753640598e+00 -1.592071428527032140e+02
6.437638985939642566e+00 -1.591992667450887211e+02
6.466187274125630324e+00 -1.591804656644570173e+02
6.494735562311603871e+00 -1.591569974554601572e+02
6.523283850497591629e+00 -1.591362625745928767e+02
6.551832138683579387e+00 -1.591242888810163549e+02
6.580380426869552934e+00 -1.591262059937795073e+02
6.608928715055540692e+00 -1.591448380929569169e+02
6.637477003241542661e+00 -1.591799829858465500e+02
6.666025291427516208e+00 -1.592286128013650170e+02
6.694573579613503966e+00 -1.592865674754569625e+02
6.723121867799491724e+00 -1.593472235137634243e+02
6.751670155985465271e+00 -1.594043116955959647e+02
6.780218444171453029e+00 -1.594516369289689521e+02
6.808766732357440787e+00 -1.594850170972958949e+02
6.837315020543428545e+00 -1.595031809153565518e+02
6.865863308729416303e+00 -1.595086094251159921e+02
6.894411596915404061e+00 -1.595057591194257327e+02
6.922959885101377608e+00 -1.595007964476790789e+02
6.951508173287365366e+00 -1.595006457149989103e+02
6.980056461473353124e+00 -1.595114504529435067e+02
7.008604749659326671e+00 -1.595375428701181306e+02
7.037153037845328640e+00 -1.595807706104210126e+02
7.065701326031316398e+00 -1.596402238413002976e+02
7.094249614217289945e+00 -1.597109375346519187e+02
7.122797902403277703e+00 -1.597885361174201932e+02
7.151346190589265461e+00 -1.598667412749761354e+02
7.179894478775253219e+00 -1.599385498056770700e+02
7.208442766961226766e+00 -1.599982820379855468e+02
7.236991055147228735e+00 -1.600434706722377598e+02
7.265539343333202282e+00 -1.600733126219381859e+02
7.294087631519190040e+00 -1.600909667675236960e+02
7.322635919705177798e+00 -1.601021367376672515e+02
7.351184207891151345e+00 -1.601139005160651152e+02
7.379732496077153314e+00 -1.601333418498248591e+02
7.408280784263126861e+00 -1.601662963692149049e+02
7.436829072449114619e+00 -1.602164021680562769e+02
7.465377360635102377e+00 -1.602845414457941331e+02
7.493925648821090135e+00 -1.603687031372955119e+02
7.522473937007063682e+00 -1.604642789346601717e+02
7.551022225193051440e+00 -1.605613032545974761e+02
7.579570513379053409e+00 -1.606577710664226117e+02
7.608118801565012745e+00 -1.607444759423039216e+02
7.636667089751014714e+00 -1.608161859429196454e+02
7.665215377937002472e+00 -1.608705904771857149e+02
7.693763666122976019e+00 -1.609089992215707525e+02
7.722311954308963777e+00 -1.609360830953360448e+02
7.750860242494951535e+00 -1.609588874430930616e+02
7.779408530680939293e+00 -1.609853750810590611e+02
7.807956818866912840e+00 -1.610229765942947040e+02
7.836505107052914809e+00 -1.610772860033153506e+02
7.865053395238888356e+00 -1.611512202685078421e+02
7.893601683424876114e+00 -1.612445151368204961e+02
7.922149971610863872e+00 -1.613537708618210331e+02
7.950698259796837419e+00 -1.614736637537411923e+02
7.979246547982839388e+00 -1.615939974944234052e+02
8.007794836168827146e+00 -1.617065270803764179e+02
8.036343124354800693e+00 -1.618056832202065891e+02
8.064891412540788451e+00 -1.618841337377426157e+02
8.093439700726776209e+00 -1.619424601914973039e+02
8.121987988912749756e+00 -1.619837928500591602e+02
8.150536277098737514e+00 -1.620148072907489336e+02
8.179084565284739483e+00 -1.620442908580645565e+02
8.207632853470713030e+00 -1.620813904981786777e+02
8.236181141656700788e+00 -1.621339608967155925e+02
8.264729429842688546e+00 -1.622072695380247183e+02
8.293277718028662093e+00 -1.623033723282588312e+02
8.321826006214649851e+00 -1.624211453315428173e+02
8.350374294400637609e+00 -1.625544877961547172e+02
8.378922582586625367e+00 -1.626952815481468519e+02
8.407470870772613125e+00 -1.628340077010361142e+02
8.436019158958600883e+00 -1.629558343270217051e+02
8.464567447144574430e+00 -1.630621495877209668e+02
8.493115735330562188e+00 -1.631361393788632768e+02
8.521664023516549946e+00 -1.631864541493853835e+02
8.550212311702523493e+00 -1.632188388317909755e+02
8.578760599888525462e+00 -1.632426474549305908e+02
8.607308888074513220e+00 -1.632688215688906439e+02
8.635857176260486767e+00 -1.633077538540555906e+02
8.664405464446474525e+00 -1.633681197313824782e+02
8.692953752632462283e+00 -1.634543468769669232e+02
8.721502040818435830e+00 -1.635661567034320001e+02
8.750050329004423588e+00 -1.636993382400276573e+02
8.778598617190411346e+00 -1.638457821661723415e+02
8.807146905376399104e+00 -1.639946051781366236e+02
8.835695193562386862e+00 -1.641340686689039501e+02
8.864243481748374620e+00 -1.642541410455022799e+02
8.892791769934348167e+00 -1.643403188670296800e+02
8.921340058120335925e+00 -1.643964316309670721e+02
8.949888346306323683e+00 -1.644165119856073716e+02
8.978436634492311441e+00 -1.644192524729654110e+02
9.006984922678299199e+00 -1.644171015476728996e+02
9.035533210864286957e+00 -1.644241810405424360e+02
9.064081499050260504e+00 -1.644503814900784562e+02
9.092629787236248262e+00 -1.645028578013873073e+02
9.121178075422236020e+00 -1.645841411004306565e+02
9.149726363608209567e+00 -1.646916515818785172e+02
9.178274651794211536e+00 -1.648179119550133578e+02
9.206822939980185083e+00 -1.649514741002429332e+02
9.235371228166172841e+00 -1.650786954582544297e+02
9.263919516352160599e+00 -1.651863782769692648e+02
9.292467804538148357e+00 -1.652648770184224531e+02
9.321016092724136115e+00 -1.653070577121912095e+02
9.349564380910109662e+00 -1.653207583568632799e+02
9.378112669096097420e+00 -1.652849520738727733e+02
9.406660957282085178e+00 -1.652378121562090030e+02
9.435209245468072936e+00 -1.651926873634612036e+02
9.463757533654060694e+00 -1.651625837569278303e+02
9.492305821840034241e+00 -1.651570036069610978e+02
9.520854110026036210e+00 -1.651806351682856473e+02
9.549402398212009757e+00 -1.652327759560455718e+02
9.577950686397997515e+00 -1.653074596372104850e+02
9.606498974583985273e+00 -1.653941540785429538e+02
9.635047262769958820e+00 -1.654793415861592507e+02
9.663595550955946578e+00 -1.655488880577076145e+02
9.692143839141934336e+00 -1.655911013420594600e+02
9.720692127327922094e+00 -1.655996217520950893e+02
9.749240415513895641e+00 -1.655762045049665687e+02
9.777788703699897610e+00 -1.655239751484521378e+02
9.806336991885871157e+00 -1.654487528258073041e+02
9.834885280071858915e+00 -1.653525577401151168e+02
9.863433568257846673e+00 -1.652664791962321829e+02
9.891981856443834431e+00 -1.652007949987978179e+02
9.920530144629822189e+00 -1.651615839813953528e+02
9.949078432815809947e+00 -1.651500282315707580e+02
9.977626721001783494e+00 -1.651623858701539120e+02
1.000617500918777125e+01 -1.651905646270239458e+02
1.003472329737375901e+01 -1.652233374755671491e+02
1.006327158555973256e+01 -1.652482287492342721e+02
1.009181987374572032e+01 -1.652539851142989846e+02
1.012036816193172228e+01 -1.652340210843338753e+02
1.014891645011769583e+01 -1.651850835407595355e+02
1.017746473830368359e+01 -1.651110311517862499e+02
1.020601302648967135e+01 -1.650208040918454344e+02
1.023456131467564489e+01 -1.649261157821329959e+02
1.026310960286163265e+01 -1.648134550661763456e+02
1.029165789104762041e+01 -1.647133699520630046e+02
1.032020617923360817e+01 -1.646346514052293628e+02
1.034875446741959593e+01 -1.645800156850359315e+02
1.037730275560558368e+01 -1.645481262249912788e+02
1.040585104379155723e+01 -1.645338883610476728e+02
1.043439933197754499e+01 -1.645292546681930617e+02
1.046294762016353275e+01 -1.645249341812364037e+02
1.049149590834950629e+01 -1.645114571782408746e+02
1.052004419653550826e+01 -1.644806595406555516e+02
1.054859248472149602e+01 -1.644284787548239990e+02
1.057714077290746957e+01 -1.643553194945004066e+02
1.060568906109345733e+01 -1.642658920361938897e+02
1.063423734927944508e+01 -1.641680441291223929e+02
1.066278563746541863e+01 -1.640714304085286130e+02
1.069133392565140639e+01 -1.639784162517140089e+02
1.071988221383740836e+01 -1.638882743986269190e+02
1.074843050202338191e+01 -1.638172699018567187e+02
1.077697879020936966e+01 -1.637660277623753586e+02
1.080552707839535742e+01 -1.637321045356617617e+02
1.083407536658133097e+01 -1.637109711699008017e+02
1.086262365476731873e+01 -1.636952591514149162e+02
1.089117194295330648e+01 -1.636771921472245879e+02
1.091972023113929424e+01 -1.636498635960437298e+02
1.094826851932528200e+01 -1.636083954944479046e+02
1.097681680751126976e+01 -1.635509430811906668e+02
1.100536509569724331e+01 -1.634790251824326219e+02
1.103391338388323106e+01 -1.633970945456284198e+02
1.106246167206921882e+01 -1.633115238943726411e+02
1.109100996025519237e+01 -1.632292879855949650e+02
1.111955824844119434e+01 -1.631580802798538343e+02
1.114810653662718209e+01 -1.630907734007535907e+02
1.117665482481315564e+01 -1.630373122223130338e+02
1.120520311299914340e+01 -1.629999983974062445e+02
1.123375140118513116e+01 -1.629756227693144126e+02
1.126229968937111892e+01 -1.629595298467093016e+02
1.129084797755709246e+01 -1.629459406232093102e+02
1.131939626574309443e+01 -1.629289423009086875e+02
1.134794455392906798e+01 -1.629035636102823901e+02
1.137649284211505574e+01 -1.628667235497789534e+02
1.140504113030104349e+01 -1.628178064548862380e+02
1.143358941848701704e+01 -1.627587411543538849e+02
1.146213770667301901e+01 -1.626935253740383587e+02
1.149068599485899256e+01 -1.626273577027037902e+02
1.151923428304498032e+01 -1.625656205163005552e+02
1.154778257123096807e+01 -1.625131564892247980e+02
1.157633085941695583e+01 -1.624727676059329724e+02
1.160487914760292938e+01 -1.624397621643770435e+02
1.163342743578891714e+01 -1.624193217351927672e+02
1.166197572397491911e+01 -1.624086089663969688e+02
1.169052401216087844e+01 -1.624034598672836864e+02
1.171907230034688041e+01 -1.623990308077431166e+02
1.174762058853286817e+01 -1.623906402997571377e+02
1.177616887671884172e+01 -1.623746308385436521e+02
1.180471716490482947e+01 -1.623490313296141778e+02
1.183326545309081723e+01 -1.623139418659134492e+02
1.186181374127680499e+01 -1.622714513654175050e+02
1.189036202946279275e+01 -1.622251849218064308e+02
1.191891031764878051e+01 -1.621798829637898507e+02
1.194745860583475405e+01 -1.621395851346478878e+02
1.197600689402074181e+01 -1.621077510158739017e+02
1.200455518220672957e+01 -1.620868868331598094e+02
1.203310347039270312e+01 -1.620750388649524609e+02
1.206165175857870508e+01 -1.620720949605973544e+02
1.209020004676469284e+01 -1.620766138155241549e+02
1.211874833495066639e+01 -1.620848218418467468e+02
1.214729662313665415e+01 -1.620925461314140534e+02
1.217584491132264191e+01 -1.620959707450972473e+02
1.220439319950861545e+01 -1.620922965063240326e+02
1.223294148769460321e+01 -1.620802945653489360e+02
1.226148977588060518e+01 -1.620606408191012520e+02
1.229003806406657873e+01 -1.620356439260793024e+02
1.231858635225256648e+01 -1.620084404394495152e+02
1.234713464043855424e+01 -1.619829028461876703e+02
1.237568292862452779e+01 -1.619626948586547428e+02
1.240423121681051555e+01 -1.619506402874543198e+02
1.243277950499650331e+01 -1.619482572096852664e+02
1.246132779318249106e+01 -1.619557067858062567e+02
1.248987608136847882e+01 -1.619703143611992857e+02
1.251842436955446658e+01 -1.619908260467482819e+02
1.254697265774044013e+01 -1.620137257703955243e+02
1.257552094592642788e+01 -1.620352953890206891e+02
1.260406923411241564e+01 -1.620522930012887457e+02
1.263261752229838919e+01 -1.620627422682088081e+02
1.266116581048439116e+01 -1.620658083436628090e+02
1.268971409867037892e+01 -1.620622660783704134e+02
1.271826238685635246e+01 -1.620543956867369673e+02
1.274681067504234022e+01 -1.620454426359134743e+02
1.277535896322832798e+01 -1.620389699381933895e+02
1.280390725141430153e+01 -1.620382271908090956e+02
1.283245553960028928e+01 -1.620455954896748096e+02
1.286100382778629125e+01 -1.620621998914380697e+02
1.288955211597226480e+01 -1.620877822627676039e+02
1.291810040415825256e+01 -1.621206326265379687e+02
1.294664869234424032e+01 -1.621577289973954805e+02
1.297519698053021386e+01 -1.621962866669882146e+02
1.300374526871620162e+01 -1.622330495058794781e+02
1.303229355690218938e+01 -1.622648298858599674e+02
1.306084184508817714e+01 -1.622898410802174851e+02
1.308939013327416490e+01 -1.623077336001798585e+02
1.311793842146015265e+01 -1.623196760684225808e+02
1.314648670964612620e+01 -1.623280933994232385e+02
1.317503499783211396e+01 -1.623362468425361556e+02
1.320358328601811593e+01 -1.623475551534889121e+02
1.323213157420407526e+01 -1.623650444857687773e+02
1.326067986239007723e+01 -1.623908091587114768e+02
1.328922815057606499e+01 -1.624256848951152961e+02
1.331777643876203854e+01 -1.624691940368374787e+02
1.334632472694802630e+01 -1.625197870667734605e+02
1.337487301513401405e+01 -1.625742737817782029e+02
1.340342130332000181e+01 -1.626282897747635730e+02
1.343196959150597536e+01 -1.626796440835282738e+02
1.346051787969197733e+01 -1.627254612567066943e+02
1.348906616787795087e+01 -1.627642938000903712e+02
1.351761445606393863e+01 -1.627961159299511564e+02
1.354616274424992639e+01 -1.628224458799942340e+02
1.357471103243589994e+01 -1.628459884048721165e+02
1.360325932062190191e+01 -1.628701373580885559e+02
1.363180760880787545e+01 -1.628983461150111793e+02
1.366035589699386321e+01 -1.629335705027977781e+02
1.368890418517985097e+01 -1.629777266779371985e+02
1.371745247336583873e+01 -1.630317095083551067e+02
1.374600076155181227e+01 -1.630945886863031546e+02
1.377454904973780003e+01 -1.631644198822407361e+02
1.380309733792380200e+01 -1.632384305350331317e+02
1.383164562610976134e+01 -1.633104445582235087e+02
1.386019391429576331e+01 -1.633773772134918545e+02
1.388874220248175106e+01 -1.634383889701617250e+02
1.391729049066772461e+01 -1.634918568532629592e+02
1.394583877885371237e+01 -1.635381127565211727e+02
1.397438706703970013e+01 -1.635789096383417700e+02
1.400293535522568789e+01 -1.636172949435656676e+02
1.403148364341167564e+01 -1.636568072877147415e+02
1.406003193159766340e+01 -1.637010803855506538e+02
1.408858021978363695e+01 -1.637531374258922483e+02
1.411712850796962471e+01 -1.638144320259258109e+02
1.414567679615561246e+01 -1.638851097499224636e+02
1.417422508434158601e+01 -1.639639704987089317e+02
1.420277337252758798e+01 -1.640486627070771704e+02
1.423132166071357574e+01 -1.641361817853852756e+02
1.425986994889954929e+01 -1.642202622065768480e+02
