-1.425986994889954929e+01 -1.510733946055352703e+02
-1.423132166071357574e+01 -1.510396869796847170e+02
-1.420277337252758798e+01 -1.510137583241599941e+02
-1.417422508434160022e+01 -1.509959465024844576e+02
-1.414567679615561246e+01 -1.509893836610214066e+02
-1.411712850796962471e+01 -1.509888936365134668e+02
-1.408858021978363695e+01 -1.509967982287955692e+02
-1.406003193159766340e+01 -1.510030084601517046e+02
-1.403148364341167564e+01 -1.510114297589954333e+02
-1.400293535522568789e+01 -1.510142710758157989e+02
-1.397438706703971434e+01 -1.510068818994545552e+02
-1.394583877885371237e+01 -1.509996365156033278e+02
-1.391729049066772461e+01 -1.509778161087687920e+02
-1.388874220248175106e+01 -1.509553065520476594e+02
-1.386019391429576331e+01 -1.509318648215572125e+02
-1.383164562610977555e+01 -1.509113285470964456e+02
-1.380309733792380200e+01 -1.508931928392142368e+02
-1.377454904973780003e+01 -1.508865044204296169e+02
-1.374600076155181227e+01 -1.508897379245510422e+02
-1.371745247336583873e+01 -1.509023124876135000e+02
-1.368890418517985097e+01 -1.509237491964138087e+02
-1.366035589699386321e+01 -1.509470210232917680e+02
-1.363180760880788966e+01 -1.509783661619142094e+02
-1.360325932062190191e+01 -1.509998355345247205e+02
-1.357471103243589994e+01 -1.510193967664088177e+02
-1.354616274424992639e+01 -1.510261941104941457e+02
-1.351761445606393863e+01 -1.510293552028724946e+02
-1.348906616787795087e+01 -1.510246429446437162e+02
-1.346051787969197733e+01 -1.510164128676368591e+02
-1.343196959150598957e+01 -1.510047999473781033e+02
-1.340342130332000181e+01 -1.510009572434620964e+02
-1.337487301513401405e+01 -1.510032020015650573e+02
-1.334632472694802630e+01 -1.510165922116335082e+02
-1.331777643876203854e+01 -1.510393477443485324e+02
-1.328922815057606499e+01 -1.510720496818979655e+02
-1.326067986239007723e+01 -1.511153607786510236e+02
-1.323213157420408947e+01 -1.511579244932420067e+02
-1.320358328601811593e+01 -1.512056137716791966e+02
-1.317503499783211396e+01 -1.512450870355532686e+02
-1.314648670964612620e+01 -1.512796004343718153e+02
-1.311793842146015265e+01 -1.513041318388784475e+02
-1.308939013327416490e+01 -1.513185498813326717e+02
-1.306084184508817714e+01 -1.513204898687700393e+02
-1.303229355690220359e+01 -1.513236160709562341e+02
-1.300374526871621583e+01 -1.513285251057996277e+02
-1.297519698053021386e+01 -1.513377873972140435e+02
-1.294664869234424032e+01 -1.513622254623702190e+02
-1.291810040415825256e+01 -1.513941125498698739e+02
-1.288955211597226480e+01 -1.514407213509667827e+02
-1.286100382778629125e+01 -1.514916926040791907e+02
-1.283245553960030350e+01 -1.515565598059002070e+02
-1.280390725141431574e+01 -1.516173624084611902e+02
-1.277535896322832798e+01 -1.516828720889865849e+02
-1.274681067504234022e+01 -1.517412935073514575e+02
-1.271826238685635246e+01 -1.517870993027140969e+02
-1.268971409867037892e+01 -1.518146636026808380e+02
-1.266116581048439116e+01 -1.518375821085457176e+02
-1.263261752229840340e+01 -1.518513704887830613e+02
-1.260406923411241564e+01 -1.518619335901452700e+02
-1.257552094592642788e+01 -1.518743756079422553e+02
-1.254697265774044013e+01 -1.519019955101244364e+02
-1.251842436955446658e+01 -1.519369466029237401e+02
-1.248987608136847882e+01 -1.519934545315966830e+02
-1.246132779318249106e+01 -1.520667160674485388e+02
-1.243277950499651752e+01 -1.521312640678519301e+02
-1.240423121681051555e+01 -1.522155162847025451e+02
-1.237568292862452779e+01 -1.523000316226235213e+02
-1.234713464043855424e+01 -1.523801702723384892e+02
-1.231858635225256648e+01 -1.524463751099512479e+02
-1.229003806406657873e+01 -1.524903706973297517e+02
-1.226148977588060518e+01 -1.525266852741500827e+02
-1.223294148769461742e+01 -1.525515820757162544e+02
-1.220439319950861545e+01 -1.525611603941470946e+02
-1.217584491132264191e+01 -1.525746993324393088e+02
-1.214729662313665415e+01 -1.525887875670354674e+02
-1.211874833495066639e+01 -1.526242211605014347e+02
-1.209020004676469284e+01 -1.526770859073425584e+02
-1.206165175857870508e+01 -1.527405655334030428e+02
-1.203310347039271733e+01 -1.528326419763129707e+02
-1.200455518220672957e+01 -1.529294142766681261e+02
-1.197600689402074181e+01 -1.530244667967455712e+02
-1.194745860583475405e+01 -1.531159995603706250e+02
-1.191891031764878051e+01 -1.531984273058246231e+02
-1.189036202946279275e+01 -1.532587087710088838e+02
-1.186181374127680499e+01 -1.533001339499663231e+02
-1.183326545309081723e+01 -1.533165724993223762e+02
-1.180471716490482947e+01 -1.533239871835628207e+02
-1.177616887671884172e+01 -1.533161596093375749e+02
-1.174762058853286817e+01 -1.533194336097878363e+02
-1.171907230034688041e+01 -1.533321301148283737e+02
-1.169052401216089265e+01 -1.533555808707730250e+02
-1.166197572397491911e+01 -1.534082345593104719e+02
-1.163342743578891714e+01 -1.534884385489879151e+02
-1.160487914760292938e+01 -1.535823816795931975e+02
-1.157633085941695583e+01 -1.536938740417784857e+02
-1.154778257123096807e+01 -1.537836486482981115e+02
-1.151923428304498032e+01 -1.538662031808358677e+02
-1.149068599485900677e+01 -1.539275686963851513e+02
-1.146213770667301901e+01 -1.539589590874639669e+02
-1.143358941848701704e+01 -1.539672076343436515e+02
-1.140504113030104349e+01 -1.539452432301553131e+02
-1.137649284211505574e+01 -1.539130165157342844e+02
-1.134794455392906798e+01 -1.538687724972887736e+02
-1.131939626574309443e+01 -1.538426317709989348e+02
-1.129084797755710667e+01 -1.538282054491508006e+02
-1.126229968937111892e+01 -1.538462025259178461e+02
-1.123375140118513116e+01 -1.538828437637578475e+02
-1.120520311299914340e+01 -1.539514295075866528e+02
-1.117665482481315564e+01 -1.540297654434119750e+02
-1.114810653662718209e+01 -1.541128317967730084e+02
-1.111955824844119434e+01 -1.541890264841184717e+02
-1.109100996025520658e+01 -1.542329277025858119e+02
-1.106246167206923303e+01 -1.542471894732420026e+02
-1.103391338388323106e+01 -1.542222522017237338e+02
-1.100536509569724331e+01 -1.541727570133759002e+02
-1.097681680751126976e+01 -1.540944140033408871e+02
-1.094826851932528200e+01 -1.540047410902827778e+02
-1.091972023113929424e+01 -1.539275430352039109e+02
-1.089117194295332069e+01 -1.538556772412874523e+02
-1.086262365476733294e+01 -1.538200331075341580e+02
-1.083407536658134518e+01 -1.538016069492851443e+02
-1.080552707839535742e+01 -1.538221442626689281e+02
-1.077697879020936966e+01 -1.538533202383476066e+02
-1.074843050202338191e+01 -1.538965803128536152e+02
-1.071988221383740836e+01 -1.539401816881545244e+02
-1.069133392565142060e+01 -1.539733114836047605e+02
-1.066278563746543284e+01 -1.539692244467017872e+02
-1.063423734927944508e+01 -1.539253056152124657e+02
-1.060568906109345733e+01 -1.538459226173703200e+02
-1.057714077290746957e+01 -1.537358291791719864e+02
-1.054859248472149602e+01 -1.536208455094991336e+02
-1.052004419653550826e+01 -1.534931711253297522e+02
-1.049149590834952050e+01 -1.533893992364756684e+02
-1.046294762016353275e+01 -1.532952468127056136e+02
-1.043439933197754499e+01 -1.532291093283720045e+02
-1.040585104379157144e+01 -1.531931865072280061e+02
-1.037730275560558368e+01 -1.531923885776800205e+02
-1.034875446741959593e+01 -1.531996688380472733e+02
-1.032020617923360817e+01 -1.532098929316964302e+02
-1.029165789104763462e+01 -1.532138662843641157e+02
-1.026310960286163265e+01 -1.531998664605291935e+02
-1.023456131467565910e+01 -1.531480582074317738e+02
-1.020601302648967135e+01 -1.530760347270434067e+02
-1.017746473830368359e+01 -1.529595636500761771e+02
-1.014891645011769583e+01 -1.528371509525288445e+02
-1.012036816193172228e+01 -1.526963798406774515e+02
-1.009181987374573453e+01 -1.525749611958829917e+02
-1.006327158555974677e+01 -1.524581579380570986e+02
-1.003472329737375901e+01 -1.523678734555103063e+02
-1.000617500918777125e+01 -1.523050221411106975e+02
-9.977626721001797705e+00 -1.522784947215183138e+02
-9.949078432815809947e+00 -1.522617780580779083e+02
-9.920530144629822189e+00 -1.522567551709075246e+02
-9.891981856443834431e+00 -1.522472840765858280e+02
-9.863433568257846673e+00 -1.522295210891353747e+02
-9.834885280071858915e+00 -1.521927909999512565e+02
-9.806336991885885368e+00 -1.521219662531393908e+02
-9.777788703699897610e+00 -1.520259230831745754e+02
-9.749240415513909852e+00 -1.519220393305072889e+02
-9.720692127327922094e+00 -1.517910866565029835e+02
-9.692143839141934336e+00 -1.516727390642217870e+02
-9.663595550955946578e+00 -1.515547565930093583e+02
-9.635047262769973031e+00 -1.514580195641337355e+02
-9.606498974583985273e+00 -1.513871815107317502e+02
-9.577950686397997515e+00 -1.513411316757995735e+02
-9.549402398212023968e+00 -1.513194125195091431e+02
-9.520854110026036210e+00 -1.513092649799171738e+02
-9.492305821840034241e+00 -1.513072765549352425e+02
-9.463757533654060694e+00 -1.512953096851456110e+02
-9.435209245468072936e+00 -1.512748098107156522e+02
-9.406660957282085178e+00 -1.512252563629938322e+02
-9.378112669096111631e+00 -1.511618334342063008e+02
-9.349564380910123873e+00 -1.510692372692287506e+02
-9.321016092724136115e+00 -1.509647103366121996e+02
-9.292467804538148357e+00 -1.508546851036140595e+02
-9.263919516352160599e+00 -1.507562013844717228e+02
-9.235371228166172841e+00 -1.506632814176766146e+02
-9.206822939980199294e+00 -1.505940612141530437e+02
-9.178274651794211536e+00 -1.505466469831953020e+02
-9.149726363608223778e+00 -1.505251329118708270e+02
-9.121178075422250231e+00 -1.505214213495404181e+02
-9.092629787236248262e+00 -1.505247329476650577e+02
-9.064081499050260504e+00 -1.505267293364082093e+02
-9.035533210864286957e+00 -1.505262087124470440e+02
-9.006984922678299199e+00 -1.505046736244286762e+02
-8.978436634492311441e+00 -1.504678511252971589e+02
-8.949888346306337894e+00 -1.504021727554867311e+02
-8.921340058120350136e+00 -1.503213695718253575e+02
-8.892791769934348167e+00 -1.502340310082519750e+02
-8.864243481748374620e+00 -1.501433594819432358e+02
-8.835695193562386862e+00 -1.500603446909210561e+02
-8.807146905376399104e+00 -1.499963660049786256e+02
-8.778598617190425557e+00 -1.499549269502559525e+02
-8.750050329004437799e+00 -1.499363772550345573e+02
-8.721502040818450041e+00 -1.499403781097561250e+02
-8.692953752632462283e+00 -1.499563890076164228e+02
-8.664405464446474525e+00 -1.499821408630567134e+02
-8.635857176260486767e+00 -1.499985067570157184e+02
-8.607308888074513220e+00 -1.500015876392320422e+02
-8.578760599888525462e+00 -1.499901772136917089e+02
-8.550212311702537704e+00 -1.499597380598548568e+02
-8.521664023516549946e+00 -1.499036971101864992e+02
-8.493115735330562188e+00 -1.498401526868435667e+02
-8.464567447144574430e+00 -1.497692288689621591e+02
-8.436019158958600883e+00 -1.496937788177999380e+02
-8.407470870772613125e+00 -1.496349347784785948e+02
-8.378922582586625367e+00 -1.495951099079957203e+02
-8.350374294400651820e+00 -1.495793016062981167e+02
-8.321826006214649851e+00 -1.495886547180976152e+02
-8.293277718028662093e+00 -1.496143563425751495e+02
-8.264729429842688546e+00 -1.496592420228820970e+02
-8.236181141656700788e+00 -1.496985234521382040e+02
-8.207632853470713030e+00 -1.497283427281703894e+02
-8.179084565284739483e+00 -1.497408903361099135e+02
-8.150536277098751725e+00 -1.497383828201964775e+02
-8.121987988912749756e+00 -1.497073461130251815e+02
-8.093439700726776209e+00 -1.496687151153865329e+02
-8.064891412540788451e+00 -1.496118559477263261e+02
-8.036343124354800693e+00 -1.495580408779112531e+02
-8.007794836168827146e+00 -1.495067242824098912e+02
-7.979246547982839388e+00 -1.494613821321484863e+02
-7.950698259796837419e+00 -1.494440274689538057e+02
-7.922149971610863872e+00 -1.494513572813032738e+02
-7.893601683424876114e+00 -1.494830730286607263e+02
-7.865053395238888356e+00 -1.495310490007123008e+02
-7.836505107052914809e+00 -1.495970512730406199e+02
-7.807956818866927051e+00 -1.496515113053554273e+02
-7.779408530680939293e+00 -1.496898744813328506e+02
-7.750860242494951535e+00 -1.497131168571890782e+02
-7.722311954308963777e+00 -1.497043475174026526e+02
-7.693763666122976019e+00 -1.496795454161233465e+02
-7.665215377937002472e+00 -1.496328949985700092e+02
-7.636667089751014714e+00 -1.495843093359630700e+02
-7.608118801565026956e+00 -1.495412838220583751e+02
-7.579570513379053409e+00 -1.495160589073419999e+02
-7.551022225193051440e+00 -1.494812870729935526e+02
-7.522473937007063682e+00 -1.494740975346378491e+02
-7.493925648821090135e+00 -1.494958485495317575e+02
-7.465377360635102377e+00 -1.495451768494169755e+02
-7.436829072449114619e+00 -1.496150584602731897e+02
-7.408280784263141072e+00 -1.496799261340597127e+02
-7.379732496077153314e+00 -1.497378663202188420e+02
-7.351184207891151345e+00 -1.497829573230842755e+02
-7.322635919705177798e+00 -1.497882374607483484e+02
-7.294087631519190040e+00 -1.497704100513201695e+02
-7.265539343333202282e+00 -1.497245205284875453e+02
-7.236991055147228735e+00 -1.496690503860283172e+02
-7.208442766961240977e+00 -1.496130380628665364e+02
-7.179894478775253219e+00 -1.495708971747562259e+02
-7.151346190589265461e+00 -1.495502524887403979e+02
-7.122797902403277703e+00 -1.495499244093112452e+02
-7.094249614217289945e+00 -1.495262159447210308e+02
-7.065701326031316398e+00 -1.495445391829641153e+02
-7.037153037845328640e+00 -1.495965005940863364e+02
-7.008604749659340882e+00 -1.496576373068410248e+02
-6.980056461473367335e+00 -1.497168542667868110e+02
-6.951508173287365366e+00 -1.497493891613950154e+02
-6.922959885101377608e+00 -1.497533490669096636e+02
-6.894411596915404061e+00 -1.497291736059365519e+02
-6.865863308729416303e+00 -1.496714947905007591e+02
-6.837315020543428545e+00 -1.495963191673148742e+02
-6.808766732357454998e+00 -1.495119245956970531e+02
-6.780218444171467240e+00 -1.494362737559579557e+02
-6.751670155985465271e+00 -1.493749984242820403e+02
-6.723121867799491724e+00 -1.493502023863023567e+02
-6.694573579613503966e+00 -1.493520171756077559e+02
-6.666025291427516208e+00 -1.493119107980437548e+02
-6.637477003241542661e+00 -1.493074130694544692e+02
-6.608928715055554903e+00 -1.493159806978960944e+02
-6.580380426869567145e+00 -1.493370831288622753e+02
-6.551832138683579387e+00 -1.493403697866811228e+02
-6.523283850497591629e+00 -1.493316423736708316e+02
-6.494735562311603871e+00 -1.492781069940532461e+02
-6.466187274125630324e+00 -1.491907747715734729e+02
-6.437638985939642566e+00 -1.490746214623773938e+02
-6.409090697753654808e+00 -1.489519232250868299e+02
-6.380542409567667050e+00 -1.488273874033463926e+02
-6.351994121381679292e+00 -1.487114668329167841e+02
-6.323445833195691534e+00 -1.486338481786240777e+02
-6.294897545009717987e+00 -1.485814514570964775e+02
-6.266349256823730229e+00 -1.485531113706454391e+02
-6.237800968637742471e+00 -1.485256262843544448e+02
-6.209252680451754713e+00 -1.484440059694597664e+02
-6.180704392265766955e+00 -1.484132995906074939e+02
-6.152156104079779197e+00 -1.483649687530167967e+02
-6.123607815893805650e+00 -1.483027427151216102e+02
-6.095059527707817892e+00 -1.482127907822110444e+02
-6.066511239521830134e+00 -1.481025520778067346e+02
-6.037962951335856587e+00 -1.479586872611789943e+02
-6.009414663149854618e+00 -1.477972704272372368e+02
-5.980866374963866861e+00 -1.476495779869884188e+02
-5.952318086777893313e+00 -1.474935238491104883e+02
-5.923769798591905555e+00 -1.473609307001965192e+02
-5.895221510405917797e+00 -1.472493809108589744e+02
-5.866673222219944250e+00 -1.471823795868490663e+02
-5.838124934033956492e+00 -1.471278229349520643e+02
-5.809576645847954524e+00 -1.470879498623692143e+02
-5.781028357661980976e+00 -1.469797155071063059e+02
-5.752480069475993218e+00 -1.468819930725993856e+02
-5.723931781290005461e+00 -1.467866656291010941e+02
-5.695383493104031913e+00 -1.466759169733414865e+02
-5.666835204918044155e+00 -1.465489021624217969e+02
-5.638286916732056397e+00 -1.464135033583911536e+02
-5.609738628546068639e+00 -1.462556946204315125e+02
-5.581190340360080882e+00 -1.460964802992364469e+02
-5.552642052174093124e+00 -1.459410076373825689e+02
-5.524093763988119576e+00 -1.458203725487002771e+02
-5.495545475802131818e+00 -1.457036779515532885e+02
-5.466997187616144060e+00 -1.456144341431792384e+02
-5.438448899430170513e+00 -1.455480425783770499e+02
-5.409900611244168545e+00 -1.455008910161248821e+02
-5.381352323058180787e+00 -1.454639140591460489e+02
-5.352804034872207239e+00 -1.454022917482908497e+02
-5.324255746686219481e+00 -1.452761978955683730e+02
-5.295707458500231724e+00 -1.451580929116511527e+02
-5.267159170314258176e+00 -1.450128723624746954e+02
-5.238610882128270418e+00 -1.448423198168415240e+02
-5.210062593942268450e+00 -1.446491941798874166e+02
-5.181514305756294902e+00 -1.444559293684374950e+02
-5.152966017570307145e+00 -1.442470584093421451e+02
-5.124417729384319387e+00 -1.440494614276038874e+02
-5.095869441198345839e+00 -1.438767905452382649e+02
-5.067321153012358081e+00 -1.437412829941653740e+02
-5.038772864826370323e+00 -1.436532678275673049e+02
-5.010224576640382566e+00 -1.436206907351759128e+02
-4.981676288454394808e+00 -1.436496896709053317e+02
-4.953128000268407050e+00 -1.437446935484912274e+02
-4.924579712082433502e+00 -1.439204915926791841e+02
-4.896031423896445745e+00 -1.441031729128645509e+02
-4.867483135710457987e+00 -1.443625555664744411e+02
-4.838934847524484439e+00 -1.447005828819038413e+02
-4.810386559338482471e+00 -1.451056357109472970e+02
-4.781838271152494713e+00 -1.455932668641908663e+02
-4.753289982966521166e+00 -1.461514126493308936e+02
-4.724741694780533408e+00 -1.467771849014035581e+02
-4.696193406594545650e+00 -1.474673609992881893e+02
-4.667645118408572102e+00 -1.482183492991303524e+02
-4.639096830222584344e+00 -1.490258115792875060e+02
-4.610548542036582376e+00 -1.498851620099005402e+02
-4.582000253850608829e+00 -1.507900965043145618e+02
-4.553451965664621071e+00 -1.517339888189156341e+02
-4.524903677478633313e+00 -1.527088393263720150e+02
-4.496355389292659765e+00 -1.537038306781874724e+02
-4.467807101106672008e+00 -1.545350487896792231e+02
-4.439258812920684250e+00 -1.547074523810274229e+02
-4.410710524734696492e+00 -1.550195531022908142e+02
-4.382162236548708734e+00 -1.553399380993598129e+02
-4.353613948362720976e+00 -1.556673379292187178e+02
-4.325065660176747429e+00 -1.560000755507755059e+02
-4.296517371990759671e+00 -1.563381756081195419e+02
-4.267969083804771913e+00 -1.566800886873802483e+02
-4.239420795618784155e+00 -1.570257465884139094e+02
-4.210872507432796397e+00 -1.573757483628874638e+02
-4.182324219246808639e+00 -1.577315922092220148e+02
-4.153775931060835092e+00 -1.580964627536691864e+02
-4.125227642874847334e+00 -1.584702226597598269e+02
-4.096679354688859576e+00 -1.588587718174516397e+02
-4.068131066502871818e+00 -1.592566148901647978e+02
-4.039582778316884060e+00 -1.596691490103524416e+02
-4.011034490130910513e+00 -1.600860764421244085e+02
-3.982486201944922755e+00 -1.605105552022436086e+02
-3.953937913758934997e+00 -1.609394611591241073e+02
-3.925389625572947239e+00 -1.613635421194791491e+02
-3.896841337386973692e+00 -1.617756475264197888e+02
-3.868293049200971723e+00 -1.621688353719432030e+02
-3.839744761014998176e+00 -1.625386641225360336e+02
-3.811196472829010418e+00 -1.628827600596405034e+02
-3.782648184643022660e+00 -1.632059322888001134e+02
-3.754099896457034902e+00 -1.635125912774082622e+02
-3.725551608271061355e+00 -1.638104223198053262e+02
-3.697003320085073597e+00 -1.641059670811816318e+02
-3.668455031899085839e+00 -1.644048421525107244e+02
-3.639906743713098081e+00 -1.647069573715058368e+02
-3.611358455527110323e+00 -1.650072325261326966e+02
-3.582810167341136776e+00 -1.652917439366156032e+02
-3.554261879155149018e+00 -1.655228773292445794e+02
-3.525713590969161260e+00 -1.657213619934660755e+02
-3.497165302783173502e+00 -1.658630254348428252e+02
-3.468617014597185744e+00 -1.659315413323379289e+02
-3.440068726411197986e+00 -1.659373636704589785e+02
-3.411520438225224439e+00 -1.658900247266473684e+02
-3.382972150039236681e+00 -1.658083798607018480e+02
-3.354423861853248923e+00 -1.657129133269642125e+02
-3.325875573667261165e+00 -1.656258884528799342e+02
-3.297327285481287618e+00 -1.655603580189279285e+02
-3.268778997295285649e+00 -1.655238029380556668e+02
-3.240230709109312102e+00 -1.655183711250221279e+02
-3.211682420923324344e+00 -1.655443240453055864e+02
-3.183134132737336586e+00 -1.655758745338068252e+02
-3.154585844551363039e+00 -1.655987082379408832e+02
-3.126037556365375281e+00 -1.655764430839030581e+02
-3.097489268179387523e+00 -1.655242405739803928e+02
-3.068940979993399765e+00 -1.654418045730953963e+02
-3.040392691807412007e+00 -1.653163469920547755e+02
-3.011844403621424249e+00 -1.651612907366708498e+02
-2.983296115435450702e+00 -1.649913535917382319e+02
-2.954747827249462944e+00 -1.648224376494387400e+02
-2.926199539063475186e+00 -1.646695903116512341e+02
-2.897651250877487428e+00 -1.645439918779397885e+02
-2.869102962691499670e+00 -1.644618151626480085e+02
-2.840554674505511912e+00 -1.644159727945217071e+02
-2.812006386319538365e+00 -1.643906129121050697e+02
-2.783458098133550607e+00 -1.643784107465629063e+02
-2.754909809947562849e+00 -1.643680765851949559e+02
-2.726361521761589302e+00 -1.643463892449256321e+02
-2.697813233575601544e+00 -1.642985425610203265e+02
-2.669264945389599575e+00 -1.642071601921388435e+02
-2.640716657203626028e+00 -1.640933904572949587e+02
-2.612168369017638270e+00 -1.639555156933778903e+02
-2.583620080831650512e+00 -1.637955766673776452e+02
-2.555071792645676965e+00 -1.636310257295508563e+02
-2.526523504459689207e+00 -1.634745078329432033e+02
-2.497975216273701449e+00 -1.633634896511996430e+02
-2.469426928087713691e+00 -1.632682372714991459e+02
-2.440878639901725933e+00 -1.631902975043246329e+02
-2.412330351715738175e+00 -1.631314437305360912e+02
-2.383782063529764628e+00 -1.630879729971453571e+02
-2.355233775343776870e+00 -1.630521511606845309e+02
-2.326685487157789112e+00 -1.630136482865306107e+02
-2.298137198971801354e+00 -1.629621235454905559e+02
-2.269588910785813596e+00 -1.628894649067129308e+02
-2.241040622599825838e+00 -1.627857501953625103e+02
-2.212492334413852291e+00 -1.626608481200335063e+02
-2.183944046227864533e+00 -1.625226560043808490e+02
-2.155395758041876775e+00 -1.623871548610863442e+02
-2.126847469855889017e+00 -1.622798738825958367e+02
-2.098299181669901259e+00 -1.621655732683228450e+02
-2.069750893483913501e+00 -1.620570039150857156e+02
-2.041202605297939954e+00 -1.619628806321770753e+02
-2.012654317111952196e+00 -1.618871091173230639e+02
-1.984106028925964438e+00 -1.618288045113977773e+02
-1.955557740739990891e+00 -1.617829355503220086e+02
-1.927009452553988922e+00 -1.617417116194091591e+02
-1.898461164368001164e+00 -1.616961994971609613e+02
-1.869912876182027617e+00 -1.616382860299853519e+02
-1.841364587996039859e+00 -1.615625582703423788e+02
-1.812816299810052101e+00 -1.614670625632143697e+02
-1.784268011624078554e+00 -1.613941990453933499e+02
-1.755719723438090796e+00 -1.613189782592432664e+02
-1.727171435252088827e+00 -1.612203017941727978e+02
-1.698623147066115280e+00 -1.611078583556515298e+02
-1.670074858880127522e+00 -1.609973027508120254e+02
-1.641526570694139764e+00 -1.608983086078194162e+02
-1.612978282508166217e+00 -1.608164293177884474e+02
-1.584429994322178459e+00 -1.607528871077589372e+02
-1.555881706136190701e+00 -1.607049225442278271e+02
-1.527333417950202943e+00 -1.606666905713161100e+02
-1.498785129764215185e+00 -1.606305631876321058e+02
-1.470236841578227427e+00 -1.605887151528466177e+02
-1.441688553392253880e+00 -1.605347950526268050e+02
-1.413140265206266122e+00 -1.605472834496601990e+02
-1.384591977020278364e+00 -1.605179048875441765e+02
-1.356043688834304817e+00 -1.604501375470715629e+02
-1.327495400648302848e+00 -1.603559842793140717e+02
-1.298947112462315090e+00 -1.602487184693586073e+02
-1.270398824276341543e+00 -1.601391579068436783e+02
-1.241850536090353785e+00 -1.600379159903381492e+02
-1.213302247904366027e+00 -1.599527737524933286e+02
-1.184753959718392480e+00 -1.598866742818103432e+02
-1.156205671532404722e+00 -1.598387051876081557e+02
-1.127657383346402753e+00 -1.598047002588482144e+02
-1.099109095160429206e+00 -1.597782222845300737e+02
-1.070560806974441448e+00 -1.597917202187334453e+02
-1.042012518788453690e+00 -1.598505289816409629e+02
-1.013464230602480143e+00 -1.598710999571028708e+02
-9.849159424164923848e-01 -1.598505369586698066e+02
-9.563676542305046269e-01 -1.597924225187313994e+02
-9.278193660445168689e-01 -1.597056960370147465e+02
-8.992710778585291109e-01 -1.596022253888506270e+02
-8.707227896725413530e-01 -1.594952435205059373e+02
-8.421745014865678058e-01 -1.593957967651740830e+02
-8.136262133005800479e-01 -1.593093946087619770e+02
-7.850779251145922899e-01 -1.592429037543043364e+02
-7.565296369286187428e-01 -1.591970941034340399e+02
-7.279813487426167740e-01 -1.591693149629033712e+02
-6.994330605566290160e-01 -1.592422670891818939e+02
-6.708847723706554689e-01 -1.593338767965802276e+02
-6.423364841846677109e-01 -1.593988528755482434e+02
-6.137881959986799529e-01 -1.594267696336874280e+02
-5.852399078127064058e-01 -1.594120090138255250e+02
-5.566916196267186479e-01 -1.593545769062461090e+02
-5.281433314407166790e-01 -1.592595005314497314e+02
-4.995950432547431319e-01 -1.591350484351224850e+02
-4.710467550687553739e-01 -1.589903929525314368e+02
-4.424984668827676160e-01 -1.588335125346746395e+02
-4.139501786967940689e-01 -1.586696853973271288e+02
-3.854018905108063109e-01 -1.585007356862314225e+02
-3.568536023248043421e-01 -1.583403427575934757e+02
-3.283053141388307949e-01 -1.582646494325629476e+02
-2.997570259528430370e-01 -1.581545786327446308e+02
-2.712087377668552790e-01 -1.580028652279089272e+02
-2.426604495808817319e-01 -1.578078021969589884e+02
-2.141121613948939739e-01 -1.575741802540666754e+02
-1.855638732088920051e-01 -1.573126404734639721e+02
-1.570155850229184580e-01 -1.570377900447986690e+02
-1.284672968369307000e-01 -1.567658216737030443e+02
-9.991900865094294204e-02 -1.565123920514156737e+02
-7.137072046496939492e-02 -1.562911632596637048e+02
-4.282243227898163695e-02 -1.561130394261639367e+02
-1.427414409299387898e-02 -1.559858409400571304e+02
1.427414409299387898e-02 -1.559858409400571304e+02
4.282243227898163695e-02 -1.561130394261638514e+02
7.137072046496939492e-02 -1.562911632596634490e+02
9.991900865094294204e-02 -1.565123920514173790e+02
1.284672968369307000e-01 -1.567658216737026748e+02
1.570155850229184580e-01 -1.570377900447992943e+02
1.855638732088920051e-01 -1.573126404734629205e+02
2.141121613948939739e-01 -1.575741802540666754e+02
2.426604495808817319e-01 -1.578078021969582210e+02
2.712087377668552790e-01 -1.580028652279084440e+02
2.997570259528430370e-01 -1.581545786327447161e+02
3.283053141388307949e-01 -1.582646494325633171e+02
3.568536023248043421e-01 -1.583403427575937599e+02
3.854018905107921000e-01 -1.585007356862328436e+02
4.139501786967940689e-01 -1.586696853973269299e+02
4.424984668827676160e-01 -1.588335125346739858e+02
4.710467550687553739e-01 -1.589903929525308683e+02
4.995950432547431319e-01 -1.591350484351214050e+02
5.281433314407166790e-01 -1.592595005314502998e+02
5.566916196267044370e-01 -1.593545769062453985e+02
5.852399078126921950e-01 -1.594120090138275145e+02
6.137881959986799529e-01 -1.594267696336853533e+02
6.423364841846677109e-01 -1.593988528755451739e+02
6.708847723706554689e-01 -1.593338767965779823e+02
6.994330605566290160e-01 -1.592422670891829455e+02
7.279813487426167740e-01 -1.591693149628986248e+02
7.565296369286045319e-01 -1.591970941034298335e+02
7.850779251145780790e-01 -1.592429037542997321e+02
8.136262133005800479e-01 -1.593093946087618633e+02
8.421745014865678058e-01 -1.593957967651707293e+02
8.707227896725413530e-01 -1.594952435205055963e+02
8.992710778585291109e-01 -1.596022253888500870e+02
9.278193660445168689e-01 -1.597056960370150307e+02
9.563676542304904160e-01 -1.597924225187289267e+02
9.849159424164781740e-01 -1.598505369586683571e+02
1.013464230602480143e+00 -1.598710999571047466e+02
1.042012518788453690e+00 -1.598505289816409629e+02
1.070560806974441448e+00 -1.597917202187339001e+02
1.099109095160429206e+00 -1.597782222845329727e+02
1.127657383346402753e+00 -1.598047002588474186e+02
1.156205671532390511e+00 -1.598387051876094915e+02
1.184753959718378269e+00 -1.598866742818103717e+02
1.213302247904366027e+00 -1.599527737524941813e+02
1.241850536090353785e+00 -1.600379159903379787e+02
1.270398824276341543e+00 -1.601391579068439626e+02
1.298947112462315090e+00 -1.602487184693581241e+02
1.327495400648302848e+00 -1.603559842793139296e+02
1.356043688834304817e+00 -1.604501375470723019e+02
1.384591977020264153e+00 -1.605179048875435228e+02
1.413140265206266122e+00 -1.605472834496595453e+02
1.441688553392253880e+00 -1.605347950526257250e+02
1.470236841578227427e+00 -1.605887151528476693e+02
1.498785129764215185e+00 -1.606305631876305995e+02
1.527333417950202943e+00 -1.606666905713181563e+02
1.555881706136190701e+00 -1.607049225442289639e+02
1.584429994322164248e+00 -1.607528871077609267e+02
1.612978282508166217e+00 -1.608164293177881348e+02
1.641526570694139764e+00 -1.608983086078199563e+02
1.670074858880127522e+00 -1.609973027508117980e+02
1.698623147066115280e+00 -1.611078583556518993e+02
1.727171435252088827e+00 -1.612203017941731957e+02
1.755719723438090796e+00 -1.613189782592434369e+02
1.784268011624064343e+00 -1.613941990453915309e+02
1.812816299810052101e+00 -1.614670625632118686e+02
1.841364587996039859e+00 -1.615625582703411283e+02
1.869912876182027617e+00 -1.616382860299870856e+02
1.898461164368001164e+00 -1.616961994971618992e+02
1.927009452553988922e+00 -1.617417116194071696e+02
1.955557740739976680e+00 -1.617829355503202464e+02
1.984106028925964438e+00 -1.618288045113953331e+02
2.012654317111952196e+00 -1.618871091173240870e+02
2.041202605297939954e+00 -1.619628806321744605e+02
2.069750893483913501e+00 -1.620570039150853177e+02
2.098299181669901259e+00 -1.621655732683219071e+02
2.126847469855889017e+00 -1.622798738825956093e+02
2.155395758041876775e+00 -1.623871548610890159e+02
2.183944046227864533e+00 -1.625226560043792574e+02
2.212492334413852291e+00 -1.626608481200337053e+02
2.241040622599825838e+00 -1.627857501953636472e+02
2.269588910785813596e+00 -1.628894649067148066e+02
2.298137198971801354e+00 -1.629621235454889643e+02
2.326685487157774901e+00 -1.630136482865283369e+02
2.355233775343776870e+00 -1.630521511606825129e+02
2.383782063529750417e+00 -1.630879729971422591e+02
2.412330351715738175e+00 -1.631314437305361764e+02
2.440878639901725933e+00 -1.631902975043255424e+02
2.469426928087713691e+00 -1.632682372714997427e+02
2.497975216273687238e+00 -1.633634896511972556e+02
2.526523504459674996e+00 -1.634745078329457897e+02
2.555071792645662754e+00 -1.636310257295504584e+02
2.583620080831650512e+00 -1.637955766673783842e+02
2.612168369017638270e+00 -1.639555156933766682e+02
2.640716657203626028e+00 -1.640933904572967208e+02
2.669264945389599575e+00 -1.642071601921398099e+02
2.697813233575587333e+00 -1.642985425610212928e+02
2.726361521761575091e+00 -1.643463892449265131e+02
2.754909809947562849e+00 -1.643680765851960075e+02
2.783458098133550607e+00 -1.643784107465637589e+02
2.812006386319524154e+00 -1.643906129121058939e+02
2.840554674505511912e+00 -1.644159727945213660e+02
2.869102962691499670e+00 -1.644618151626484632e+02
2.897651250877487428e+00 -1.645439918779432560e+02
2.926199539063460975e+00 -1.646695903116514614e+02
2.954747827249462944e+00 -1.648224376494385979e+02
2.983296115435436491e+00 -1.649913535917380898e+02
3.011844403621424249e+00 -1.651612907366703666e+02
3.040392691807412007e+00 -1.653163469920529849e+02
3.068940979993399765e+00 -1.654418045730971585e+02
3.097489268179373312e+00 -1.655242405739807623e+02
3.126037556365361070e+00 -1.655764430839026886e+02
3.154585844551348828e+00 -1.655987082379413664e+02
3.183134132737336586e+00 -1.655758745338078484e+02
3.211682420923324344e+00 -1.655443240453047054e+02
3.240230709109297891e+00 -1.655183711250226111e+02
3.268778997295285649e+00 -1.655238029380575711e+02
3.297327285481287618e+00 -1.655603580189291506e+02
3.325875573667261165e+00 -1.656258884528812700e+02
3.354423861853248923e+00 -1.657129133269652925e+02
3.382972150039236681e+00 -1.658083798607033259e+02
3.411520438225210228e+00 -1.658900247266490169e+02
3.440068726411197986e+00 -1.659373636704596606e+02
3.468617014597185744e+00 -1.659315413323393500e+02
3.497165302783173502e+00 -1.658630254348434505e+02
3.525713590969147049e+00 -1.657213619934664450e+02
3.554261879155149018e+00 -1.655228773292444373e+02
3.582810167341122565e+00 -1.652917439366156316e+02
3.611358455527110323e+00 -1.650072325261330093e+02
3.639906743713098081e+00 -1.647069573715058937e+02
3.668455031899071628e+00 -1.644048421525089907e+02
3.697003320085073597e+00 -1.641059670811816034e+02
3.725551608271047144e+00 -1.638104223198050704e+02
3.754099896457034902e+00 -1.635125912774086601e+02
3.782648184643022660e+00 -1.632059322887996586e+02
3.811196472829010418e+00 -1.628827600596405887e+02
3.839744761014983965e+00 -1.625386641225357209e+02
3.868293049200971723e+00 -1.621688353719429188e+02
3.896841337386973692e+00 -1.617756475264198457e+02
3.925389625572947239e+00 -1.613635421194788933e+02
3.953937913758934997e+00 -1.609394611591243347e+02
3.982486201944922755e+00 -1.605105552022433812e+02
4.011034490130896302e+00 -1.600860764421239537e+02
4.039582778316884060e+00 -1.596691490103524984e+02
4.068131066502871818e+00 -1.592566148901647978e+02
4.096679354688859576e+00 -1.588587718174514407e+02
4.125227642874847334e+00 -1.584702226597597985e+02
4.153775931060835092e+00 -1.580964627536688454e+02
4.182324219246808639e+00 -1.577315922092217306e+02
4.210872507432796397e+00 -1.573757483628872080e+02
4.239420795618784155e+00 -1.570257465884134831e+02
4.267969083804757702e+00 -1.566800886873799072e+02
4.296517371990759671e+00 -1.563381756081191440e+02
4.325065660176747429e+00 -1.560000755507749943e+02
4.353613948362720976e+00 -1.556673379292184336e+02
4.382162236548708734e+00 -1.553399380993593581e+02
4.410710524734696492e+00 -1.550195531022906152e+02
4.439258812920670039e+00 -1.547074523810271103e+02
4.467807101106657797e+00 -1.545350487896791662e+02
4.496355389292659765e+00 -1.537038306781862786e+02
4.524903677478633313e+00 -1.527088393263688886e+02
4.553451965664621071e+00 -1.517339888189136445e+02
4.582000253850608829e+00 -1.507900965043125723e+02
4.610548542036582376e+00 -1.498851620098991475e+02
4.639096830222570134e+00 -1.490258115792867670e+02
4.667645118408557892e+00 -1.482183492991288745e+02
4.696193406594545650e+00 -1.474673609992866830e+02
4.724741694780533408e+00 -1.467771849014013128e+02
4.753289982966521166e+00 -1.461514126493286199e+02
4.781838271152494713e+00 -1.455932668641893315e+02
4.810386559338482471e+00 -1.451056357109450232e+02
4.838934847524470229e+00 -1.447005828819022781e+02
4.867483135710443776e+00 -1.443625555664721674e+02
4.896031423896445745e+00 -1.441031729128630161e+02
4.924579712082433502e+00 -1.439204915926783599e+02
4.953128000268407050e+00 -1.437446935484904884e+02
4.981676288454394808e+00 -1.436496896709053033e+02
5.010224576640382566e+00 -1.436206907351744917e+02
5.038772864826356113e+00 -1.436532678275666228e+02
5.067321153012343871e+00 -1.437412829941645782e+02
5.095869441198345839e+00 -1.438767905452382649e+02
5.124417729384319387e+00 -1.440494614276033190e+02
5.152966017570307145e+00 -1.442470584093425998e+02
5.181514305756294902e+00 -1.444559293684363297e+02
5.210062593942268450e+00 -1.446491941798869334e+02
5.238610882128270418e+00 -1.448423198168397050e+02
5.267159170314243966e+00 -1.450128723624744680e+02
5.295707458500231724e+00 -1.451580929116511243e+02
5.324255746686219481e+00 -1.452761978955682309e+02
5.352804034872207239e+00 -1.454022917482907928e+02
5.381352323058180787e+00 -1.454639140591451678e+02
5.409900611244168545e+00 -1.455008910161246831e+02
5.438448899430170513e+00 -1.455480425783758847e+02
5.466997187616129850e+00 -1.456144341431790679e+02
5.495545475802131818e+00 -1.457036779515525495e+02
5.524093763988119576e+00 -1.458203725486992539e+02
5.552642052174093124e+00 -1.459410076373816025e+02
5.581190340360080882e+00 -1.460964802992357647e+02
5.609738628546068639e+00 -1.462556946204311430e+02
5.638286916732056397e+00 -1.464135033583903009e+02
5.666835204918029945e+00 -1.465489021624207453e+02
5.695383493104031913e+00 -1.466759169733399517e+02
5.723931781290005461e+00 -1.467866656290999003e+02
5.752480069475993218e+00 -1.468819930725993572e+02
5.781028357661980976e+00 -1.469797155071045154e+02
5.809576645847954524e+00 -1.470879498623677364e+02
5.838124934033956492e+00 -1.471278229349510411e+02
5.866673222219930040e+00 -1.471823795868481852e+02
5.895221510405917797e+00 -1.472493809108579512e+02
5.923769798591905555e+00 -1.473609307001956950e+02
5.952318086777893313e+00 -1.474935238491094935e+02
5.980866374963866861e+00 -1.476495779869874241e+02
6.009414663149854618e+00 -1.477972704272357021e+02
6.037962951335856587e+00 -1.479586872611781132e+02
6.066511239521830134e+00 -1.481025520778049440e+02
6.095059527707817892e+00 -1.482127907822095665e+02
6.123607815893805650e+00 -1.483027427151200754e+02
6.152156104079779197e+00 -1.483649687530157166e+02
6.180704392265766955e+00 -1.484132995906058454e+02
6.209252680451754713e+00 -1.484440059694591412e+02
6.237800968637742471e+00 -1.485256262843531658e+02
6.266349256823730229e+00 -1.485531113706443023e+02
6.294897545009717987e+00 -1.485814514570959659e+02
6.323445833195691534e+00 -1.486338481786227987e+02
6.351994121381679292e+00 -1.487114668329157894e+02
6.380542409567667050e+00 -1.488273874033452557e+02
6.409090697753640598e+00 -1.489519232250854373e+02
6.437638985939642566e+00 -1.490746214623773938e+02
6.466187274125630324e+00 -1.491907747715728476e+02
6.494735562311603871e+00 -1.492781069940528766e+02
6.523283850497591629e+00 -1.493316423736707179e+02
6.551832138683579387e+00 -1.493403697866815492e+02
6.580380426869552934e+00 -1.493370831288617921e+02
6.608928715055540692e+00 -1.493159806978958102e+02
6.637477003241542661e+00 -1.493074130694544124e+02
6.666025291427516208e+00 -1.493119107980438116e+02
6.694573579613503966e+00 -1.493520171756076138e+02
6.723121867799491724e+00 -1.493502023863019872e+02
6.751670155985465271e+00 -1.493749984242815572e+02
6.780218444171453029e+00 -1.494362737559575862e+02
6.808766732357440787e+00 -1.495119245956957172e+02
6.837315020543428545e+00 -1.495963191673144195e+02
6.865863308729416303e+00 -1.496714947905017254e+02
6.894411596915404061e+00 -1.497291736059364382e+02
6.922959885101377608e+00 -1.497533490669103458e+02
6.951508173287365366e+00 -1.497493891613950154e+02
6.980056461473353124e+00 -1.497168542667867257e+02
7.008604749659326671e+00 -1.496576373068416785e+02
7.037153037845328640e+00 -1.495965005940862511e+02
7.065701326031316398e+00 -1.495445391829634900e+02
7.094249614217289945e+00 -1.495262159447214003e+02
7.122797902403277703e+00 -1.495499244093108189e+02
7.151346190589265461e+00 -1.495502524887404832e+02
7.179894478775253219e+00 -1.495708971747563112e+02
7.208442766961226766e+00 -1.496130380628671332e+02
7.236991055147228735e+00 -1.496690503860288572e+02
7.265539343333202282e+00 -1.497245205284872611e+02
7.294087631519190040e+00 -1.497704100513204821e+02
7.322635919705177798e+00 -1.497882374607485190e+02
7.351184207891151345e+00 -1.497829573230844744e+02
7.379732496077153314e+00 -1.497378663202188136e+02
7.408280784263126861e+00 -1.496799261340601959e+02
7.436829072449114619e+00 -1.496150584602728486e+02
7.465377360635102377e+00 -1.495451768494166629e+02
7.493925648821090135e+00 -1.494958485495314733e+02
7.522473937007063682e+00 -1.494740975346380765e+02
7.551022225193051440e+00 -1.494812870729930125e+02
7.579570513379053409e+00 -1.495160589073425967e+02
7.608118801565012745e+00 -1.495412838220588867e+02
7.636667089751014714e+00 -1.495843093359628426e+02
7.665215377937002472e+00 -1.496328949985698102e+02
7.693763666122976019e+00 -1.496795454161242844e+02
7.722311954308963777e+00 -1.497043475174024820e+02
7.750860242494951535e+00 -1.497131168571903572e+02
7.779408530680939293e+00 -1.496898744813335043e+02
7.807956818866912840e+00 -1.496515113053552568e+02
7.836505107052914809e+00 -1.495970512730404778e+02
7.865053395238888356e+00 -1.495310490007121018e+02
7.893601683424876114e+00 -1.494830730286609537e+02
7.922149971610863872e+00 -1.494513572813034443e+02
7.950698259796837419e+00 -1.494440274689532373e+02
7.979246547982839388e+00 -1.494613821321485432e+02
8.007794836168827146e+00 -1.495067242824112270e+02
8.036343124354800693e+00 -1.495580408779125321e+02
8.064891412540788451e+00 -1.496118559477255872e+02
8.093439700726776209e+00 -1.496687151153869593e+02
8.121987988912749756e+00 -1.497073461130249257e+02
8.150536277098737514e+00 -1.497383828201971028e+02
8.179084565284739483e+00 -1.497408903361099703e+02
8.207632853470713030e+00 -1.497283427281706167e+02
8.236181141656700788e+00 -1.496985234521376924e+02
8.264729429842688546e+00 -1.496592420228815286e+02
8.293277718028662093e+00 -1.496143563425758600e+02
8.321826006214649851e+00 -1.495886547180964214e+02
8.350374294400637609e+00 -1.495793016062975767e+02
8.378922582586625367e+00 -1.495951099079964024e+02
8.407470870772613125e+00 -1.496349347784778843e+02
8.436019158958600883e+00 -1.496937788177997675e+02
8.464567447144574430e+00 -1.497692288689626423e+02
8.493115735330562188e+00 -1.498401526868423446e+02
8.521664023516549946e+00 -1.499036971101867834e+02
8.550212311702523493e+00 -1.499597380598550558e+02
8.578760599888525462e+00 -1.499901772136917373e+02
8.607308888074513220e+00 -1.500015876392323548e+02
8.635857176260486767e+00 -1.499985067570157184e+02
8.664405464446474525e+00 -1.499821408630567134e+02
8.692953752632462283e+00 -1.499563890076157975e+02
8.721502040818435830e+00 -1.499403781097563808e+02
8.750050329004423588e+00 -1.499363772550338751e+02
8.778598617190411346e+00 -1.499549269502565778e+02
8.807146905376399104e+00 -1.499963660049779151e+02
8.835695193562386862e+00 -1.500603446909203171e+02
8.864243481748374620e+00 -1.501433594819427810e+02
8.892791769934348167e+00 -1.502340310082510371e+02
8.921340058120335925e+00 -1.503213695718261818e+02
8.949888346306323683e+00 -1.504021727554861627e+02
8.978436634492311441e+00 -1.504678511252957094e+02
9.006984922678299199e+00 -1.505046736244277099e+02
9.035533210864286957e+00 -1.505262087124458219e+02
9.064081499050260504e+00 -1.505267293364072714e+02
9.092629787236248262e+00 -1.505247329476655693e+02
9.121178075422236020e+00 -1.505214213495397075e+02
9.149726363608209567e+00 -1.505251329118715944e+02
9.178274651794211536e+00 -1.505466469831945631e+02
9.206822939980185083e+00 -1.505940612141530721e+02
9.235371228166172841e+00 -1.506632814176765578e+02
9.263919516352160599e+00 -1.507562013844716091e+02
9.292467804538148357e+00 -1.508546851036144574e+02
9.321016092724136115e+00 -1.509647103366124838e+02
9.349564380910109662e+00 -1.510692372692282959e+02
9.378112669096097420e+00 -1.511618334342066987e+02
9.406660957282085178e+00 -1.512252563629938891e+02
9.435209245468072936e+00 -1.512748098107158796e+02
9.463757533654060694e+00 -1.512953096851457815e+02
9.492305821840034241e+00 -1.513072765549347594e+02
9.520854110026036210e+00 -1.513092649799173444e+02
9.549402398212009757e+00 -1.513194125195092283e+02
9.577950686397997515e+00 -1.513411316757995735e+02
9.606498974583985273e+00 -1.513871815107316650e+02
9.635047262769958820e+00 -1.514580195641343039e+02
9.663595550955946578e+00 -1.515547565930095857e+02
9.692143839141934336e+00 -1.516727390642213322e+02
9.720692127327922094e+00 -1.517910866565027561e+02
9.749240415513895641e+00 -1.519220393305061805e+02
9.777788703699897610e+00 -1.520259230831739501e+02
9.806336991885871157e+00 -1.521219662531383392e+02
9.834885280071858915e+00 -1.521927909999498070e+02
9.863433568257846673e+00 -1.522295210891343800e+02
9.891981856443834431e+00 -1.522472840765852595e+02
9.920530144629822189e+00 -1.522567551709070415e+02
9.949078432815809947e+00 -1.522617780580773399e+02
9.977626721001783494e+00 -1.522784947215189959e+02
1.000617500918777125e+01 -1.523050221411101859e+02
1.003472329737375901e+01 -1.523678734555097094e+02
1.006327158555973256e+01 -1.524581579380571554e+02
1.009181987374572032e+01 -1.525749611958835317e+02
1.012036816193172228e+01 -1.526963798406775652e+02
1.014891645011769583e+01 -1.528371509525285319e+02
1.017746473830368359e+01 -1.529595636500758076e+02
1.020601302648967135e+01 -1.530760347270433215e+02
1.023456131467564489e+01 -1.531480582074314043e+02
1.026310960286163265e+01 -1.531998664605293357e+02
1.029165789104762041e+01 -1.532138662843640304e+02
1.032020617923360817e+01 -1.532098929316964586e+02
1.034875446741959593e+01 -1.531996688380471596e+02
1.037730275560558368e+01 -1.531923885776809584e+02
1.040585104379155723e+01 -1.531931865072280914e+02
1.043439933197754499e+01 -1.532291093283714929e+02
1.046294762016353275e+01 -1.532952468127047609e+02
1.049149590834950629e+01 -1.533893992364754695e+02
1.052004419653550826e+01 -1.534931711253291837e+02
1.054859248472149602e+01 -1.536208455094988494e+02
1.057714077290746957e+01 -1.537358291791719296e+02
1.060568906109345733e+01 -1.538459226173694674e+02
1.063423734927944508e+01 -1.539253056152125225e+02
1.066278563746541863e+01 -1.539692244467013325e+02
1.069133392565140639e+01 -1.539733114836035952e+02
1.071988221383740836e+01 -1.539401816881546381e+02
1.074843050202338191e+01 -1.538965803128530183e+02
1.077697879020936966e+01 -1.538533202383470950e+02
1.080552707839535742e+01 -1.538221442626686439e+02
1.083407536658133097e+01 -1.538016069492846611e+02
1.086262365476731873e+01 -1.538200331075344707e+02
1.089117194295330648e+01 -1.538556772412872249e+02
1.091972023113929424e+01 -1.539275430352032004e+02
1.094826851932528200e+01 -1.540047410902827210e+02
1.097681680751126976e+01 -1.540944140033415124e+02
1.100536509569724331e+01 -1.541727570133759855e+02
1.103391338388323106e+01 -1.542222522017233359e+02
1.106246167206921882e+01 -1.542471894732412068e+02
1.109100996025519237e+01 -1.542329277025858119e+02
1.111955824844119434e+01 -1.541890264841180453e+02
1.114810653662718209e+01 -1.541128317967727526e+02
1.117665482481315564e+01 -1.540297654434113213e+02
1.120520311299914340e+01 -1.539514295075867381e+02
1.123375140118513116e+01 -1.538828437637579611e+02
1.126229968937111892e+01 -1.538462025259183008e+02
1.129084797755709246e+01 -1.538282054491509712e+02
1.131939626574309443e+01 -1.538426317709991054e+02
1.134794455392906798e+01 -1.538687724972884610e+02
1.137649284211505574e+01 -1.539130165157337728e+02
1.140504113030104349e+01 -1.539452432301550289e+02
1.143358941848701704e+01 -1.539672076343441347e+02
1.146213770667301901e+01 -1.539589590874652743e+02
1.149068599485899256e+01 -1.539275686963858618e+02
1.151923428304498032e+01 -1.538662031808356403e+02
1.154778257123096807e+01 -1.537836486482976852e+02
1.157633085941695583e+01 -1.536938740417785709e+02
1.160487914760292938e+01 -1.535823816795932544e+02
1.163342743578891714e+01 -1.534884385489881993e+02
1.166197572397491911e+01 -1.534082345593107561e+02
1.169052401216087844e+01 -1.533555808707729966e+02
1.171907230034688041e+01 -1.533321301148283169e+02
1.174762058853286817e+01 -1.533194336097871542e+02
1.177616887671884172e+01 -1.533161596093381149e+02
1.180471716490482947e+01 -1.533239871835633039e+02
1.183326545309081723e+01 -1.533165724993215235e+02
1.186181374127680499e+01 -1.533001339499658400e+02
1.189036202946279275e+01 -1.532587087710087417e+02
1.191891031764878051e+01 -1.531984273058241115e+02
1.194745860583475405e+01 -1.531159995603699429e+02
1.197600689402074181e+01 -1.530244667967457701e+02
1.200455518220672957e+01 -1.529294142766686377e+02
1.203310347039270312e+01 -1.528326419763133117e+02
1.206165175857870508e+01 -1.527405655334032986e+02
1.209020004676469284e+01 -1.526770859073427857e+02
1.211874833495066639e+01 -1.526242211605018610e+02
1.214729662313665415e+01 -1.525887875670354106e+02
1.217584491132264191e+01 -1.525746993324413552e+02
1.220439319950861545e+01 -1.525611603941462988e+02
1.223294148769460321e+01 -1.525515820757167944e+02
1.226148977588060518e+01 -1.525266852741505090e+02
1.229003806406657873e+01 -1.524903706973295812e+02
1.231858635225256648e+01 -1.524463751099511626e+02
1.234713464043855424e+01 -1.523801702723390008e+02
1.237568292862452779e+01 -1.523000316226238908e+02
1.240423121681051555e+01 -1.522155162847024883e+02
1.243277950499650331e+01 -1.521312640678521859e+02
1.246132779318249106e+01 -1.520667160674498177e+02
1.248987608136847882e+01 -1.519934545315971945e+02
1.251842436955446658e+01 -1.519369466029239675e+02
1.254697265774044013e+01 -1.519019955101252606e+02
1.257552094592642788e+01 -1.518743756079430227e+02
1.260406923411241564e+01 -1.518619335901453837e+02
1.263261752229838919e+01 -1.518513704887838003e+02
1.266116581048439116e+01 -1.518375821085460586e+02
1.268971409867037892e+01 -1.518146636026819465e+02
1.271826238685635246e+01 -1.517870993027148359e+02
1.274681067504234022e+01 -1.517412935073517701e+02
1.277535896322832798e+01 -1.516828720889877786e+02
1.280390725141430153e+01 -1.516173624084615312e+02
1.283245553960028928e+01 -1.515565598059002639e+02
1.286100382778629125e+01 -1.514916926040798728e+02
1.288955211597226480e+01 -1.514407213509671237e+02
1.291810040415825256e+01 -1.513941125498703002e+02
1.294664869234424032e+01 -1.513622254623699632e+02
1.297519698053021386e+01 -1.513377873972142709e+02
1.300374526871620162e+01 -1.513285251057996277e+02
1.303229355690218938e+01 -1.513236160709570299e+02
1.306084184508817714e+01 -1.513204898687706930e+02
1.308939013327416490e+01 -1.513185498813317338e+02
1.311793842146015265e+01 -1.513041318388785612e+02
1.314648670964612620e+01 -1.512796004343715310e+02
1.317503499783211396e+01 -1.512450870355536949e+02
1.320358328601811593e+01 -1.512056137716786566e+02
1.323213157420407526e+01 -1.511579244932420920e+02
1.326067986239007723e+01 -1.511153607786504267e+02
1.328922815057606499e+01 -1.510720496818969991e+02
1.331777643876203854e+01 -1.510393477443488166e+02
1.334632472694802630e+01 -1.510165922116342472e+02
1.337487301513401405e+01 -1.510032020015652847e+02
1.340342130332000181e+01 -1.510009572434614995e+02
1.343196959150597536e+01 -1.510047999473781886e+02
1.346051787969197733e+01 -1.510164128676376833e+02
1.348906616787795087e+01 -1.510246429446447394e+02
1.351761445606393863e+01 -1.510293552028723241e+02
1.354616274424992639e+01 -1.510261941104946573e+02
1.357471103243589994e+01 -1.510193967664100683e+02
1.360325932062190191e+01 -1.509998355345246637e+02
1.363180760880787545e+01 -1.509783661619146642e+02
1.366035589699386321e+01 -1.509470210232928196e+02
1.368890418517985097e+01 -1.509237491964136098e+02
1.371745247336583873e+01 -1.509023124876137558e+02
1.374600076155181227e+01 -1.508897379245510990e+02
1.377454904973780003e+01 -1.508865044204295884e+02
1.380309733792380200e+01 -1.508931928392135831e+02
1.383164562610976134e+01 -1.509113285470963888e+02
1.386019391429576331e+01 -1.509318648215576388e+02
1.388874220248175106e+01 -1.509553065520473183e+02
1.391729049066772461e+01 -1.509778161087688488e+02
1.394583877885371237e+01 -1.509996365156038678e+02
1.397438706703970013e+01 -1.510068818994541573e+02
1.400293535522568789e+01 -1.510142710758157989e+02
1.403148364341167564e+01 -1.510114297589949501e+02
1.406003193159766340e+01 -1.510030084601519320e+02
1.408858021978363695e+01 -1.509967982287957682e+02
1.411712850796962471e+01 -1.509888936365131826e+02
1.414567679615561246e+01 -1.509893836610200140e+02
1.417422508434158601e+01 -1.509959465024851681e+02
1.420277337252758798e+01 -1.510137583241593404e+02
1.423132166071357574e+01 -1.510396869796839781e+02
1.425986994889954929e+01 -1.510733946055351566e+02
