-1.425986994889954929e+01 -1.510733969167654607e+02
-1.423132166071357574e+01 -1.510396892767783754e+02
-1.420277337252758798e+01 -1.510137606110513957e+02
-1.417422508434160022e+01 -1.509959487832454101e+02
-1.414567679615561246e+01 -1.509893859413475354e+02
-1.411712850796962471e+01 -1.509888959193879145e+02
-1.408858021978363695e+01 -1.509968005184490210e+02
-1.406003193159766340e+01 -1.510030107555286349e+02
-1.403148364341167564e+01 -1.510114320611168921e+02
-1.400293535522568789e+01 -1.510142733815876284e+02
-1.397438706703971434e+01 -1.510068842033162468e+02
-1.394583877885371237e+01 -1.509996388175177344e+02
-1.391729049066772461e+01 -1.509778184009352913e+02
-1.388874220248175106e+01 -1.509553088340680915e+02
-1.386019391429576331e+01 -1.509318670929311565e+02
-1.383164562610977555e+01 -1.509113308093489252e+02
-1.380309733792380200e+01 -1.508931950936106716e+02
-1.377454904973780003e+01 -1.508865066729306648e+02
-1.374600076155181227e+01 -1.508897401803316711e+02
-1.371745247336583873e+01 -1.509023147515908931e+02
-1.368890418517985097e+01 -1.509237514733306398e+02
-1.366035589699386321e+01 -1.509470233142855307e+02
-1.363180760880788966e+01 -1.509783684714820140e+02
-1.360325932062190191e+01 -1.509998378576752884e+02
-1.357471103243589994e+01 -1.510193991023684532e+02
-1.354616274424992639e+01 -1.510261964526396810e+02
-1.351761445606393863e+01 -1.510293575494904132e+02
-1.348906616787795087e+01 -1.510246452917536715e+02
-1.346051787969197733e+01 -1.510164152136366340e+02
-1.343196959150598957e+01 -1.510048022907723748e+02
-1.340342130332000181e+01 -1.510009595888077456e+02
-1.337487301513401405e+01 -1.510032043525513075e+02
-1.334632472694802630e+01 -1.510165945747587557e+02
-1.331777643876203854e+01 -1.510393501252676742e+02
-1.328922815057606499e+01 -1.510720520867461687e+02
-1.326067986239007723e+01 -1.511153632141487435e+02
-1.323213157420408947e+01 -1.511579269599326096e+02
-1.320358328601811593e+01 -1.512056162735285909e+02
-1.317503499783211396e+01 -1.512450895689206050e+02
-1.314648670964612620e+01 -1.512796029974166458e+02
-1.311793842146015265e+01 -1.513041344267201680e+02
-1.308939013327416490e+01 -1.513185524888901909e+02
-1.306084184508817714e+01 -1.513204924894398289e+02
-1.303229355690220359e+01 -1.513236187063349121e+02
-1.300374526871621583e+01 -1.513285277578940793e+02
-1.297519698053021386e+01 -1.513377900697472285e+02
-1.294664869234424032e+01 -1.513622281658693964e+02
-1.291810040415825256e+01 -1.513941152903453826e+02
-1.288955211597226480e+01 -1.514407241393456900e+02
-1.286100382778629125e+01 -1.514916954450694391e+02
-1.283245553960030350e+01 -1.515565627108218223e+02
-1.280390725141431574e+01 -1.516173653770527778e+02
-1.277535896322832798e+01 -1.516828751270379030e+02
-1.274681067504234022e+01 -1.517412966125424703e+02
-1.271826238685635246e+01 -1.517871024684611712e+02
-1.268971409867037892e+01 -1.518146668177802781e+02
-1.266116581048439116e+01 -1.518375853714178163e+02
-1.263261752229840340e+01 -1.518513737943171122e+02
-1.260406923411241564e+01 -1.518619369375323913e+02
-1.257552094592642788e+01 -1.518743790002797596e+02
-1.254697265774044013e+01 -1.519019989611320511e+02
-1.251842436955446658e+01 -1.519369501206035693e+02
-1.248987608136847882e+01 -1.519934581361101777e+02
-1.246132779318249106e+01 -1.520667197762188323e+02
-1.243277950499651752e+01 -1.521312678775585425e+02
-1.240423121681051555e+01 -1.522155202168803498e+02
-1.237568292862452779e+01 -1.523000356824263122e+02
-1.234713464043855424e+01 -1.523801744606102773e+02
-1.231858635225256648e+01 -1.524463794177824809e+02
-1.229003806406657873e+01 -1.524903751063280879e+02
-1.226148977588060518e+01 -1.525266897794335250e+02
-1.223294148769461742e+01 -1.525515866679279782e+02
-1.220439319950861545e+01 -1.525611650590137174e+02
-1.217584491132264191e+01 -1.525747040758612627e+02
-1.214729662313665415e+01 -1.525887923912638655e+02
-1.211874833495066639e+01 -1.526242260912906943e+02
-1.209020004676469284e+01 -1.526770909673971346e+02
-1.206165175857870508e+01 -1.527405707387718792e+02
-1.203310347039271733e+01 -1.528326473663585148e+02
-1.200455518220672957e+01 -1.529294198636427495e+02
-1.197600689402074181e+01 -1.530244725850519103e+02
-1.194745860583475405e+01 -1.531160055517333944e+02
-1.191891031764878051e+01 -1.531984334938579480e+02
-1.189036202946279275e+01 -1.532587151291452869e+02
-1.186181374127680499e+01 -1.533001404534878986e+02
-1.183326545309081723e+01 -1.533165791121202517e+02
-1.180471716490482947e+01 -1.533239938920656584e+02
-1.177616887671884172e+01 -1.533161663894586582e+02
-1.174762058853286817e+01 -1.533194404780191462e+02
-1.171907230034688041e+01 -1.533321370854260408e+02
-1.169052401216089265e+01 -1.533555879606064707e+02
-1.166197572397491911e+01 -1.534082418166615867e+02
-1.163342743578891714e+01 -1.534884460224455722e+02
-1.160487914760292938e+01 -1.535823893970820393e+02
-1.157633085941695583e+01 -1.536938820403688908e+02
-1.154778257123096807e+01 -1.537836568934474144e+02
-1.151923428304498032e+01 -1.538662116623341660e+02
-1.149068599485900677e+01 -1.539275773746051073e+02
-1.146213770667301901e+01 -1.539589679017352637e+02
-1.143358941848701704e+01 -1.539672165348729322e+02
-1.140504113030104349e+01 -1.539452521509768417e+02
-1.137649284211505574e+01 -1.539130254326003353e+02
-1.134794455392906798e+01 -1.538687813811076239e+02
-1.131939626574309443e+01 -1.538426406542317011e+02
-1.129084797755710667e+01 -1.538282143510549531e+02
-1.126229968937111892e+01 -1.538462115085230550e+02
-1.123375140118513116e+01 -1.538828528618023199e+02
-1.120520311299914340e+01 -1.539514387854421784e+02
-1.117665482481315564e+01 -1.540297749206043818e+02
-1.114810653662718209e+01 -1.541128414827031747e+02
-1.111955824844119434e+01 -1.541890363621897393e+02
-1.109100996025520658e+01 -1.542329376963888308e+02
-1.106246167206923303e+01 -1.542471995097920683e+02
-1.103391338388323106e+01 -1.542222621851624069e+02
-1.100536509569724331e+01 -1.541727668826713682e+02
-1.097681680751126976e+01 -1.540944236901092665e+02
-1.094826851932528200e+01 -1.540047505682917688e+02
-1.091972023113929424e+01 -1.539275523310649589e+02
-1.089117194295332069e+01 -1.538556863654330016e+02
-1.086262365476733294e+01 -1.538200421353915885e+02
-1.083407536658134518e+01 -1.538016159147775284e+02
-1.080552707839535742e+01 -1.538221532434012033e+02
-1.077697879020936966e+01 -1.538533292537150885e+02
-1.074843050202338191e+01 -1.538965893859252105e+02
-1.071988221383740836e+01 -1.539401908182021259e+02
-1.069133392565142060e+01 -1.539733206475704321e+02
-1.066278563746543284e+01 -1.539692335655213355e+02
-1.063423734927944508e+01 -1.539253146061924440e+02
-1.060568906109345733e+01 -1.538459314107902571e+02
-1.057714077290746957e+01 -1.537358377200206974e+02
-1.054859248472149602e+01 -1.536208537976112893e+02
-1.052004419653550826e+01 -1.534931791472899647e+02
-1.049149590834952050e+01 -1.533894070469210362e+02
-1.046294762016353275e+01 -1.532952544379808160e+02
-1.043439933197754499e+01 -1.532291168256343497e+02
-1.040585104379157144e+01 -1.531931939353924008e+02
-1.037730275560558368e+01 -1.531923960032074490e+02
-1.034875446741959593e+01 -1.531996762823765437e+02
-1.032020617923360817e+01 -1.532099004093440442e+02
-1.029165789104763462e+01 -1.532138737932478705e+02
-1.026310960286163265e+01 -1.531998739788775765e+02
-1.023456131467565910e+01 -1.531480656797792506e+02
-1.020601302648967135e+01 -1.530760421293765035e+02
-1.017746473830368359e+01 -1.529595709188127444e+02
-1.014891645011769583e+01 -1.528371580908800524e+02
-1.012036816193172228e+01 -1.526963868319618030e+02
-1.009181987374573453e+01 -1.525749680842069438e+02
-1.006327158555974677e+01 -1.524581647425126789e+02
-1.003472329737375901e+01 -1.523678802284783558e+02
-1.000617500918777125e+01 -1.523050289354475808e+02
-9.977626721001797705e+00 -1.522785016043131634e+02
-9.949078432815809947e+00 -1.522617850557337249e+02
-9.920530144629822189e+00 -1.522567623136357327e+02
-9.891981856443834431e+00 -1.522472913685615197e+02
-9.863433568257846673e+00 -1.522295285273129082e+02
-9.834885280071858915e+00 -1.521927985619399522e+02
-9.806336991885885368e+00 -1.521219738894281477e+02
-9.777788703699897610e+00 -1.520259307554309487e+02
-9.749240415513909852e+00 -1.519220470295783230e+02
-9.720692127327922094e+00 -1.517910943380080084e+02
-9.692143839141934336e+00 -1.516727467529633486e+02
-9.663595550955946578e+00 -1.515547642910846662e+02
-9.635047262769973031e+00 -1.514580273097646739e+02
-9.606498974583985273e+00 -1.513871893502167438e+02
-9.577950686397997515e+00 -1.513411396540539613e+02
-9.549402398212023968e+00 -1.513194206819227361e+02
-9.520854110026036210e+00 -1.513092733492812272e+02
-9.492305821840034241e+00 -1.513072851478250982e+02
-9.463757533654060694e+00 -1.512953184814187466e+02
-9.435209245468072936e+00 -1.512748187906150292e+02
-9.406660957282085178e+00 -1.512252654613764662e+02
-9.378112669096111631e+00 -1.511618426145022340e+02
-9.349564380910123873e+00 -1.510692464606489125e+02
-9.321016092724136115e+00 -1.509647195037348126e+02
-9.292467804538148357e+00 -1.508546942266741553e+02
-9.263919516352160599e+00 -1.507562104762820070e+02
-9.235371228166172841e+00 -1.506632904781971831e+02
-9.206822939980199294e+00 -1.505940702806666422e+02
-9.178274651794211536e+00 -1.505466560886837897e+02
-9.149726363608223778e+00 -1.505251420980559942e+02
-9.121178075422250231e+00 -1.505214306416313832e+02
-9.092629787236248262e+00 -1.505247423481571332e+02
-9.064081499050260504e+00 -1.505267388294847137e+02
-9.035533210864286957e+00 -1.505262182791151133e+02
-9.006984922678299199e+00 -1.505046832044109522e+02
-8.978436634492311441e+00 -1.504678606708105235e+02
-8.949888346306337894e+00 -1.504021821900252860e+02
-8.921340058120350136e+00 -1.503213788512504721e+02
-8.892791769934348167e+00 -1.502340401091739750e+02
-8.864243481748374620e+00 -1.501433683896801767e+02
-8.835695193562386862e+00 -1.500603534147665812e+02
-8.807146905376399104e+00 -1.499963745776270798e+02
-8.778598617190425557e+00 -1.499549354121913609e+02
-8.750050329004437799e+00 -1.499363856457195538e+02
-8.721502040818450041e+00 -1.499403864686516670e+02
-8.692953752632462283e+00 -1.499563973553256062e+02
-8.664405464446474525e+00 -1.499821492178546691e+02
-8.635857176260486767e+00 -1.499985151027659640e+02
-8.607308888074513220e+00 -1.500015959549847651e+02
-8.578760599888525462e+00 -1.499901854792327356e+02
-8.550212311702537704e+00 -1.499597462497420395e+02
-8.521664023516549946e+00 -1.499037051905011424e+02
-8.493115735330562188e+00 -1.498401606612727619e+02
-8.464567447144574430e+00 -1.497692367443230523e+02
-8.436019158958600883e+00 -1.496937866086626343e+02
-8.407470870772613125e+00 -1.496349425392461967e+02
-8.378922582586625367e+00 -1.495951176990573970e+02
-8.350374294400651820e+00 -1.495793094996860759e+02
-8.321826006214649851e+00 -1.495886627921440777e+02
-8.293277718028662093e+00 -1.496143646653984547e+02
-8.264729429842688546e+00 -1.496592506749445874e+02
-8.236181141656700788e+00 -1.496985324688272101e+02
-8.207632853470713030e+00 -1.497283521382000231e+02
-8.179084565284739483e+00 -1.497409001504506421e+02
-8.150536277098751725e+00 -1.497383930517500232e+02
-8.121987988912749756e+00 -1.497073567379229075e+02
-8.093439700726776209e+00 -1.496687261543316367e+02
-8.064891412540788451e+00 -1.496118673896706071e+02
-8.036343124354800693e+00 -1.495580527623166063e+02
-8.007794836168827146e+00 -1.495067366451610553e+02
-7.979246547982839388e+00 -1.494613950168488543e+02
-7.950698259796837419e+00 -1.494440409858834471e+02
-7.922149971610863872e+00 -1.494513715382915677e+02
-7.893601683424876114e+00 -1.494830881411831740e+02
-7.865053395238888356e+00 -1.495310650645192254e+02
-7.836505107052914809e+00 -1.495970683971047492e+02
-7.807956818866927051e+00 -1.496515294829022196e+02
-7.779408530680939293e+00 -1.496898936735768473e+02
-7.750860242494951535e+00 -1.497131370111107742e+02
-7.722311954308963777e+00 -1.497043684786266908e+02
-7.693763666122976019e+00 -1.496795670840619721e+02
-7.665215377937002472e+00 -1.496329172271768755e+02
-7.636667089751014714e+00 -1.495843320676287647e+02
-7.608118801565026956e+00 -1.495413070318397502e+02
-7.579570513379053409e+00 -1.495160826325324592e+02
-7.551022225193051440e+00 -1.494813111983426381e+02
-7.522473937007063682e+00 -1.494741221464755085e+02
-7.493925648821090135e+00 -1.494958737456064455e+02
-7.465377360635102377e+00 -1.495452027248920785e+02
-7.436829072449114619e+00 -1.496150850737835185e+02
-7.408280784263141072e+00 -1.496799533876141481e+02
-7.379732496077153314e+00 -1.497378940968128234e+02
-7.351184207891151345e+00 -1.497829854623617223e+02
-7.322635919705177798e+00 -1.497882656240921619e+02
-7.294087631519190040e+00 -1.497704380116875029e+02
-7.265539343333202282e+00 -1.497245480411921790e+02
-7.236991055147228735e+00 -1.496690773399335797e+02
-7.208442766961240977e+00 -1.496130644198350410e+02
-7.179894478775253219e+00 -1.495709229992862390e+02
-7.151346190589265461e+00 -1.495502779036006302e+02
-7.122797902403277703e+00 -1.495499495454019154e+02
-7.094249614217289945e+00 -1.495262407024946469e+02
-7.065701326031316398e+00 -1.495445638633538863e+02
-7.037153037845328640e+00 -1.495965254777907205e+02
-7.008604749659340882e+00 -1.496576625722154859e+02
-6.980056461473367335e+00 -1.497168800688112640e+02
-6.951508173287365366e+00 -1.497494155472815009e+02
-6.922959885101377608e+00 -1.497533761042257652e+02
-6.894411596915404061e+00 -1.497292013919169733e+02
-6.865863308729416303e+00 -1.496715234068397820e+02
-6.837315020543428545e+00 -1.495963488114778386e+02
-6.808766732357454998e+00 -1.495119555309175610e+02
-6.780218444171467240e+00 -1.494363063859758540e+02
-6.751670155985465271e+00 -1.493750332200889659e+02
-6.723121867799491724e+00 -1.493502400402820172e+02
-6.694573579613503966e+00 -1.493520583738454093e+02
-6.666025291427516208e+00 -1.493119555973778176e+02
-6.637477003241542661e+00 -1.493074622922308663e+02
-6.608928715055554903e+00 -1.493160349954431467e+02
-6.580380426869567145e+00 -1.493371431898391677e+02
-6.551832138683579387e+00 -1.493404358805927927e+02
-6.523283850497591629e+00 -1.493317147708344521e+02
-6.494735562311603871e+00 -1.492781852832673053e+02
-6.466187274125630324e+00 -1.491908585168058892e+02
-6.437638985939642566e+00 -1.490747101351298625e+02
-6.409090697753654808e+00 -1.489520166041187110e+02
-6.380542409567667050e+00 -1.488274852766149365e+02
-6.351994121381679292e+00 -1.487115691517761320e+02
-6.323445833195691534e+00 -1.486339555736342959e+02
-6.294897545009717987e+00 -1.485815642660309095e+02
-6.266349256823730229e+00 -1.485532299013672173e+02
-6.237800968637742471e+00 -1.485257501745172988e+02
-6.209252680451754713e+00 -1.484441331375043376e+02
-6.180704392265766955e+00 -1.484134308945904763e+02
-6.152156104079779197e+00 -1.483651029683025229e+02
-6.123607815893805650e+00 -1.483028786228810532e+02
-6.095059527707817892e+00 -1.482129266594305079e+02
-6.066511239521830134e+00 -1.481026864119406525e+02
-6.037962951335856587e+00 -1.479588181728534835e+02
-6.009414663149854618e+00 -1.477973966409088007e+02
-5.980866374963866861e+00 -1.476496992477376011e+02
-5.952318086777893313e+00 -1.474936393823926721e+02
-5.923769798591905555e+00 -1.473610407173638635e+02
-5.895221510405917797e+00 -1.472494856539473176e+02
-5.866673222219944250e+00 -1.471824799789057181e+02
-5.838124934033956492e+00 -1.471279193156091765e+02
-5.809576645847954524e+00 -1.470880429174052892e+02
-5.781028357661980976e+00 -1.469798045883578652e+02
-5.752480069475993218e+00 -1.468820797272516359e+02
-5.723931781290005461e+00 -1.467867518119382169e+02
-5.695383493104031913e+00 -1.466760059218846948e+02
-5.666835204918044155e+00 -1.465490010831595384e+02
-5.638286916732056397e+00 -1.464136256721289442e+02
-5.609738628546068639e+00 -1.462558616975580321e+02
-5.581190340360080882e+00 -1.460967251509262042e+02
-5.552642052174093124e+00 -1.459413778410282418e+02
-5.524093763988119576e+00 -1.458209373785666685e+02
-5.495545475802131818e+00 -1.457045273424496941e+02
-5.466997187616144060e+00 -1.456156901454634749e+02
-5.438448899430170513e+00 -1.455498613834141679e+02
-5.409900611244168545e+00 -1.455034662246615653e+02
-5.381352323058180787e+00 -1.454674727056885217e+02
-5.352804034872207239e+00 -1.454070561821379499e+02
-5.324255746686219481e+00 -1.452823261327890805e+02
-5.295707458500231724e+00 -1.451657983361983497e+02
-5.267159170314258176e+00 -1.450222762422058622e+02
-5.238610882128270418e+00 -1.448534708837771348e+02
-5.210062593942268450e+00 -1.446620558941123704e+02
-5.181514305756294902e+00 -1.444704399799714736e+02
-5.152966017570307145e+00 -1.442630204140629928e+02
-5.124417729384319387e+00 -1.440666937510202388e+02
-5.095869441198345839e+00 -1.438951125490860932e+02
-5.067321153012358081e+00 -1.437605304074140236e+02
-5.038772864826370323e+00 -1.436733029952570746e+02
-5.010224576640382566e+00 -1.436414074962589780e+02
-4.981676288454394808e+00 -1.436710190847892648e+02
-4.953128000268407050e+00 -1.437666102653701898e+02
-4.924579712082433502e+00 -1.439430849596938629e+02
-4.896031423896445745e+00 -1.441262004927447720e+02
-4.867483135710457987e+00 -1.443862126028271859e+02
-4.838934847524484439e+00 -1.447251871305706459e+02
-4.810386559338482471e+00 -1.451316028780125293e+02
-4.781838271152494713e+00 -1.456213069489695329e+02
-4.753289982966521166e+00 -1.461824394535491081e+02
-4.724741694780533408e+00 -1.468124447521635716e+02
-4.696193406594545650e+00 -1.475085201313564482e+02
-4.667645118408572102e+00 -1.482675923390936532e+02
-4.639096830222584344e+00 -1.490859439840521645e+02
-4.610548542036582376e+00 -1.499597220928827994e+02
-4.582000253850608829e+00 -1.508834422179363344e+02
-4.553451965664621071e+00 -1.518513957289638086e+02
-4.524903677478633313e+00 -1.528565736936611756e+02
-4.496355389292659765e+00 -1.538891572416082738e+02
-4.467807101106672008e+00 -1.547570642545196336e+02
-4.439258812920684250e+00 -1.549336253472366138e+02
-4.410710524734696492e+00 -1.552567191022604902e+02
-4.382162236548708734e+00 -1.555891397303444990e+02
-4.353613948362720976e+00 -1.559307645235643918e+02
-4.325065660176747429e+00 -1.562809604143260458e+02
-4.296517371990759671e+00 -1.566408779125237913e+02
-4.267969083804771913e+00 -1.570096793727515205e+02
-4.239420795618784155e+00 -1.573876247593976245e+02
-4.210872507432796397e+00 -1.577751168634135297e+02
-4.182324219246808639e+00 -1.581729787278115964e+02
-4.153775931060835092e+00 -1.585835018193049279e+02
-4.125227642874847334e+00 -1.590051358652405611e+02
-4.096679354688859576e+00 -1.594433490747326516e+02
-4.068131066502871818e+00 -1.598912776623209595e+02
-4.039582778316884060e+00 -1.603555105744879654e+02
-4.011034490130910513e+00 -1.608315683038463533e+02
-3.982486201944922755e+00 -1.613207906548607298e+02
-3.953937913758934997e+00 -1.618223167393231279e+02
-3.925389625572947239e+00 -1.623327814917294916e+02
-3.896841337386973692e+00 -1.628492781831787966e+02
-3.868293049200971723e+00 -1.633684538040454868e+02
-3.839744761014998176e+00 -1.638876672971372557e+02
-3.811196472829010418e+00 -1.644033277174296188e+02
-3.782648184643022660e+00 -1.649178534151869826e+02
-3.754099896457034902e+00 -1.654299945812590806e+02
-3.725551608271061355e+00 -1.659416742667319795e+02
-3.697003320085073597e+00 -1.664536818484232867e+02
-3.668455031899085839e+00 -1.669684253845017281e+02
-3.639906743713098081e+00 -1.674836876653720878e+02
-3.611358455527110323e+00 -1.679945428422263660e+02
-3.582810167341136776e+00 -1.684895452383294128e+02
-3.554261879155149018e+00 -1.689383872514703171e+02
-3.525713590969161260e+00 -1.693488011163470333e+02
-3.497165302783173502e+00 -1.696962681058086275e+02
-3.468617014597185744e+00 -1.699570061765039668e+02
-3.440068726411197986e+00 -1.701400307241852090e+02
-3.411520438225224439e+00 -1.702453621996277207e+02
-3.382972150039236681e+00 -1.702878648925813820e+02
-3.354423861853248923e+00 -1.702856895697854611e+02
-3.325875573667261165e+00 -1.702684935707412990e+02
-3.297327285481287618e+00 -1.702506994886430789e+02
-3.268778997295285649e+00 -1.702436549072642435e+02
-3.240230709109312102e+00 -1.702540535133941262e+02
-3.211682420923324344e+00 -1.702855804812677150e+02
-3.183134132737336586e+00 -1.703161961417511066e+02
-3.154585844551363039e+00 -1.703339872460016124e+02
-3.126037556365375281e+00 -1.703074023440858298e+02
-3.097489268179387523e+00 -1.702512469946188958e+02
-3.068940979993399765e+00 -1.701674408866379622e+02
-3.040392691807412007e+00 -1.700437508377119400e+02
-3.011844403621424249e+00 -1.698942574258513787e+02
-2.983296115435450702e+00 -1.697323667136414826e+02
-2.954747827249462944e+00 -1.695727514397908919e+02
-2.926199539063475186e+00 -1.694299282589782365e+02
-2.897651250877487428e+00 -1.693144632099086380e+02
-2.869102962691499670e+00 -1.692415013298684130e+02
-2.840554674505511912e+00 -1.692041509909811055e+02
-2.812006386319538365e+00 -1.691875838164785080e+02
-2.783458098133550607e+00 -1.691844002947802323e+02
-2.754909809947562849e+00 -1.691837993760694019e+02
-2.726361521761589302e+00 -1.691728251056450745e+02
-2.697813233575601544e+00 -1.691367920031041763e+02
-2.669264945389599575e+00 -1.690583408547665556e+02
-2.640716657203626028e+00 -1.689578233683002679e+02
-2.612168369017638270e+00 -1.688329490986869246e+02
-2.583620080831650512e+00 -1.686855107688400039e+02
-2.555071792645676965e+00 -1.685322527943812361e+02
-2.526523504459689207e+00 -1.683855167124550007e+02
-2.497975216273701449e+00 -1.682823478926172527e+02
-2.469426928087713691e+00 -1.681936968293756536e+02
-2.440878639901725933e+00 -1.681210409755960313e+02
-2.412330351715738175e+00 -1.680664700567980958e+02
-2.383782063529764628e+00 -1.680262718730452320e+02
-2.355233775343776870e+00 -1.679930629707519074e+02
-2.326685487157789112e+00 -1.679565203848631540e+02
-2.298137198971801354e+00 -1.679066217955579816e+02
-2.269588910785813596e+00 -1.678354577805543784e+02
-2.241040622599825838e+00 -1.677331630099097026e+02
-2.212492334413852291e+00 -1.676096919539186274e+02
-2.183944046227864533e+00 -1.674728183389760545e+02
-2.155395758041876775e+00 -1.673384379747264177e+02
-2.126847469855889017e+00 -1.672319204575966296e+02
-2.098299181669901259e+00 -1.671183725104641553e+02
-2.069750893483913501e+00 -1.670105476036482059e+02
-2.041202605297939954e+00 -1.669170558815956156e+02
-2.012654317111952196e+00 -1.668418117558415474e+02
-1.984106028925964438e+00 -1.667840127761342046e+02
-1.955557740739990891e+00 -1.667386168128631425e+02
-1.927009452553988922e+00 -1.666979765691682474e+02
-1.898461164368001164e+00 -1.666532523853225882e+02
-1.869912876182027617e+00 -1.665963825979521289e+02
-1.841364587996039859e+00 -1.665220338064758039e+02
-1.812816299810052101e+00 -1.664281746147973706e+02
-1.784268011624078554e+00 -1.663568501037802889e+02
-1.755719723438090796e+00 -1.662832730708805400e+02
-1.727171435252088827e+00 -1.661864866538780916e+02
-1.698623147066115280e+00 -1.660760535997509635e+02
-1.670074858880127522e+00 -1.659674876597471780e+02
-1.641526570694139764e+00 -1.658703957279243184e+02
-1.612978282508166217e+00 -1.657902579852693634e+02
-1.584429994322178459e+00 -1.657283188855774938e+02
-1.555881706136190701e+00 -1.656818415894454120e+02
-1.527333417950202943e+00 -1.656450047642427421e+02
-1.498785129764215185e+00 -1.656102063171015857e+02
-1.470236841578227427e+00 -1.655696388260782328e+02
-1.441688553392253880e+00 -1.655169918023696312e+02
-1.413140265206266122e+00 -1.655303888883061632e+02
-1.384591977020278364e+00 -1.655020276218095887e+02
-1.356043688834304817e+00 -1.654352960417366489e+02
-1.327495400648302848e+00 -1.653421906495873372e+02
-1.298947112462315090e+00 -1.652358736730902251e+02
-1.270398824276341543e+00 -1.651271518259247841e+02
-1.241850536090353785e+00 -1.650266241496177884e+02
-1.213302247904366027e+00 -1.649420600539069142e+02
-1.184753959718392480e+00 -1.648764107048274070e+02
-1.156205671532404722e+00 -1.648287773587579181e+02
-1.127657383346402753e+00 -1.647950145866466301e+02
-1.099109095160429206e+00 -1.647687039692673920e+02
-1.070560806974441448e+00 -1.647822403863995362e+02
-1.042012518788453690e+00 -1.648409534574155373e+02
-1.013464230602480143e+00 -1.648614743884302811e+02
-9.849159424164923848e-01 -1.648409288604553353e+02
-9.563676542305046269e-01 -1.647828912274958952e+02
-9.278193660445168689e-01 -1.646962959879220989e+02
-8.992710778585291109e-01 -1.645929757541445042e+02
-8.707227896725413530e-01 -1.644861414491215896e+02
-8.421745014865678058e-01 -1.643868413473157659e+02
-8.136262133005800479e-01 -1.643005651333990613e+02
-7.850779251145922899e-01 -1.642341696407252698e+02
-7.565296369286187428e-01 -1.641884281822603384e+02
-7.279813487426167740e-01 -1.641606973040249500e+02
-6.994330605566290160e-01 -1.642335209927523749e+02
-6.708847723706554689e-01 -1.643249749282292669e+02
-6.423364841846677109e-01 -1.643898712320061861e+02
-6.137881959986799529e-01 -1.644178081896070864e+02
-5.852399078127064058e-01 -1.644031784150241151e+02
-5.566916196267186479e-01 -1.643459846240713773e+02
-5.281433314407166790e-01 -1.642512277709197974e+02
-4.995950432547431319e-01 -1.641271554485610125e+02
-4.710467550687553739e-01 -1.639829116061611387e+02
-4.424984668827676160e-01 -1.638264555576724888e+02
-4.139501786967940689e-01 -1.636630486553385992e+02
-3.854018905108063109e-01 -1.634945120022821925e+02
-3.568536023248043421e-01 -1.633345019055029184e+02
-3.283053141388307949e-01 -1.632590651227023386e+02
-2.997570259528430370e-01 -1.631492795079094265e+02
-2.712087377668552790e-01 -1.629978888776198005e+02
-2.426604495808817319e-01 -1.628031708237824091e+02
-2.141121613948939739e-01 -1.625699036322374980e+02
-1.855638732088920051e-01 -1.623087082172682756e+02
-1.570155850229184580e-01 -1.620341785047281746e+02
-1.284672968369307000e-01 -1.617624952861426380e+02
-9.991900865094294204e-02 -1.615093048386326018e+02
-7.137072046496939492e-02 -1.612882654473802120e+02
-4.282243227898163695e-02 -1.611102834995938338e+02
-1.427414409299387898e-02 -1.609831738879101977e+02
1.427414409299387898e-02 -1.609831738879101977e+02
4.282243227898163695e-02 -1.611102834995937201e+02
7.137072046496939492e-02 -1.612882654473799562e+02
9.991900865094294204e-02 -1.615093048386342502e+02
1.284672968369307000e-01 -1.617624952861422116e+02
1.570155850229184580e-01 -1.620341785047287999e+02
1.855638732088920051e-01 -1.623087082172672524e+02
2.141121613948939739e-01 -1.625699036322374980e+02
2.426604495808817319e-01 -1.628031708237816133e+02
2.712087377668552790e-01 -1.629978888776192889e+02
2.997570259528430370e-01 -1.631492795079094833e+02
3.283053141388307949e-01 -1.632590651227027365e+02
3.568536023248043421e-01 -1.633345019055032026e+02
3.854018905107921000e-01 -1.634945120022836136e+02
4.139501786967940689e-01 -1.636630486553383719e+02
4.424984668827676160e-01 -1.638264555576718067e+02
4.710467550687553739e-01 -1.639829116061605703e+02
4.995950432547431319e-01 -1.641271554485599040e+02
5.281433314407166790e-01 -1.642512277709203943e+02
5.566916196267044370e-01 -1.643459846240706952e+02
5.852399078126921950e-01 -1.644031784150261046e+02
6.137881959986799529e-01 -1.644178081896050116e+02
6.423364841846677109e-01 -1.643898712320031450e+02
6.708847723706554689e-01 -1.643249749282270216e+02
6.994330605566290160e-01 -1.642335209927534265e+02
7.279813487426167740e-01 -1.641606973040202320e+02
7.565296369286045319e-01 -1.641884281822561320e+02
7.850779251145780790e-01 -1.642341696407206655e+02
8.136262133005800479e-01 -1.643005651333989476e+02
8.421745014865678058e-01 -1.643868413473124406e+02
8.707227896725413530e-01 -1.644861414491212770e+02
8.992710778585291109e-01 -1.645929757541439642e+02
9.278193660445168689e-01 -1.646962959879223831e+02
9.563676542304904160e-01 -1.647828912274933941e+02
9.849159424164781740e-01 -1.648409288604539142e+02
1.013464230602480143e+00 -1.648614743884321001e+02
1.042012518788453690e+00 -1.648409534574155373e+02
1.070560806974441448e+00 -1.647822403863999625e+02
1.099109095160429206e+00 -1.647687039692702626e+02
1.127657383346402753e+00 -1.647950145866458342e+02
1.156205671532390511e+00 -1.648287773587592255e+02
1.184753959718378269e+00 -1.648764107048274354e+02
1.213302247904366027e+00 -1.649420600539077668e+02
1.241850536090353785e+00 -1.650266241496176178e+02
1.270398824276341543e+00 -1.651271518259250399e+02
1.298947112462315090e+00 -1.652358736730897704e+02
1.327495400648302848e+00 -1.653421906495871951e+02
1.356043688834304817e+00 -1.654352960417373879e+02
1.384591977020264153e+00 -1.655020276218089919e+02
1.413140265206266122e+00 -1.655303888883055663e+02
1.441688553392253880e+00 -1.655169918023685511e+02
1.470236841578227427e+00 -1.655696388260793128e+02
1.498785129764215185e+00 -1.656102063171000793e+02
1.527333417950202943e+00 -1.656450047642447885e+02
1.555881706136190701e+00 -1.656818415894465488e+02
1.584429994322164248e+00 -1.657283188855794833e+02
1.612978282508166217e+00 -1.657902579852690224e+02
1.641526570694139764e+00 -1.658703957279248868e+02
1.670074858880127522e+00 -1.659674876597469506e+02
1.698623147066115280e+00 -1.660760535997513330e+02
1.727171435252088827e+00 -1.661864866538785179e+02
1.755719723438090796e+00 -1.662832730708807105e+02
1.784268011624064343e+00 -1.663568501037784699e+02
1.812816299810052101e+00 -1.664281746147949264e+02
1.841364587996039859e+00 -1.665220338064746102e+02
1.869912876182027617e+00 -1.665963825979538910e+02
1.898461164368001164e+00 -1.666532523853234693e+02
1.927009452553988922e+00 -1.666979765691662863e+02
1.955557740739976680e+00 -1.667386168128614372e+02
1.984106028925964438e+00 -1.667840127761317888e+02
2.012654317111952196e+00 -1.668418117558425422e+02
2.041202605297939954e+00 -1.669170558815930008e+02
2.069750893483913501e+00 -1.670105476036478080e+02
2.098299181669901259e+00 -1.671183725104632458e+02
2.126847469855889017e+00 -1.672319204575964307e+02
2.155395758041876775e+00 -1.673384379747290609e+02
2.183944046227864533e+00 -1.674728183389744629e+02
2.212492334413852291e+00 -1.676096919539188264e+02
2.241040622599825838e+00 -1.677331630099108679e+02
2.269588910785813596e+00 -1.678354577805562542e+02
2.298137198971801354e+00 -1.679066217955563900e+02
2.326685487157774901e+00 -1.679565203848609372e+02
2.355233775343776870e+00 -1.679930629707499179e+02
2.383782063529750417e+00 -1.680262718730421625e+02
2.412330351715738175e+00 -1.680664700567981811e+02
2.440878639901725933e+00 -1.681210409755969692e+02
2.469426928087713691e+00 -1.681936968293762789e+02
2.497975216273687238e+00 -1.682823478926149505e+02
2.526523504459674996e+00 -1.683855167124575303e+02
2.555071792645662754e+00 -1.685322527943808382e+02
2.583620080831650512e+00 -1.686855107688407429e+02
2.612168369017638270e+00 -1.688329490986857024e+02
2.640716657203626028e+00 -1.689578233683019732e+02
2.669264945389599575e+00 -1.690583408547674935e+02
2.697813233575587333e+00 -1.691367920031051142e+02
2.726361521761575091e+00 -1.691728251056459271e+02
2.754909809947562849e+00 -1.691837993760703966e+02
2.783458098133550607e+00 -1.691844002947810566e+02
2.812006386319524154e+00 -1.691875838164793038e+02
2.840554674505511912e+00 -1.692041509909807928e+02
2.869102962691499670e+00 -1.692415013298688393e+02
2.897651250877487428e+00 -1.693144632099119349e+02
2.926199539063460975e+00 -1.694299282589784639e+02
2.954747827249462944e+00 -1.695727514397907498e+02
2.983296115435436491e+00 -1.697323667136413405e+02
3.011844403621424249e+00 -1.698942574258509239e+02
3.040392691807412007e+00 -1.700437508377102631e+02
3.068940979993399765e+00 -1.701674408866395538e+02
3.097489268179373312e+00 -1.702512469946192937e+02
3.126037556365361070e+00 -1.703074023440855171e+02
3.154585844551348828e+00 -1.703339872460020104e+02
3.183134132737336586e+00 -1.703161961417520729e+02
3.211682420923324344e+00 -1.702855804812668623e+02
3.240230709109297891e+00 -1.702540535133946094e+02
3.268778997295285649e+00 -1.702436549072660625e+02
3.297327285481287618e+00 -1.702506994886441589e+02
3.325875573667261165e+00 -1.702684935707425211e+02
3.354423861853248923e+00 -1.702856895697864275e+02
3.382972150039236681e+00 -1.702878648925826326e+02
3.411520438225210228e+00 -1.702453621996291133e+02
3.440068726411197986e+00 -1.701400307241857206e+02
3.468617014597185744e+00 -1.699570061765050184e+02
3.497165302783173502e+00 -1.696962681058090538e+02
3.525713590969147049e+00 -1.693488011163472606e+02
3.554261879155149018e+00 -1.689383872514700897e+02
3.582810167341122565e+00 -1.684895452383292991e+02
3.611358455527110323e+00 -1.679945428422264797e+02
3.639906743713098081e+00 -1.674836876653719457e+02
3.668455031899071628e+00 -1.669684253845005912e+02
3.697003320085073597e+00 -1.664536818484231446e+02
3.725551608271047144e+00 -1.659416742667317521e+02
3.754099896457034902e+00 -1.654299945812591659e+02
3.782648184643022660e+00 -1.649178534151865847e+02
3.811196472829010418e+00 -1.644033277174294767e+02
3.839744761014983965e+00 -1.638876672971369430e+02
3.868293049200971723e+00 -1.633684538040452310e+02
3.896841337386973692e+00 -1.628492781831785408e+02
3.925389625572947239e+00 -1.623327814917292926e+02
3.953937913758934997e+00 -1.618223167393230426e+02
3.982486201944922755e+00 -1.613207906548604171e+02
4.011034490130896302e+00 -1.608315683038459554e+02
4.039582778316884060e+00 -1.603555105744877380e+02
4.068131066502871818e+00 -1.598912776623207037e+02
4.096679354688859576e+00 -1.594433490747323674e+02
4.125227642874847334e+00 -1.590051358652403906e+02
4.153775931060835092e+00 -1.585835018193043879e+02
4.182324219246808639e+00 -1.581729787278112553e+02
4.210872507432796397e+00 -1.577751168634131602e+02
4.239420795618784155e+00 -1.573876247593972550e+02
4.267969083804757702e+00 -1.570096793727511795e+02
4.296517371990759671e+00 -1.566408779125233650e+02
4.325065660176747429e+00 -1.562809604143254774e+02
4.353613948362720976e+00 -1.559307645235640507e+02
4.382162236548708734e+00 -1.555891397303440442e+02
4.410710524734696492e+00 -1.552567191022603197e+02
4.439258812920670039e+00 -1.549336253472363012e+02
4.467807101106657797e+00 -1.547570642545196336e+02
4.496355389292659765e+00 -1.538891572416070517e+02
4.524903677478633313e+00 -1.528565736936579356e+02
4.553451965664621071e+00 -1.518513957289617622e+02
4.582000253850608829e+00 -1.508834422179342596e+02
4.610548542036582376e+00 -1.499597220928813783e+02
4.639096830222570134e+00 -1.490859439840514256e+02
4.667645118408557892e+00 -1.482675923390921184e+02
4.696193406594545650e+00 -1.475085201313549419e+02
4.724741694780533408e+00 -1.468124447521613263e+02
4.753289982966521166e+00 -1.461824394535468059e+02
4.781838271152494713e+00 -1.456213069489679981e+02
4.810386559338482471e+00 -1.451316028780101988e+02
4.838934847524470229e+00 -1.447251871305690827e+02
4.867483135710443776e+00 -1.443862126028249122e+02
4.896031423896445745e+00 -1.441262004927432656e+02
4.924579712082433502e+00 -1.439430849596930102e+02
4.953128000268407050e+00 -1.437666102653694509e+02
4.981676288454394808e+00 -1.436710190847892363e+02
5.010224576640382566e+00 -1.436414074962575569e+02
5.038772864826356113e+00 -1.436733029952563925e+02
5.067321153012343871e+00 -1.437605304074132277e+02
5.095869441198345839e+00 -1.438951125490860932e+02
5.124417729384319387e+00 -1.440666937510196703e+02
5.152966017570307145e+00 -1.442630204140634476e+02
5.181514305756294902e+00 -1.444704399799702799e+02
5.210062593942268450e+00 -1.446620558941118873e+02
5.238610882128270418e+00 -1.448534708837753158e+02
5.267159170314243966e+00 -1.450222762422056348e+02
5.295707458500231724e+00 -1.451657983361983213e+02
5.324255746686219481e+00 -1.452823261327889668e+02
5.352804034872207239e+00 -1.454070561821378931e+02
5.381352323058180787e+00 -1.454674727056876407e+02
5.409900611244168545e+00 -1.455034662246613948e+02
5.438448899430170513e+00 -1.455498613834130026e+02
5.466997187616129850e+00 -1.456156901454633044e+02
5.495545475802131818e+00 -1.457045273424489835e+02
5.524093763988119576e+00 -1.458209373785656169e+02
5.552642052174093124e+00 -1.459413778410272755e+02
5.581190340360080882e+00 -1.460967251509254652e+02
5.609738628546068639e+00 -1.462558616975576911e+02
5.638286916732056397e+00 -1.464136256721280915e+02
5.666835204918029945e+00 -1.465490010831584584e+02
5.695383493104031913e+00 -1.466760059218831884e+02
5.723931781290005461e+00 -1.467867518119369947e+02
5.752480069475993218e+00 -1.468820797272516359e+02
5.781028357661980976e+00 -1.469798045883560462e+02
5.809576645847954524e+00 -1.470880429174038113e+02
5.838124934033956492e+00 -1.471279193156081817e+02
5.866673222219930040e+00 -1.471824799789048370e+02
5.895221510405917797e+00 -1.472494856539462944e+02
5.923769798591905555e+00 -1.473610407173630108e+02
5.952318086777893313e+00 -1.474936393823916774e+02
5.980866374963866861e+00 -1.476496992477365779e+02
6.009414663149854618e+00 -1.477973966409072943e+02
6.037962951335856587e+00 -1.479588181728526024e+02
6.066511239521830134e+00 -1.481026864119388620e+02
6.095059527707817892e+00 -1.482129266594290300e+02
6.123607815893805650e+00 -1.483028786228795184e+02
6.152156104079779197e+00 -1.483651029683014428e+02
6.180704392265766955e+00 -1.484134308945888279e+02
6.209252680451754713e+00 -1.484441331375037407e+02
6.237800968637742471e+00 -1.485257501745159914e+02
6.266349256823730229e+00 -1.485532299013660520e+02
6.294897545009717987e+00 -1.485815642660303979e+02
6.323445833195691534e+00 -1.486339555736329885e+02
6.351994121381679292e+00 -1.487115691517751088e+02
6.380542409567667050e+00 -1.488274852766137997e+02
6.409090697753640598e+00 -1.489520166041173184e+02
6.437638985939642566e+00 -1.490747101351298625e+02
6.466187274125630324e+00 -1.491908585168052639e+02
6.494735562311603871e+00 -1.492781852832669358e+02
6.523283850497591629e+00 -1.493317147708343100e+02
6.551832138683579387e+00 -1.493404358805932191e+02
6.580380426869552934e+00 -1.493371431898386845e+02
6.608928715055540692e+00 -1.493160349954428625e+02
6.637477003241542661e+00 -1.493074622922308095e+02
6.666025291427516208e+00 -1.493119555973778461e+02
6.694573579613503966e+00 -1.493520583738452387e+02
6.723121867799491724e+00 -1.493502400402816477e+02
6.751670155985465271e+00 -1.493750332200884827e+02
6.780218444171453029e+00 -1.494363063859754561e+02
6.808766732357440787e+00 -1.495119555309161967e+02
6.837315020543428545e+00 -1.495963488114773838e+02
6.865863308729416303e+00 -1.496715234068407767e+02
6.894411596915404061e+00 -1.497292013919168880e+02
6.922959885101377608e+00 -1.497533761042264189e+02
6.951508173287365366e+00 -1.497494155472815294e+02
6.980056461473353124e+00 -1.497168800688111787e+02
7.008604749659326671e+00 -1.496576625722161396e+02
7.037153037845328640e+00 -1.495965254777906068e+02
7.065701326031316398e+00 -1.495445638633532610e+02
7.094249614217289945e+00 -1.495262407024950164e+02
7.122797902403277703e+00 -1.495499495454014891e+02
7.151346190589265461e+00 -1.495502779036007439e+02
7.179894478775253219e+00 -1.495709229992862959e+02
7.208442766961226766e+00 -1.496130644198356379e+02
7.236991055147228735e+00 -1.496690773399341197e+02
7.265539343333202282e+00 -1.497245480411918663e+02
7.294087631519190040e+00 -1.497704380116877871e+02
7.322635919705177798e+00 -1.497882656240923325e+02
7.351184207891151345e+00 -1.497829854623619497e+02
7.379732496077153314e+00 -1.497378940968127949e+02
7.408280784263126861e+00 -1.496799533876146029e+02
7.436829072449114619e+00 -1.496150850737831774e+02
7.465377360635102377e+00 -1.495452027248917375e+02
7.493925648821090135e+00 -1.494958737456061328e+02
7.522473937007063682e+00 -1.494741221464757359e+02
7.551022225193051440e+00 -1.494813111983420981e+02
7.579570513379053409e+00 -1.495160826325330561e+02
7.608118801565012745e+00 -1.495413070318402617e+02
7.636667089751014714e+00 -1.495843320676285657e+02
7.665215377937002472e+00 -1.496329172271766481e+02
7.693763666122976019e+00 -1.496795670840629100e+02
7.722311954308963777e+00 -1.497043684786265487e+02
7.750860242494951535e+00 -1.497131370111120532e+02
7.779408530680939293e+00 -1.496898936735774726e+02
7.807956818866912840e+00 -1.496515294829020490e+02
7.836505107052914809e+00 -1.495970683971046356e+02
7.865053395238888356e+00 -1.495310650645190265e+02
7.893601683424876114e+00 -1.494830881411834298e+02
7.922149971610863872e+00 -1.494513715382917383e+02
7.950698259796837419e+00 -1.494440409858829071e+02
7.979246547982839388e+00 -1.494613950168488827e+02
8.007794836168827146e+00 -1.495067366451623911e+02
8.036343124354800693e+00 -1.495580527623179137e+02
8.064891412540788451e+00 -1.496118673896698397e+02
8.093439700726776209e+00 -1.496687261543320631e+02
8.121987988912749756e+00 -1.497073567379226517e+02
8.150536277098737514e+00 -1.497383930517506769e+02
8.179084565284739483e+00 -1.497409001504506705e+02
8.207632853470713030e+00 -1.497283521382002220e+02
8.236181141656700788e+00 -1.496985324688266985e+02
8.264729429842688546e+00 -1.496592506749440190e+02
8.293277718028662093e+00 -1.496143646653991368e+02
8.321826006214649851e+00 -1.495886627921428840e+02
8.350374294400637609e+00 -1.495793094996855359e+02
8.378922582586625367e+00 -1.495951176990581075e+02
8.407470870772613125e+00 -1.496349425392454862e+02
8.436019158958600883e+00 -1.496937866086624638e+02
8.464567447144574430e+00 -1.497692367443235639e+02
8.493115735330562188e+00 -1.498401606612715398e+02
8.521664023516549946e+00 -1.499037051905014266e+02
8.550212311702523493e+00 -1.499597462497422100e+02
8.578760599888525462e+00 -1.499901854792327640e+02
8.607308888074513220e+00 -1.500015959549850777e+02
8.635857176260486767e+00 -1.499985151027659640e+02
8.664405464446474525e+00 -1.499821492178546976e+02
8.692953752632462283e+00 -1.499563973553250094e+02
8.721502040818435830e+00 -1.499403864686519228e+02
8.750050329004423588e+00 -1.499363856457188717e+02
8.778598617190411346e+00 -1.499549354121920146e+02
8.807146905376399104e+00 -1.499963745776263977e+02
8.835695193562386862e+00 -1.500603534147658422e+02
8.864243481748374620e+00 -1.501433683896797504e+02
8.892791769934348167e+00 -1.502340401091730655e+02
8.921340058120335925e+00 -1.503213788512512963e+02
8.949888346306323683e+00 -1.504021821900247176e+02
8.978436634492311441e+00 -1.504678606708090740e+02
9.006984922678299199e+00 -1.505046832044100142e+02
9.035533210864286957e+00 -1.505262182791138912e+02
9.064081499050260504e+00 -1.505267388294837758e+02
9.092629787236248262e+00 -1.505247423481576448e+02
9.121178075422236020e+00 -1.505214306416306727e+02
9.149726363608209567e+00 -1.505251420980567616e+02
9.178274651794211536e+00 -1.505466560886830223e+02
9.206822939980185083e+00 -1.505940702806666707e+02
9.235371228166172841e+00 -1.506632904781971547e+02
9.263919516352160599e+00 -1.507562104762819217e+02
9.292467804538148357e+00 -1.508546942266745816e+02
9.321016092724136115e+00 -1.509647195037350969e+02
9.349564380910109662e+00 -1.510692464606484577e+02
9.378112669096097420e+00 -1.511618426145026035e+02
9.406660957282085178e+00 -1.512252654613764946e+02
9.435209245468072936e+00 -1.512748187906152566e+02
9.463757533654060694e+00 -1.512953184814189171e+02
9.492305821840034241e+00 -1.513072851478246434e+02
9.520854110026036210e+00 -1.513092733492814261e+02
9.549402398212009757e+00 -1.513194206819227929e+02
9.577950686397997515e+00 -1.513411396540539613e+02
9.606498974583985273e+00 -1.513871893502166870e+02
9.635047262769958820e+00 -1.514580273097652423e+02
9.663595550955946578e+00 -1.515547642910849220e+02
9.692143839141934336e+00 -1.516727467529628655e+02
9.720692127327922094e+00 -1.517910943380077811e+02
9.749240415513895641e+00 -1.519220470295772145e+02
9.777788703699897610e+00 -1.520259307554303234e+02
9.806336991885871157e+00 -1.521219738894270677e+02
9.834885280071858915e+00 -1.521927985619385311e+02
9.863433568257846673e+00 -1.522295285273119418e+02
9.891981856443834431e+00 -1.522472913685609512e+02
9.920530144629822189e+00 -1.522567623136352495e+02
9.949078432815809947e+00 -1.522617850557331849e+02
9.977626721001783494e+00 -1.522785016043138455e+02
1.000617500918777125e+01 -1.523050289354470692e+02
1.003472329737375901e+01 -1.523678802284777305e+02
1.006327158555973256e+01 -1.524581647425127642e+02
1.009181987374572032e+01 -1.525749680842074838e+02
1.012036816193172228e+01 -1.526963868319619451e+02
1.014891645011769583e+01 -1.528371580908797398e+02
1.017746473830368359e+01 -1.529595709188123749e+02
1.020601302648967135e+01 -1.530760421293763898e+02
1.023456131467564489e+01 -1.531480656797788811e+02
1.026310960286163265e+01 -1.531998739788777186e+02
1.029165789104762041e+01 -1.532138737932477852e+02
1.032020617923360817e+01 -1.532099004093440726e+02
1.034875446741959593e+01 -1.531996762823764016e+02
1.037730275560558368e+01 -1.531923960032083585e+02
1.040585104379155723e+01 -1.531931939353924861e+02
1.043439933197754499e+01 -1.532291168256338096e+02
1.046294762016353275e+01 -1.532952544379799917e+02
1.049149590834950629e+01 -1.533894070469208089e+02
1.052004419653550826e+01 -1.534931791472893963e+02
1.054859248472149602e+01 -1.536208537976110335e+02
1.057714077290746957e+01 -1.537358377200206689e+02
1.060568906109345733e+01 -1.538459314107894045e+02
1.063423734927944508e+01 -1.539253146061925008e+02
1.066278563746541863e+01 -1.539692335655208808e+02
1.069133392565140639e+01 -1.539733206475692384e+02
1.071988221383740836e+01 -1.539401908182022396e+02
1.074843050202338191e+01 -1.538965893859246137e+02
1.077697879020936966e+01 -1.538533292537145485e+02
1.080552707839535742e+01 -1.538221532434008907e+02
1.083407536658133097e+01 -1.538016159147770452e+02
1.086262365476731873e+01 -1.538200421353919012e+02
1.089117194295330648e+01 -1.538556863654327458e+02
1.091972023113929424e+01 -1.539275523310642484e+02
1.094826851932528200e+01 -1.540047505682917404e+02
1.097681680751126976e+01 -1.540944236901099202e+02
1.100536509569724331e+01 -1.541727668826714535e+02
1.103391338388323106e+01 -1.542222621851620090e+02
1.106246167206921882e+01 -1.542471995097912725e+02
1.109100996025519237e+01 -1.542329376963888308e+02
1.111955824844119434e+01 -1.541890363621893130e+02
1.114810653662718209e+01 -1.541128414827028905e+02
1.117665482481315564e+01 -1.540297749206037281e+02
1.120520311299914340e+01 -1.539514387854422637e+02
1.123375140118513116e+01 -1.538828528618024620e+02
1.126229968937111892e+01 -1.538462115085235098e+02
1.129084797755709246e+01 -1.538282143510551236e+02
1.131939626574309443e+01 -1.538426406542318432e+02
1.134794455392906798e+01 -1.538687813811072829e+02
1.137649284211505574e+01 -1.539130254325998521e+02
1.140504113030104349e+01 -1.539452521509765575e+02
1.143358941848701704e+01 -1.539672165348734154e+02
1.146213770667301901e+01 -1.539589679017365711e+02
1.149068599485899256e+01 -1.539275773746058746e+02
1.151923428304498032e+01 -1.538662116623339386e+02
1.154778257123096807e+01 -1.537836568934470165e+02
1.157633085941695583e+01 -1.536938820403690045e+02
1.160487914760292938e+01 -1.535823893970820961e+02
1.163342743578891714e+01 -1.534884460224458564e+02
1.166197572397491911e+01 -1.534082418166618709e+02
1.169052401216087844e+01 -1.533555879606064423e+02
1.171907230034688041e+01 -1.533321370854260124e+02
1.174762058853286817e+01 -1.533194404780184641e+02
1.177616887671884172e+01 -1.533161663894591982e+02
1.180471716490482947e+01 -1.533239938920661700e+02
1.183326545309081723e+01 -1.533165791121193706e+02
1.186181374127680499e+01 -1.533001404534874155e+02
1.189036202946279275e+01 -1.532587151291451448e+02
1.191891031764878051e+01 -1.531984334938574364e+02
1.194745860583475405e+01 -1.531160055517327407e+02
1.197600689402074181e+01 -1.530244725850520808e+02
1.200455518220672957e+01 -1.529294198636432611e+02
1.203310347039270312e+01 -1.528326473663588558e+02
1.206165175857870508e+01 -1.527405707387721350e+02
1.209020004676469284e+01 -1.526770909673973904e+02
1.211874833495066639e+01 -1.526242260912911206e+02
1.214729662313665415e+01 -1.525887923912638371e+02
1.217584491132264191e+01 -1.525747040758633375e+02
1.220439319950861545e+01 -1.525611650590129216e+02
1.223294148769460321e+01 -1.525515866679284898e+02
1.226148977588060518e+01 -1.525266897794339513e+02
1.229003806406657873e+01 -1.524903751063278889e+02
1.231858635225256648e+01 -1.524463794177823956e+02
1.234713464043855424e+01 -1.523801744606108173e+02
1.237568292862452779e+01 -1.523000356824266817e+02
1.240423121681051555e+01 -1.522155202168802930e+02
1.243277950499650331e+01 -1.521312678775587983e+02
1.246132779318249106e+01 -1.520667197762201113e+02
1.248987608136847882e+01 -1.519934581361106893e+02
1.251842436955446658e+01 -1.519369501206037967e+02
1.254697265774044013e+01 -1.519019989611328754e+02
1.257552094592642788e+01 -1.518743790002805270e+02
1.260406923411241564e+01 -1.518619369375325334e+02
1.263261752229838919e+01 -1.518513737943178512e+02
1.266116581048439116e+01 -1.518375853714181574e+02
1.268971409867037892e+01 -1.518146668177814149e+02
1.271826238685635246e+01 -1.517871024684619101e+02
1.274681067504234022e+01 -1.517412966125427829e+02
1.277535896322832798e+01 -1.516828751270390683e+02
1.280390725141430153e+01 -1.516173653770531189e+02
1.283245553960028928e+01 -1.515565627108218791e+02
1.286100382778629125e+01 -1.514916954450701212e+02
1.288955211597226480e+01 -1.514407241393460595e+02
1.291810040415825256e+01 -1.513941152903457805e+02
1.294664869234424032e+01 -1.513622281658691122e+02
1.297519698053021386e+01 -1.513377900697474274e+02
1.300374526871620162e+01 -1.513285277578940793e+02
1.303229355690218938e+01 -1.513236187063356795e+02
1.306084184508817714e+01 -1.513204924894404826e+02
1.308939013327416490e+01 -1.513185524888892246e+02
1.311793842146015265e+01 -1.513041344267202533e+02
1.314648670964612620e+01 -1.512796029974163616e+02
1.317503499783211396e+01 -1.512450895689210313e+02
1.320358328601811593e+01 -1.512056162735281077e+02
1.323213157420407526e+01 -1.511579269599326949e+02
1.326067986239007723e+01 -1.511153632141481467e+02
1.328922815057606499e+01 -1.510720520867451739e+02
1.331777643876203854e+01 -1.510393501252679584e+02
1.334632472694802630e+01 -1.510165945747595231e+02
1.337487301513401405e+01 -1.510032043525515064e+02
1.340342130332000181e+01 -1.510009595888071487e+02
1.343196959150597536e+01 -1.510048022907724601e+02
1.346051787969197733e+01 -1.510164152136374298e+02
1.348906616787795087e+01 -1.510246452917547231e+02
1.351761445606393863e+01 -1.510293575494902143e+02
1.354616274424992639e+01 -1.510261964526401925e+02
1.357471103243589994e+01 -1.510193991023697038e+02
1.360325932062190191e+01 -1.509998378576752316e+02
1.363180760880787545e+01 -1.509783684714824687e+02
1.366035589699386321e+01 -1.509470233142865823e+02
1.368890418517985097e+01 -1.509237514733304408e+02
1.371745247336583873e+01 -1.509023147515911774e+02
1.374600076155181227e+01 -1.508897401803317280e+02
1.377454904973780003e+01 -1.508865066729306648e+02
1.380309733792380200e+01 -1.508931950936099895e+02
1.383164562610976134e+01 -1.509113308093488683e+02
1.386019391429576331e+01 -1.509318670929315829e+02
1.388874220248175106e+01 -1.509553088340677505e+02
1.391729049066772461e+01 -1.509778184009353481e+02
1.394583877885371237e+01 -1.509996388175182460e+02
1.397438706703970013e+01 -1.510068842033158205e+02
1.400293535522568789e+01 -1.510142733815876284e+02
1.403148364341167564e+01 -1.510114320611164089e+02
1.406003193159766340e+01 -1.510030107555288623e+02
1.408858021978363695e+01 -1.509968005184492199e+02
1.411712850796962471e+01 -1.509888959193876019e+02
1.414567679615561246e+01 -1.509893859413461428e+02
1.417422508434158601e+01 -1.509959487832461207e+02
1.420277337252758798e+01 -1.510137606110507420e+02
1.423132166071357574e+01 -1.510396892767776080e+02
1.425986994889954929e+01 -1.510733969167653186e+02
