-1.425986994889954929e+01 -1.510739559838809782e+02
-1.423132166071357574e+01 -1.510402935343294359e+02
-1.420277337252758798e+01 -1.510144195966743723e+02
-1.417422508434160022e+01 -1.509966763011292414e+02
-1.414567679615561246e+01 -1.509901927986080921e+02
-1.411712850796962471e+01 -1.509897969128939224e+02
-1.408858021978363695e+01 -1.509978080131548950e+02
-1.406003193159766340e+01 -1.510041404889621504e+02
-1.403148364341167564e+01 -1.510126992787438667e+02
-1.400293535522568789e+01 -1.510156905471556001e+02
-1.397438706703971434e+01 -1.510084581991972073e+02
-1.394583877885371237e+01 -1.510013856419988372e+02
-1.391729049066772461e+01 -1.509797498890013117e+02
-1.388874220248175106e+01 -1.509574313211376193e+02
-1.386019391429576331e+01 -1.509341900297540633e+02
-1.383164562610977555e+01 -1.509138647017732637e+02
-1.380309733792380200e+01 -1.508959536576647622e+02
-1.377454904973780003e+01 -1.508894996866494580e+02
-1.374600076155181227e+01 -1.508929848420022495e+02
-1.371745247336583873e+01 -1.509058210766194748e+02
-1.368890418517985097e+01 -1.509275315468380256e+02
-1.366035589699386321e+01 -1.509510825229066313e+02
-1.363180760880788966e+01 -1.509827139729700889e+02
-1.360325932062190191e+01 -1.510044567887137532e+02
-1.357471103243589994e+01 -1.510242823200233033e+02
-1.354616274424992639e+01 -1.510313180715445753e+02
-1.351761445606393863e+01 -1.510346991647091670e+02
-1.348906616787795087e+01 -1.510301711778042204e+02
-1.346051787969197733e+01 -1.510221053584344588e+02
-1.343196959150598957e+01 -1.510106255081850861e+02
-1.340342130332000181e+01 -1.510068900255606934e+02
-1.337487301513401405e+01 -1.510092190883304681e+02
-1.334632472694802630e+01 -1.510226855482523263e+02
-1.331777643876203854e+01 -1.510454904846370425e+02
-1.328922815057606499e+01 -1.510782214619304398e+02
-1.326067986239007723e+01 -1.511215444763304845e+02
-1.323213157420408947e+01 -1.511640887676576881e+02
-1.320358328601811593e+01 -1.512117390221834228e+02
-1.317503499783211396e+01 -1.512511412766046703e+02
-1.314648670964612620e+01 -1.512855648150736556e+02
-1.311793842146015265e+01 -1.513099967170181799e+02
-1.308939013327416490e+01 -1.513242983086104800e+02
-1.306084184508817714e+01 -1.513261589608751194e+02
-1.303229355690220359e+01 -1.513292494348753223e+02
-1.300374526871621583e+01 -1.513342255997485779e+02
-1.297519698053021386e+01 -1.513436701477037616e+02
-1.294664869234424032e+01 -1.513684644970782358e+02
-1.291810040415825256e+01 -1.514008847563829647e+02
-1.288955211597226480e+01 -1.514487303473391364e+02
-1.286100382778629125e+01 -1.515019964539860950e+02
-1.283245553960030350e+01 -1.515708484876188038e+02
-1.280390725141431574e+01 -1.516381713609277142e+02
-1.277535896322832798e+01 -1.517139899952702535e+02
-1.274681067504234022e+01 -1.517880449517878390e+02
-1.271826238685635246e+01 -1.518570136051759221e+02
-1.268971409867037892e+01 -1.519169291374754209e+02
-1.266116581048439116e+01 -1.519845369863886901e+02
-1.263261752229840340e+01 -1.520590689378177558e+02
-1.260406923411241564e+01 -1.521488817044136965e+02
-1.257552094592642788e+01 -1.522650155249358477e+02
-1.254697265774044013e+01 -1.524263146697083471e+02
-1.251842436955446658e+01 -1.526286779149576205e+02
-1.248987608136847882e+01 -1.528985439494919945e+02
-1.246132779318249106e+01 -1.532381504421968828e+02
-1.243277950499651752e+01 -1.536252654255975756e+02
-1.240423121681051555e+01 -1.541075969073674514e+02
-1.237568292862452779e+01 -1.546690146334845224e+02
-1.234713464043855424e+01 -1.553103227207144528e+02
-1.231858635225256648e+01 -1.560146545839796204e+02
-1.229003806406657873e+01 -1.567489968930634348e+02
-1.226148977588060518e+01 -1.575088541079890661e+02
-1.223294148769461742e+01 -1.582489501779458578e+02
-1.220439319950861545e+01 -1.588664135554587915e+02
-1.217584491132264191e+01 -1.593241274791201647e+02
-1.214729662313665415e+01 -1.595878550483483593e+02
-1.211874833495066639e+01 -1.596650185440795440e+02
-1.209020004676469284e+01 -1.595890006647545647e+02
-1.206165175857870508e+01 -1.594301963903135402e+02
-1.203310347039271733e+01 -1.592419576589823009e+02
-1.200455518220672957e+01 -1.590281312951496488e+02
-1.197600689402074181e+01 -1.588405665088662317e+02
-1.194745860583475405e+01 -1.587138723726124852e+02
-1.191891031764878051e+01 -1.586629593370931843e+02
-1.189036202946279275e+01 -1.586641428676243777e+02
-1.186181374127680499e+01 -1.587199069046212685e+02
-1.183326545309081723e+01 -1.588215838598507617e+02
-1.180471716490482947e+01 -1.589647333725087606e+02
-1.177616887671884172e+01 -1.591294017564788135e+02
-1.174762058853286817e+01 -1.593134633948286876e+02
-1.171907230034688041e+01 -1.595087935443644369e+02
-1.169052401216089265e+01 -1.597072643273616563e+02
-1.166197572397491911e+01 -1.599045635384117929e+02
-1.163342743578891714e+01 -1.600938659511354558e+02
-1.160487914760292938e+01 -1.602700701104575387e+02
-1.157633085941695583e+01 -1.604276501156360837e+02
-1.154778257123096807e+01 -1.604916830331902418e+02
-1.151923428304498032e+01 -1.605508059547301514e+02
-1.149068599485900677e+01 -1.606011840299206312e+02
-1.146213770667301901e+01 -1.606360701046757811e+02
-1.143358941848701704e+01 -1.606551419835784316e+02
-1.140504113030104349e+01 -1.606600105751165302e+02
-1.137649284211505574e+01 -1.606537660163249939e+02
-1.134794455392906798e+01 -1.606430195851243070e+02
-1.131939626574309443e+01 -1.606327605258731239e+02
-1.129084797755710667e+01 -1.606275726362950422e+02
-1.126229968937111892e+01 -1.606314802047500905e+02
-1.123375140118513116e+01 -1.606448543743701123e+02
-1.120520311299914340e+01 -1.606653764429975695e+02
-1.117665482481315564e+01 -1.606935133287775841e+02
-1.114810653662718209e+01 -1.607201085724588552e+02
-1.111955824844119434e+01 -1.607394738957739833e+02
-1.109100996025520658e+01 -1.607406156802407509e+02
-1.106246167206923303e+01 -1.607270968149355213e+02
-1.103391338388323106e+01 -1.606981852488621314e+02
-1.100536509569724331e+01 -1.606550715509246743e+02
-1.097681680751126976e+01 -1.606005225800093683e+02
-1.094826851932528200e+01 -1.605415318821965798e+02
-1.091972023113929424e+01 -1.604849045404110939e+02
-1.089117194295332069e+01 -1.604362097015100517e+02
-1.086262365476733294e+01 -1.604025105914296887e+02
-1.083407536658134518e+01 -1.603826799547397570e+02
-1.080552707839535742e+01 -1.603766579295919144e+02
-1.077697879020936966e+01 -1.603847795823057822e+02
-1.074843050202338191e+01 -1.604012324132115452e+02
-1.071988221383740836e+01 -1.604200662000451985e+02
-1.069133392565142060e+01 -1.604356817094071630e+02
-1.066278563746543284e+01 -1.604415116927075076e+02
-1.063423734927944508e+01 -1.604325447945373924e+02
-1.060568906109345733e+01 -1.604130934190339985e+02
-1.057714077290746957e+01 -1.603854051240913066e+02
-1.054859248472149602e+01 -1.603542741301202454e+02
-1.052004419653550826e+01 -1.603255713207465192e+02
-1.049149590834952050e+01 -1.603057559927579234e+02
-1.046294762016353275e+01 -1.603001773909396377e+02
-1.043439933197754499e+01 -1.603124291530558025e+02
-1.040585104379157144e+01 -1.603435696007672959e+02
-1.037730275560558368e+01 -1.603906734552185753e+02
-1.034875446741959593e+01 -1.604525524763956810e+02
-1.032020617923360817e+01 -1.605209298443125192e+02
-1.029165789104763462e+01 -1.605891781763509698e+02
-1.026310960286163265e+01 -1.606502040853469566e+02
-1.023456131467565910e+01 -1.606985450511815827e+02
-1.020601302648967135e+01 -1.607311343166559254e+02
-1.017746473830368359e+01 -1.607441709531728691e+02
-1.014891645011769583e+01 -1.607472259350011257e+02
-1.012036816193172228e+01 -1.607442873864370085e+02
-1.009181987374573453e+01 -1.607434346367570583e+02
-1.006327158555974677e+01 -1.607518215697546964e+02
-1.003472329737375901e+01 -1.607750297218444757e+02
-1.000617500918777125e+01 -1.608159280881906170e+02
-9.977626721001797705e+00 -1.608744335757597526e+02
-9.949078432815809947e+00 -1.609464076200795262e+02
-9.920530144629822189e+00 -1.610252594063036327e+02
-9.891981856443834431e+00 -1.611021130999762647e+02
-9.863433568257846673e+00 -1.611676649395591312e+02
-9.834885280071858915e+00 -1.612137754762999009e+02
-9.806336991885885368e+00 -1.612356586476596476e+02
-9.777788703699897610e+00 -1.612331104097412435e+02
-9.749240415513909852e+00 -1.612085942450036669e+02
-9.720692127327922094e+00 -1.611641255405669995e+02
-9.692143839141934336e+00 -1.611138503199601928e+02
-9.663595550955946578e+00 -1.610674375440339077e+02
-9.635047262769973031e+00 -1.610328230769383424e+02
-9.606498974583985273e+00 -1.610157302629746994e+02
-9.577950686397997515e+00 -1.610173454261439758e+02
-9.549402398212023968e+00 -1.610351125533938443e+02
-9.520854110026036210e+00 -1.610629349799755801e+02
-9.492305821840034241e+00 -1.610918689796853300e+02
-9.463757533654060694e+00 -1.611122089344970618e+02
-9.435209245468072936e+00 -1.611147665065101364e+02
-9.406660957282085178e+00 -1.610933240328135696e+02
-9.378112669096111631e+00 -1.610462270114954890e+02
-9.349564380910123873e+00 -1.609766260925872530e+02
-9.321016092724136115e+00 -1.608914437752949596e+02
-9.292467804538148357e+00 -1.607958742187396979e+02
-9.263919516352160599e+00 -1.607018595844952529e+02
-9.235371228166172841e+00 -1.606203861200359597e+02
-9.206822939980199294e+00 -1.605582120707779268e+02
-9.178274651794211536e+00 -1.605183533985806150e+02
-9.149726363608223778e+00 -1.604998598271938874e+02
-9.121178075422250231e+00 -1.604982658826999398e+02
-9.092629787236248262e+00 -1.605057527550112866e+02
-9.064081499050260504e+00 -1.605128598694044229e+02
-9.035533210864286957e+00 -1.605101460396572293e+02
-9.006984922678299199e+00 -1.604899952089630801e+02
-8.978436634492311441e+00 -1.604484108707128485e+02
-8.949888346306337894e+00 -1.603859813609601304e+02
-8.921340058120350136e+00 -1.603077830274639268e+02
-8.892791769934348167e+00 -1.602198233308943998e+02
-8.864243481748374620e+00 -1.601310466776964745e+02
-8.835695193562386862e+00 -1.600486125602152754e+02
-8.807146905376399104e+00 -1.599839133140537228e+02
-8.778598617190425557e+00 -1.599417345267509063e+02
-8.750050329004437799e+00 -1.599231262566298710e+02
-8.721502040818450041e+00 -1.599253852965142357e+02
-8.692953752632462283e+00 -1.599422736138355390e+02
-8.664405464446474525e+00 -1.599651142284810135e+02
-8.635857176260486767e+00 -1.599841614640107537e+02
-8.607308888074513220e+00 -1.599904708312810158e+02
-8.578760599888525462e+00 -1.599777347411337871e+02
-8.550212311702537704e+00 -1.599437597995826081e+02
-8.521664023516549946e+00 -1.598910410675064782e+02
-8.493115735330562188e+00 -1.598261475033545480e+02
-8.464567447144574430e+00 -1.597582958593497722e+02
-8.436019158958600883e+00 -1.596846301325191746e+02
-8.407470870772613125e+00 -1.596259843809291965e+02
-8.378922582586625367e+00 -1.595866777531226433e+02
-8.350374294400651820e+00 -1.595717427552481524e+02
-8.321826006214649851e+00 -1.595805700034275105e+02
-8.293277718028662093e+00 -1.596086775045902755e+02
-8.264729429842688546e+00 -1.596483134646388180e+02
-8.236181141656700788e+00 -1.596896415030276160e+02
-8.207632853470713030e+00 -1.597225091587682471e+02
-8.179084565284739483e+00 -1.597383927017897349e+02
-8.150536277098751725e+00 -1.597323558042747322e+02
-8.121987988912749756e+00 -1.597042294646521157e+02
-8.093439700726776209e+00 -1.596587281195502612e+02
-8.064891412540788451e+00 -1.596043662935754242e+02
-8.036343124354800693e+00 -1.595516137360723974e+02
-8.007794836168827146e+00 -1.595005053197809559e+02
-7.979246547982839388e+00 -1.594547738549615872e+02
-7.950698259796837419e+00 -1.594364488128022117e+02
-7.922149971610863872e+00 -1.594449322183661195e+02
-7.893601683424876114e+00 -1.594779980137447239e+02
-7.865053395238888356e+00 -1.595289774694824700e+02
-7.836505107052914809e+00 -1.595880901615507241e+02
-7.807956818866927051e+00 -1.596439833583869472e+02
-7.779408530680939293e+00 -1.596857811365288455e+02
-7.750860242494951535e+00 -1.597054683497975134e+02
-7.722311954308963777e+00 -1.596997522060554218e+02
-7.693763666122976019e+00 -1.596709724020356873e+02
-7.665215377937002472e+00 -1.596265408775547598e+02
-7.636667089751014714e+00 -1.595773034070677738e+02
-7.608118801565026956e+00 -1.595352043290297104e+02
-7.579570513379053409e+00 -1.595110876117961425e+02
-7.551022225193051440e+00 -1.594716826540763464e+02
-7.522473937007063682e+00 -1.594662111391666599e+02
-7.493925648821090135e+00 -1.594911238108180100e+02
-7.465377360635102377e+00 -1.595414151413189074e+02
-7.436829072449114619e+00 -1.596074920990845669e+02
-7.408280784263141072e+00 -1.596768859001962824e+02
-7.379732496077153314e+00 -1.597363220112363251e+02
-7.351184207891151345e+00 -1.597743385202630009e+02
-7.322635919705177798e+00 -1.597839038653978037e+02
-7.294087631519190040e+00 -1.597642108977565840e+02
-7.265539343333202282e+00 -1.597209256891221116e+02
-7.236991055147228735e+00 -1.596648184344166168e+02
-7.208442766961240977e+00 -1.596092498917367948e+02
-7.179894478775253219e+00 -1.595674541195714085e+02
-7.151346190589265461e+00 -1.595502085189027639e+02
-7.122797902403277703e+00 -1.595396795822285583e+02
-7.094249614217289945e+00 -1.595200656308168732e+02
-7.065701326031316398e+00 -1.595435052983256412e+02
-7.037153037845328640e+00 -1.595917445837200432e+02
-7.008604749659340882e+00 -1.596515148694466006e+02
-6.980056461473367335e+00 -1.597074521248725887e+02
-6.951508173287365366e+00 -1.597448249333215244e+02
-6.922959885101377608e+00 -1.597526780287548149e+02
-6.894411596915404061e+00 -1.597264783844428564e+02
-6.865863308729416303e+00 -1.596692619310082080e+02
-6.837315020543428545e+00 -1.595907671508608416e+02
-6.808766732357454998e+00 -1.595049358538200579e+02
-6.780218444171467240e+00 -1.594267482824402862e+02
-6.751670155985465271e+00 -1.593693284565641193e+02
-6.723121867799491724e+00 -1.593418382666143316e+02
-6.694573579613503966e+00 -1.593482158298429567e+02
-6.666025291427516208e+00 -1.593034788924765053e+02
-6.637477003241542661e+00 -1.592961659373924590e+02
-6.608928715055554903e+00 -1.593103949319301478e+02
-6.580380426869567145e+00 -1.593295338909033489e+02
-6.551832138683579387e+00 -1.593369747628573521e+02
-6.523283850497591629e+00 -1.593188438703013219e+02
-6.494735562311603871e+00 -1.592671776972055113e+02
-6.466187274125630324e+00 -1.591817295884287944e+02
-6.437638985939642566e+00 -1.590697761833520190e+02
-6.409090697753654808e+00 -1.589439848212201696e+02
-6.380542409567667050e+00 -1.588192124895044799e+02
-6.351994121381679292e+00 -1.587093692926905533e+02
-6.323445833195691534e+00 -1.586249805712916441e+02
-6.294897545009717987e+00 -1.585716994895041978e+02
-6.266349256823730229e+00 -1.585496096644218369e+02
-6.237800968637742471e+00 -1.585214891345261776e+02
-6.209252680451754713e+00 -1.584448275073932848e+02
-6.180704392265766955e+00 -1.584007559212101057e+02
-6.152156104079779197e+00 -1.583554512875853391e+02
-6.123607815893805650e+00 -1.582949572143013199e+02
-6.095059527707817892e+00 -1.582091176295099331e+02
-6.066511239521830134e+00 -1.580944388081295244e+02
-6.037962951335856587e+00 -1.579544644718549478e+02
-6.009414663149854618e+00 -1.577984023742496333e+02
-5.980866374963866861e+00 -1.576385588576198700e+02
-5.952318086777893313e+00 -1.574874606922292060e+02
-5.923769798591905555e+00 -1.573554432090610078e+02
-5.895221510405917797e+00 -1.572490174439738837e+02
-5.866673222219944250e+00 -1.571700325973489214e+02
-5.838124934033956492e+00 -1.571155051111519754e+02
-5.809576645847954524e+00 -1.570780419313845471e+02
-5.781028357661980976e+00 -1.569696426379284731e+02
-5.752480069475993218e+00 -1.568728766083813468e+02
-5.723931781290005461e+00 -1.567745647699208007e+02
-5.695383493104031913e+00 -1.566623778391627866e+02
-5.666835204918044155e+00 -1.565312459697115059e+02
-5.638286916732056397e+00 -1.563808277514115446e+02
-5.609738628546068639e+00 -1.562159561912062031e+02
-5.581190340360080882e+00 -1.560449933221485992e+02
-5.552642052174093124e+00 -1.558776489577510631e+02
-5.524093763988119576e+00 -1.557228650602443167e+02
-5.495545475802131818e+00 -1.555871999620512440e+02
-5.466997187616144060e+00 -1.554738031375803757e+02
-5.438448899430170513e+00 -1.553820332036177092e+02
-5.409900611244168545e+00 -1.553075921394966770e+02
-5.381352323058180787e+00 -1.552431747876551640e+02
-5.352804034872207239e+00 -1.551607743017128200e+02
-5.324255746686219481e+00 -1.550253861790210976e+02
-5.295707458500231724e+00 -1.549011428927152849e+02
-5.267159170314258176e+00 -1.547671949780494742e+02
-5.238610882128270418e+00 -1.546208487265074609e+02
-5.210062593942268450e+00 -1.544634564332158106e+02
-5.181514305756294902e+00 -1.542995469037971930e+02
-5.152966017570307145e+00 -1.541357275779741371e+02
-5.124417729384319387e+00 -1.539790370590643533e+02
-5.095869441198345839e+00 -1.538354618329700259e+02
-5.067321153012358081e+00 -1.537088461450777288e+02
-5.038772864826370323e+00 -1.536002744657367316e+02
-5.010224576640382566e+00 -1.535079211964969659e+02
-4.981676288454394808e+00 -1.534273364633612005e+02
-4.953128000268407050e+00 -1.533521418358726578e+02
-4.924579712082433502e+00 -1.532750833408363178e+02
-4.896031423896445745e+00 -1.531481198768669856e+02
-4.867483135710457987e+00 -1.530177292213362534e+02
-4.838934847524484439e+00 -1.528828342983483992e+02
-4.810386559338482471e+00 -1.527396892316429273e+02
-4.781838271152494713e+00 -1.525908459563344479e+02
-4.753289982966521166e+00 -1.524401411928423329e+02
-4.724741694780533408e+00 -1.522926401681569928e+02
-4.696193406594545650e+00 -1.521534010727249893e+02
-4.667645118408572102e+00 -1.520264073022492539e+02
-4.639096830222584344e+00 -1.519138146664734279e+02
-4.610548542036582376e+00 -1.518155683073538000e+02
-4.582000253850608829e+00 -1.517293926663235197e+02
-4.553451965664621071e+00 -1.516511354698716900e+02
-4.524903677478633313e+00 -1.515754291504953812e+02
-4.496355389292659765e+00 -1.514965980761669471e+02
-4.467807101106672008e+00 -1.514012515587102996e+02
-4.439258812920684250e+00 -1.512702836526340207e+02
-4.410710524734696492e+00 -1.511429544770348627e+02
-4.382162236548708734e+00 -1.510112698031929881e+02
-4.353613948362720976e+00 -1.508766629611137944e+02
-4.325065660176747429e+00 -1.507427594961727380e+02
-4.296517371990759671e+00 -1.506134928345581443e+02
-4.267969083804771913e+00 -1.504925714151239617e+02
-4.239420795618784155e+00 -1.503826843596962135e+02
-4.210872507432796397e+00 -1.502849575232406494e+02
-4.182324219246808639e+00 -1.501987216474579441e+02
-4.153775931060835092e+00 -1.501215831000836829e+02
-4.125227642874847334e+00 -1.500497842539413682e+02
-4.096679354688859576e+00 -1.499788095042034968e+02
-4.068131066502871818e+00 -1.499041562146276476e+02
-4.039582778316884060e+00 -1.498221436564380724e+02
-4.011034490130910513e+00 -1.497103604108008881e+02
-3.982486201944922755e+00 -1.495936913458217532e+02
-3.953937913758934997e+00 -1.494756855594432636e+02
-3.925389625572947239e+00 -1.493564512944602143e+02
-3.896841337386973692e+00 -1.492393364613388655e+02
-3.868293049200971723e+00 -1.491274738068204329e+02
-3.839744761014998176e+00 -1.490236593747557663e+02
-3.811196472829010418e+00 -1.489297327649748865e+02
-3.782648184643022660e+00 -1.488461807139501616e+02
-3.754099896457034902e+00 -1.487719978103806113e+02
-3.725551608271061355e+00 -1.487048069502189378e+02
-3.697003320085073597e+00 -1.486412188418219102e+02
-3.668455031899085839e+00 -1.485773828670801038e+02
-3.639906743713098081e+00 -1.485096479151142148e+02
-3.611358455527110323e+00 -1.484352163313301958e+02
-3.582810167341136776e+00 -1.483489868117172819e+02
-3.554261879155149018e+00 -1.482414549797915981e+02
-3.525713590969161260e+00 -1.481367565462115863e+02
-3.497165302783173502e+00 -1.480325684979641778e+02
-3.468617014597185744e+00 -1.479310642718261875e+02
-3.440068726411197986e+00 -1.478350437795338337e+02
-3.411520438225224439e+00 -1.477466722646151425e+02
-3.382972150039236681e+00 -1.476672186778498030e+02
-3.354423861853248923e+00 -1.475967575556656755e+02
-3.325875573667261165e+00 -1.475340942787584027e+02
-3.297327285481287618e+00 -1.474769160572274131e+02
-3.268778997295285649e+00 -1.474221437062638245e+02
-3.240230709109312102e+00 -1.473664350635539790e+02
-3.211682420923324344e+00 -1.473067600448182191e+02
-3.183134132737336586e+00 -1.472409416618272360e+02
-3.154585844551363039e+00 -1.471680498992112689e+02
-3.126037556365375281e+00 -1.470783764145198802e+02
-3.097489268179387523e+00 -1.469861345526254581e+02
-3.068940979993399765e+00 -1.468956601683032943e+02
-3.040392691807412007e+00 -1.468084014646215678e+02
-3.011844403621424249e+00 -1.467266599042684447e+02
-2.983296115435450702e+00 -1.466521767094401412e+02
-2.954747827249462944e+00 -1.465858242329337031e+02
-2.926199539063475186e+00 -1.465274003503768370e+02
-2.897651250877487428e+00 -1.464755997113590524e+02
-2.869102962691499670e+00 -1.464281841739542358e+02
-2.840554674505511912e+00 -1.463823255752712669e+02
-2.812006386319538365e+00 -1.463350701423334215e+02
-2.783458098133550607e+00 -1.462838476823956739e+02
-2.754909809947562849e+00 -1.462269291270078782e+02
-2.726361521761589302e+00 -1.461637380003793112e+02
-2.697813233575601544e+00 -1.460934029518938928e+02
-2.669264945389599575e+00 -1.460116201231380444e+02
-2.640716657203626028e+00 -1.459337080140555543e+02
-2.612168369017638270e+00 -1.458594361806229358e+02
-2.583620080831650512e+00 -1.457906441058564155e+02
-2.555071792645676965e+00 -1.457287675419759125e+02
-2.526523504459689207e+00 -1.456743938652754764e+02
-2.497975216273701449e+00 -1.456271266901054844e+02
-2.469426928087713691e+00 -1.455855913249701530e+02
-2.440878639901725933e+00 -1.455476186496990181e+02
-2.412330351715738175e+00 -1.455105794412216653e+02
-2.383782063529764628e+00 -1.454718178931168495e+02
-2.355233775343776870e+00 -1.454291102015171759e+02
-2.326685487157789112e+00 -1.453810602822377405e+02
-2.298137198971801354e+00 -1.453273489768636466e+02
-2.269588910785813596e+00 -1.452687809840528814e+02
-2.241040622599825838e+00 -1.452019763658354918e+02
-2.212492334413852291e+00 -1.451354518828098321e+02
-2.183944046227864533e+00 -1.450730630099069458e+02
-2.155395758041876775e+00 -1.450161463569598936e+02
-2.126847469855889017e+00 -1.449658582947432137e+02
-2.098299181669901259e+00 -1.449225737662784752e+02
-2.069750893483913501e+00 -1.448857532248083828e+02
-2.041202605297939954e+00 -1.448539735734475755e+02
-2.012654317111952196e+00 -1.448251225243486999e+02
-1.984106028925964438e+00 -1.447967263052173621e+02
-1.955557740739990891e+00 -1.447663592086781819e+02
-1.927009452553988922e+00 -1.447320633847736531e+02
-1.898461164368001164e+00 -1.446926973258135831e+02
-1.869912876182027617e+00 -1.446481391539665822e+02
-1.841364587996039859e+00 -1.445992995257968232e+02
-1.812816299810052101e+00 -1.445473904457907111e+02
-1.784268011624078554e+00 -1.444908956692949573e+02
-1.755719723438090796e+00 -1.444395533434651497e+02
-1.727171435252088827e+00 -1.443936772393568617e+02
-1.698623147066115280e+00 -1.443541805036656172e+02
-1.670074858880127522e+00 -1.443212957097395019e+02
-1.641526570694139764e+00 -1.442943720558090206e+02
-1.612978282508166217e+00 -1.442719478840905083e+02
-1.584429994322178459e+00 -1.442519538764572644e+02
-1.555881706136190701e+00 -1.442320363999106689e+02
-1.527333417950202943e+00 -1.442099489411502589e+02
-1.498785129764215185e+00 -1.441839421332877862e+02
-1.470236841578227427e+00 -1.441530756930331165e+02
-1.441688553392253880e+00 -1.441173860432639060e+02
-1.413140265206266122e+00 -1.440778724058538103e+02
-1.384591977020278364e+00 -1.440363051038231390e+02
-1.356043688834304817e+00 -1.439924096569503149e+02
-1.327495400648302848e+00 -1.439513144949398225e+02
-1.298947112462315090e+00 -1.439159203101801268e+02
-1.270398824276341543e+00 -1.438867635037036905e+02
-1.241850536090353785e+00 -1.438638495926659573e+02
-1.213302247904366027e+00 -1.438464995753897142e+02
-1.184753959718392480e+00 -1.438332122983198929e+02
-1.156205671532404722e+00 -1.438219423936483281e+02
-1.127657383346402753e+00 -1.438104216166598803e+02
-1.099109095160429206e+00 -1.437965372735553444e+02
-1.070560806974441448e+00 -1.437786995418437073e+02
-1.042012518788453690e+00 -1.437561248260149682e+02
-1.013464230602480143e+00 -1.437289746242366277e+02
-9.849159424164923848e-01 -1.436983190863098798e+02
-9.563676542305046269e-01 -1.436659337728016226e+02
-9.278193660445168689e-01 -1.436338647312427668e+02
-8.992710778585291109e-01 -1.436019842242140214e+02
-8.707227896725413530e-01 -1.435761386563504232e+02
-8.421745014865678058e-01 -1.435565849555030127e+02
-8.136262133005800479e-01 -1.435419617429561754e+02
-7.850779251145922899e-01 -1.435317655706373614e+02
-7.565296369286187428e-01 -1.435240365855216567e+02
-7.279813487426167740e-01 -1.435161622522045093e+02
-6.994330605566290160e-01 -1.435051666850579863e+02
-6.708847723706554689e-01 -1.434880543693928985e+02
-6.423364841846677109e-01 -1.434621464732081506e+02
-6.137881959986799529e-01 -1.434253446393018976e+02
-5.852399078127064058e-01 -1.433762700492451927e+02
-5.566916196267186479e-01 -1.433142549524575884e+02
-5.281433314407166790e-01 -1.432392022929948610e+02
-4.995950432547431319e-01 -1.431513660832070798e+02
-4.710467550687553739e-01 -1.430501277126214745e+02
-4.424984668827676160e-01 -1.429369574031539969e+02
-4.139501786967940689e-01 -1.428127188423496818e+02
-3.854018905108063109e-01 -1.426769131410937916e+02
-3.568536023248043421e-01 -1.425294131685980403e+02
-3.283053141388307949e-01 -1.423712590830062368e+02
-2.997570259528430370e-01 -1.422039539242633168e+02
-2.712087377668552790e-01 -1.420299623862584895e+02
-2.426604495808817319e-01 -1.418527543397043758e+02
-2.141121613948939739e-01 -1.416766953808360654e+02
-1.855638732088920051e-01 -1.415068030130630632e+02
-1.570155850229184580e-01 -1.413484156741875495e+02
-1.284672968369307000e-01 -1.412068321565102735e+02
-9.991900865094294204e-02 -1.410869723581445783e+02
-7.137072046496939492e-02 -1.409930931255224209e+02
-4.282243227898163695e-02 -1.409285740340598068e+02
-1.427414409299387898e-02 -1.408951542957654794e+02
1.427414409299387898e-02 -1.408951542957655079e+02
4.282243227898163695e-02 -1.409285740340597215e+02
7.137072046496939492e-02 -1.409930931255221367e+02
9.991900865094294204e-02 -1.410869723581455162e+02
1.284672968369307000e-01 -1.412068321565099609e+02
1.570155850229184580e-01 -1.413484156741878621e+02
1.855638732088920051e-01 -1.415068030130624379e+02
2.141121613948939739e-01 -1.416766953808360654e+02
2.426604495808817319e-01 -1.418527543397039210e+02
2.712087377668552790e-01 -1.420299623862580916e+02
2.997570259528430370e-01 -1.422039539242633737e+02
3.283053141388307949e-01 -1.423712590830065778e+02
3.568536023248043421e-01 -1.425294131685983245e+02
3.854018905107921000e-01 -1.426769131410937064e+02
4.139501786967940689e-01 -1.428127188423494545e+02
4.424984668827676160e-01 -1.429369574031535706e+02
4.710467550687553739e-01 -1.430501277126210766e+02
4.995950432547431319e-01 -1.431513660832064545e+02
5.281433314407166790e-01 -1.432392022929952020e+02
5.566916196267044370e-01 -1.433142549524571052e+02
5.852399078126921950e-01 -1.433762700492465001e+02
6.137881959986799529e-01 -1.434253446393008744e+02
6.423364841846677109e-01 -1.434621464732065590e+02
6.708847723706554689e-01 -1.434880543693917048e+02
6.994330605566290160e-01 -1.435051666850588958e+02
7.279813487426167740e-01 -1.435161622522042819e+02
7.565296369286045319e-01 -1.435240365855202072e+02
7.850779251145780790e-01 -1.435317655706357982e+02
8.136262133005800479e-01 -1.435419617429561470e+02
8.421745014865678058e-01 -1.435565849555013358e+02
8.707227896725413530e-01 -1.435761386563503379e+02
8.992710778585291109e-01 -1.436019842242137088e+02
9.278193660445168689e-01 -1.436338647312429089e+02
9.563676542304904160e-01 -1.436659337728001731e+02
9.849159424164781740e-01 -1.436983190863092545e+02
1.013464230602480143e+00 -1.437289746242379067e+02
1.042012518788453690e+00 -1.437561248260149966e+02
1.070560806974441448e+00 -1.437786995418443041e+02
1.099109095160429206e+00 -1.437965372735564813e+02
1.127657383346402753e+00 -1.438104216166595677e+02
1.156205671532390511e+00 -1.438219423936490386e+02
1.184753959718378269e+00 -1.438332122983193244e+02
1.213302247904366027e+00 -1.438464995753901690e+02
1.241850536090353785e+00 -1.438638495926659857e+02
1.270398824276341543e+00 -1.438867635037036621e+02
1.298947112462315090e+00 -1.439159203101800983e+02
1.327495400648302848e+00 -1.439513144949393677e+02
1.356043688834304817e+00 -1.439924096569505423e+02
1.384591977020264153e+00 -1.440363051038224000e+02
1.413140265206266122e+00 -1.440778724058540661e+02
1.441688553392253880e+00 -1.441173860432632807e+02
1.470236841578227427e+00 -1.441530756930330881e+02
1.498785129764215185e+00 -1.441839421332877578e+02
1.527333417950202943e+00 -1.442099489411507420e+02
1.555881706136190701e+00 -1.442320363999112374e+02
1.584429994322164248e+00 -1.442519538764580602e+02
1.612978282508166217e+00 -1.442719478840899399e+02
1.641526570694139764e+00 -1.442943720558093048e+02
1.670074858880127522e+00 -1.443212957097389619e+02
1.698623147066115280e+00 -1.443541805036655319e+02
1.727171435252088827e+00 -1.443936772393570891e+02
1.755719723438090796e+00 -1.444395533434653487e+02
1.784268011624064343e+00 -1.444908956692940762e+02
1.812816299810052101e+00 -1.445473904457903700e+02
1.841364587996039859e+00 -1.445992995257965106e+02
1.869912876182027617e+00 -1.446481391539675769e+02
1.898461164368001164e+00 -1.446926973258135263e+02
1.927009452553988922e+00 -1.447320633847733689e+02
1.955557740739976680e+00 -1.447663592086780113e+02
1.984106028925964438e+00 -1.447967263052160263e+02
2.012654317111952196e+00 -1.448251225243493820e+02
2.041202605297939954e+00 -1.448539735734462397e+02
2.069750893483913501e+00 -1.448857532248084397e+02
2.098299181669901259e+00 -1.449225737662787026e+02
2.126847469855889017e+00 -1.449658582947434411e+02
2.155395758041876775e+00 -1.450161463569605189e+02
2.183944046227864533e+00 -1.450730630099059795e+02
2.212492334413852291e+00 -1.451354518828109406e+02
2.241040622599825838e+00 -1.452019763658359182e+02
2.269588910785813596e+00 -1.452687809840534214e+02
2.298137198971801354e+00 -1.453273489768627655e+02
2.326685487157774901e+00 -1.453810602822366889e+02
2.355233775343776870e+00 -1.454291102015166643e+02
2.383782063529750417e+00 -1.454718178931151442e+02
2.412330351715738175e+00 -1.455105794412213811e+02
2.440878639901725933e+00 -1.455476186496998139e+02
2.469426928087713691e+00 -1.455855913249702098e+02
2.497975216273687238e+00 -1.456271266901037507e+02
2.526523504459674996e+00 -1.456743938652753343e+02
2.555071792645662754e+00 -1.457287675419755146e+02
2.583620080831650512e+00 -1.457906441058567566e+02
2.612168369017638270e+00 -1.458594361806225947e+02
2.640716657203626028e+00 -1.459337080140560658e+02
2.669264945389599575e+00 -1.460116201231377318e+02
2.697813233575587333e+00 -1.460934029518942623e+02
2.726361521761575091e+00 -1.461637380003792259e+02
2.754909809947562849e+00 -1.462269291270092708e+02
2.783458098133550607e+00 -1.462838476823959581e+02
2.812006386319524154e+00 -1.463350701423345299e+02
2.840554674505511912e+00 -1.463823255752709542e+02
2.869102962691499670e+00 -1.464281841739542926e+02
2.897651250877487428e+00 -1.464755997113613546e+02
2.926199539063460975e+00 -1.465274003503763254e+02
2.954747827249462944e+00 -1.465858242329333621e+02
2.983296115435436491e+00 -1.466521767094396296e+02
3.011844403621424249e+00 -1.467266599042683026e+02
3.040392691807412007e+00 -1.468084014646209425e+02
3.068940979993399765e+00 -1.468956601683038627e+02
3.097489268179373312e+00 -1.469861345526253444e+02
3.126037556365361070e+00 -1.470783764145195391e+02
3.154585844551348828e+00 -1.471680498992109278e+02
3.183134132737336586e+00 -1.472409416618269233e+02
3.211682420923324344e+00 -1.473067600448179064e+02
3.240230709109297891e+00 -1.473664350635540927e+02
3.268778997295285649e+00 -1.474221437062652171e+02
3.297327285481287618e+00 -1.474769160572280384e+02
3.325875573667261165e+00 -1.475340942787587153e+02
3.354423861853248923e+00 -1.475967575556663860e+02
3.382972150039236681e+00 -1.476672186778505989e+02
3.411520438225210228e+00 -1.477466722646161656e+02
3.440068726411197986e+00 -1.478350437795340042e+02
3.468617014597185744e+00 -1.479310642718286317e+02
3.497165302783173502e+00 -1.480325684979643199e+02
3.525713590969147049e+00 -1.481367565462122400e+02
3.554261879155149018e+00 -1.482414549797933034e+02
3.582810167341122565e+00 -1.483489868117176798e+02
3.611358455527110323e+00 -1.484352163313304231e+02
3.639906743713098081e+00 -1.485096479151145559e+02
3.668455031899071628e+00 -1.485773828670789669e+02
3.697003320085073597e+00 -1.486412188418228766e+02
3.725551608271047144e+00 -1.487048069502193641e+02
3.754099896457034902e+00 -1.487719978103809524e+02
3.782648184643022660e+00 -1.488461807139498205e+02
3.811196472829010418e+00 -1.489297327649751708e+02
3.839744761014983965e+00 -1.490236593747557379e+02
3.868293049200971723e+00 -1.491274738068205465e+02
3.896841337386973692e+00 -1.492393364613388371e+02
3.925389625572947239e+00 -1.493564512944595890e+02
3.953937913758934997e+00 -1.494756855594431784e+02
3.982486201944922755e+00 -1.495936913458219806e+02
4.011034490130896302e+00 -1.497103604108007744e+02
4.039582778316884060e+00 -1.498221436564388114e+02
4.068131066502871818e+00 -1.499041562146292108e+02
4.096679354688859576e+00 -1.499788095042036957e+02
4.125227642874847334e+00 -1.500497842539418514e+02
4.153775931060835092e+00 -1.501215831000851324e+02
4.182324219246808639e+00 -1.501987216474588820e+02
4.210872507432796397e+00 -1.502849575232414736e+02
4.239420795618784155e+00 -1.503826843596952472e+02
4.267969083804757702e+00 -1.504925714151241891e+02
4.296517371990759671e+00 -1.506134928345585990e+02
4.325065660176747429e+00 -1.507427594961729369e+02
4.353613948362720976e+00 -1.508766629611146470e+02
4.382162236548708734e+00 -1.510112698031939260e+02
4.410710524734696492e+00 -1.511429544770354028e+02
4.439258812920670039e+00 -1.512702836526343901e+02
4.467807101106657797e+00 -1.514012515587106975e+02
4.496355389292659765e+00 -1.514965980761680271e+02
4.524903677478633313e+00 -1.515754291504960634e+02
4.553451965664621071e+00 -1.516511354698720879e+02
4.582000253850608829e+00 -1.517293926663239176e+02
4.610548542036582376e+00 -1.518155683073541411e+02
4.639096830222570134e+00 -1.519138146664755027e+02
4.667645118408557892e+00 -1.520264073022480034e+02
4.696193406594545650e+00 -1.521534010727250177e+02
4.724741694780533408e+00 -1.522926401681560833e+02
4.753289982966521166e+00 -1.524401411928417360e+02
4.781838271152494713e+00 -1.525908459563342774e+02
4.810386559338482471e+00 -1.527396892316421599e+02
4.838934847524470229e+00 -1.528828342983470918e+02
4.867483135710443776e+00 -1.530177292213348323e+02
4.896031423896445745e+00 -1.531481198768665024e+02
4.924579712082433502e+00 -1.532750833408366589e+02
4.953128000268407050e+00 -1.533521418358731125e+02
4.981676288454394808e+00 -1.534273364633622805e+02
5.010224576640382566e+00 -1.535079211964960280e+02
5.038772864826356113e+00 -1.536002744657367884e+02
5.067321153012343871e+00 -1.537088461450779278e+02
5.095869441198345839e+00 -1.538354618329711911e+02
5.124417729384319387e+00 -1.539790370590648649e+02
5.152966017570307145e+00 -1.541357275779762119e+02
5.181514305756294902e+00 -1.542995469037967666e+02
5.210062593942268450e+00 -1.544634564332160949e+02
5.238610882128270418e+00 -1.546208487265058977e+02
5.267159170314243966e+00 -1.547671949780496163e+02
5.295707458500231724e+00 -1.549011428927158249e+02
5.324255746686219481e+00 -1.550253861790211261e+02
5.352804034872207239e+00 -1.551607743017130190e+02
5.381352323058180787e+00 -1.552431747876548513e+02
5.409900611244168545e+00 -1.553075921394966201e+02
5.438448899430170513e+00 -1.553820332036165439e+02
5.466997187616129850e+00 -1.554738031375799210e+02
5.495545475802131818e+00 -1.555871999620502493e+02
5.524093763988119576e+00 -1.557228650602434641e+02
5.552642052174093124e+00 -1.558776489577505515e+02
5.581190340360080882e+00 -1.560449933221479171e+02
5.609738628546068639e+00 -1.562159561912065158e+02
5.638286916732056397e+00 -1.563808277514109761e+02
5.666835204918029945e+00 -1.565312459697103122e+02
5.695383493104031913e+00 -1.566623778391612234e+02
5.723931781290005461e+00 -1.567745647699198628e+02
5.752480069475993218e+00 -1.568728766083823416e+02
5.781028357661980976e+00 -1.569696426379270520e+02
5.809576645847954524e+00 -1.570780419313834955e+02
5.838124934033956492e+00 -1.571155051111521175e+02
5.866673222219930040e+00 -1.571700325973486372e+02
5.895221510405917797e+00 -1.572490174439740827e+02
5.923769798591905555e+00 -1.573554432090613489e+02
5.952318086777893313e+00 -1.574874606922294902e+02
5.980866374963866861e+00 -1.576385588576199268e+02
6.009414663149854618e+00 -1.577984023742493207e+02
6.037962951335856587e+00 -1.579544644718550899e+02
6.066511239521830134e+00 -1.580944388081286149e+02
6.095059527707817892e+00 -1.582091176295097341e+02
6.123607815893805650e+00 -1.582949572143010357e+02
6.152156104079779197e+00 -1.583554512875854812e+02
6.180704392265766955e+00 -1.584007559212095941e+02
6.209252680451754713e+00 -1.584448275073941943e+02
6.237800968637742471e+00 -1.585214891345257797e+02
6.266349256823730229e+00 -1.585496096644220643e+02
6.294897545009717987e+00 -1.585716994895047094e+02
6.323445833195691534e+00 -1.586249805712912746e+02
6.351994121381679292e+00 -1.587093692926901554e+02
6.380542409567667050e+00 -1.588192124895042809e+02
6.409090697753640598e+00 -1.589439848212190327e+02
6.437638985939642566e+00 -1.590697761833528148e+02
6.466187274125630324e+00 -1.591817295884286807e+02
6.494735562311603871e+00 -1.592671776972053976e+02
6.523283850497591629e+00 -1.593188438703012935e+02
6.551832138683579387e+00 -1.593369747628579489e+02
6.580380426869552934e+00 -1.593295338909027805e+02
6.608928715055540692e+00 -1.593103949319297783e+02
6.637477003241542661e+00 -1.592961659373923169e+02
6.666025291427516208e+00 -1.593034788924762779e+02
6.694573579613503966e+00 -1.593482158298425304e+02
6.723121867799491724e+00 -1.593418382666137632e+02
6.751670155985465271e+00 -1.593693284565633803e+02
6.780218444171453029e+00 -1.594267482824399451e+02
6.808766732357440787e+00 -1.595049358538186652e+02
6.837315020543428545e+00 -1.595907671508605858e+02
6.865863308729416303e+00 -1.596692619310094585e+02
6.894411596915404061e+00 -1.597264783844431122e+02
6.922959885101377608e+00 -1.597526780287558950e+02
6.951508173287365366e+00 -1.597448249333218939e+02
6.980056461473353124e+00 -1.597074521248729866e+02
7.008604749659326671e+00 -1.596515148694475101e+02
7.037153037845328640e+00 -1.595917445837207254e+02
7.065701326031316398e+00 -1.595435052983253854e+02
7.094249614217289945e+00 -1.595200656308174985e+02
7.122797902403277703e+00 -1.595396795822286435e+02
7.151346190589265461e+00 -1.595502085189033608e+02
7.179894478775253219e+00 -1.595674541195716927e+02
7.208442766961226766e+00 -1.596092498917375053e+02
7.236991055147228735e+00 -1.596648184344172421e+02
7.265539343333202282e+00 -1.597209256891217137e+02
7.294087631519190040e+00 -1.597642108977566409e+02
7.322635919705177798e+00 -1.597839038653975479e+02
7.351184207891151345e+00 -1.597743385202628303e+02
7.379732496077153314e+00 -1.597363220112360125e+02
7.408280784263126861e+00 -1.596768859001963676e+02
7.436829072449114619e+00 -1.596074920990837427e+02
7.465377360635102377e+00 -1.595414151413181685e+02
7.493925648821090135e+00 -1.594911238108174416e+02
7.522473937007063682e+00 -1.594662111391666031e+02
7.551022225193051440e+00 -1.594716826540756927e+02
7.579570513379053409e+00 -1.595110876117965688e+02
7.608118801565012745e+00 -1.595352043290301367e+02
7.636667089751014714e+00 -1.595773034070674896e+02
7.665215377937002472e+00 -1.596265408775546462e+02
7.693763666122976019e+00 -1.596709724020367958e+02
7.722311954308963777e+00 -1.596997522060553365e+02
7.750860242494951535e+00 -1.597054683497990482e+02
7.779408530680939293e+00 -1.596857811365296413e+02
7.807956818866912840e+00 -1.596439833583869188e+02
7.836505107052914809e+00 -1.595880901615507241e+02
7.865053395238888356e+00 -1.595289774694823848e+02
7.893601683424876114e+00 -1.594779980137451219e+02
7.922149971610863872e+00 -1.594449322183664890e+02
7.950698259796837419e+00 -1.594364488128018138e+02
7.979246547982839388e+00 -1.594547738549617293e+02
8.007794836168827146e+00 -1.595005053197823770e+02
8.036343124354800693e+00 -1.595516137360737616e+02
8.064891412540788451e+00 -1.596043662935746283e+02
8.093439700726776209e+00 -1.596587281195507444e+02
8.121987988912749756e+00 -1.597042294646518314e+02
8.150536277098737514e+00 -1.597323558042753859e+02
8.179084565284739483e+00 -1.597383927017897634e+02
8.207632853470713030e+00 -1.597225091587685313e+02
8.236181141656700788e+00 -1.596896415030271328e+02
8.264729429842688546e+00 -1.596483134646382496e+02
8.293277718028662093e+00 -1.596086775045909860e+02
8.321826006214649851e+00 -1.595805700034263737e+02
8.350374294400637609e+00 -1.595717427552476693e+02
8.378922582586625367e+00 -1.595866777531234675e+02
8.407470870772613125e+00 -1.596259843809285996e+02
8.436019158958600883e+00 -1.596846301325193167e+02
8.464567447144574430e+00 -1.597582958593504827e+02
8.493115735330562188e+00 -1.598261475033533827e+02
8.521664023516549946e+00 -1.598910410675071319e+02
8.550212311702523493e+00 -1.599437597995830913e+02
8.578760599888525462e+00 -1.599777347411342134e+02
8.607308888074513220e+00 -1.599904708312815842e+02
8.635857176260486767e+00 -1.599841614640111800e+02
8.664405464446474525e+00 -1.599651142284813545e+02
8.692953752632462283e+00 -1.599422736138351411e+02
8.721502040818435830e+00 -1.599253852965147189e+02
8.750050329004423588e+00 -1.599231262566292173e+02
8.778598617190411346e+00 -1.599417345267518158e+02
8.807146905376399104e+00 -1.599839133140531828e+02
8.835695193562386862e+00 -1.600486125602145933e+02
8.864243481748374620e+00 -1.601310466776961050e+02
8.892791769934348167e+00 -1.602198233308934334e+02
8.921340058120335925e+00 -1.603077830274648647e+02
8.949888346306323683e+00 -1.603859813609595335e+02
8.978436634492311441e+00 -1.604484108707114842e+02
9.006984922678299199e+00 -1.604899952089624833e+02
9.035533210864286957e+00 -1.605101460396560356e+02
9.064081499050260504e+00 -1.605128598694037692e+02
9.092629787236248262e+00 -1.605057527550118834e+02
9.121178075422236020e+00 -1.604982658826993713e+02
9.149726363608209567e+00 -1.604998598271948822e+02
9.178274651794211536e+00 -1.605183533985802740e+02
9.206822939980185083e+00 -1.605582120707784100e+02
9.235371228166172841e+00 -1.606203861200363292e+02
9.263919516352160599e+00 -1.607018595844957645e+02
9.292467804538148357e+00 -1.607958742187408063e+02
9.321016092724136115e+00 -1.608914437752958122e+02
9.349564380910109662e+00 -1.609766260925870824e+02
9.378112669096097420e+00 -1.610462270114965122e+02
9.406660957282085178e+00 -1.610933240328141096e+02
9.435209245468072936e+00 -1.611147665065109607e+02
9.463757533654060694e+00 -1.611122089344976587e+02
9.492305821840034241e+00 -1.610918689796852448e+02
9.520854110026036210e+00 -1.610629349799760348e+02
9.549402398212009757e+00 -1.610351125533941001e+02
9.577950686397997515e+00 -1.610173454261441748e+02
9.606498974583985273e+00 -1.610157302629747278e+02
9.635047262769958820e+00 -1.610328230769389393e+02
9.663595550955946578e+00 -1.610674375440342487e+02
9.692143839141934336e+00 -1.611138503199598233e+02
9.720692127327922094e+00 -1.611641255405668289e+02
9.749240415513895641e+00 -1.612085942450023879e+02
9.777788703699897610e+00 -1.612331104097408456e+02
9.806336991885871157e+00 -1.612356586476588234e+02
9.834885280071858915e+00 -1.612137754762987640e+02
9.863433568257846673e+00 -1.611676649395585343e+02
9.891981856443834431e+00 -1.611021130999759805e+02
9.920530144629822189e+00 -1.610252594063034621e+02
9.949078432815809947e+00 -1.609464076200792420e+02
9.977626721001783494e+00 -1.608744335757606052e+02
1.000617500918777125e+01 -1.608159280881904181e+02
1.003472329737375901e+01 -1.607750297218443336e+02
1.006327158555973256e+01 -1.607518215697550374e+02
1.009181987374572032e+01 -1.607434346367577973e+02
1.012036816193172228e+01 -1.607442873864373212e+02
1.014891645011769583e+01 -1.607472259350011257e+02
1.017746473830368359e+01 -1.607441709531728407e+02
1.020601302648967135e+01 -1.607311343166560391e+02
1.023456131467564489e+01 -1.606985450511814406e+02
1.026310960286163265e+01 -1.606502040853470703e+02
1.029165789104762041e+01 -1.605891781763507993e+02
1.032020617923360817e+01 -1.605209298443124339e+02
1.034875446741959593e+01 -1.604525524763955104e+02
1.037730275560558368e+01 -1.603906734552190017e+02
1.040585104379155723e+01 -1.603435696007670970e+02
1.043439933197754499e+01 -1.603124291530553762e+02
1.046294762016353275e+01 -1.603001773909389556e+02
1.049149590834950629e+01 -1.603057559927576108e+02
1.052004419653550826e+01 -1.603255713207459792e+02
1.054859248472149602e+01 -1.603542741301199612e+02
1.057714077290746957e+01 -1.603854051240910223e+02
1.060568906109345733e+01 -1.604130934190334585e+02
1.063423734927944508e+01 -1.604325447945372503e+02
1.066278563746541863e+01 -1.604415116927071949e+02
1.069133392565140639e+01 -1.604356817094064809e+02
1.071988221383740836e+01 -1.604200662000451700e+02
1.074843050202338191e+01 -1.604012324132112894e+02
1.077697879020936966e+01 -1.603847795823055833e+02
1.080552707839535742e+01 -1.603766579295918575e+02
1.083407536658133097e+01 -1.603826799547396149e+02
1.086262365476731873e+01 -1.604025105914299729e+02
1.089117194295330648e+01 -1.604362097015099948e+02
1.091972023113929424e+01 -1.604849045404107528e+02
1.094826851932528200e+01 -1.605415318821965514e+02
1.097681680751126976e+01 -1.606005225800095388e+02
1.100536509569724331e+01 -1.606550715509247595e+02
1.103391338388323106e+01 -1.606981852488618756e+02
1.106246167206921882e+01 -1.607270968149350949e+02
1.109100996025519237e+01 -1.607406156802406088e+02
1.111955824844119434e+01 -1.607394738957735569e+02
1.114810653662718209e+01 -1.607201085724584289e+02
1.117665482481315564e+01 -1.606935133287769872e+02
1.120520311299914340e+01 -1.606653764429973421e+02
1.123375140118513116e+01 -1.606448543743698281e+02
1.126229968937111892e+01 -1.606314802047498347e+02
1.129084797755709246e+01 -1.606275726362947580e+02
1.131939626574309443e+01 -1.606327605258734366e+02
1.134794455392906798e+01 -1.606430195851238523e+02
1.137649284211505574e+01 -1.606537660163245107e+02
1.140504113030104349e+01 -1.606600105751161607e+02
1.143358941848701704e+01 -1.606551419835783463e+02
1.146213770667301901e+01 -1.606360701046761505e+02
1.149068599485899256e+01 -1.606011840299207734e+02
1.151923428304498032e+01 -1.605508059547298387e+02
1.154778257123096807e+01 -1.604916830331897870e+02
1.157633085941695583e+01 -1.604276501156357710e+02
1.160487914760292938e+01 -1.602700701104571976e+02
1.163342743578891714e+01 -1.600938659511349726e+02
1.166197572397491911e+01 -1.599045635384113666e+02
1.169052401216087844e+01 -1.597072643273611163e+02
1.171907230034688041e+01 -1.595087935443635558e+02
1.174762058853286817e+01 -1.593134633948272949e+02
1.177616887671884172e+01 -1.591294017564777334e+02
1.180471716490482947e+01 -1.589647333725077374e+02
1.183326545309081723e+01 -1.588215838598492553e+02
1.186181374127680499e+01 -1.587199069046195632e+02
1.189036202946279275e+01 -1.586641428676227292e+02
1.191891031764878051e+01 -1.586629593370922748e+02
1.194745860583475405e+01 -1.587138723726112630e+02
1.197600689402074181e+01 -1.588405665088655496e+02
1.200455518220672957e+01 -1.590281312951491941e+02
1.203310347039270312e+01 -1.592419576589816472e+02
1.206165175857870508e+01 -1.594301963903129433e+02
1.209020004676469284e+01 -1.595890006647539963e+02
1.211874833495066639e+01 -1.596650185440791745e+02
1.214729662313665415e+01 -1.595878550483480183e+02
1.217584491132264191e+01 -1.593241274791207331e+02
1.220439319950861545e+01 -1.588664135554575125e+02
1.223294148769460321e+01 -1.582489501779456589e+02
1.226148977588060518e+01 -1.575088541079886113e+02
1.229003806406657873e+01 -1.567489968930628663e+02
1.231858635225256648e+01 -1.560146545839794214e+02
1.234713464043855424e+01 -1.553103227207139412e+02
1.237568292862452779e+01 -1.546690146334839540e+02
1.240423121681051555e+01 -1.541075969073673662e+02
1.243277950499650331e+01 -1.536252654255976040e+02
1.246132779318249106e+01 -1.532381504421983323e+02
1.248987608136847882e+01 -1.528985439494920229e+02
1.251842436955446658e+01 -1.526286779149575921e+02
1.254697265774044013e+01 -1.524263146697090860e+02
1.257552094592642788e+01 -1.522650155249365582e+02
1.260406923411241564e+01 -1.521488817044137249e+02
1.263261752229838919e+01 -1.520590689378184663e+02
1.266116581048439116e+01 -1.519845369863890028e+02
1.268971409867037892e+01 -1.519169291374765578e+02
1.271826238685635246e+01 -1.518570136051766610e+02
1.274681067504234022e+01 -1.517880449517881232e+02
1.277535896322832798e+01 -1.517139899952714188e+02
1.280390725141430153e+01 -1.516381713609280553e+02
1.283245553960028928e+01 -1.515708484876188606e+02
1.286100382778629125e+01 -1.515019964539867772e+02
1.288955211597226480e+01 -1.514487303473395059e+02
1.291810040415825256e+01 -1.514008847563833626e+02
1.294664869234424032e+01 -1.513684644970779800e+02
1.297519698053021386e+01 -1.513436701477039605e+02
1.300374526871620162e+01 -1.513342255997485495e+02
1.303229355690218938e+01 -1.513292494348761181e+02
1.306084184508817714e+01 -1.513261589608757731e+02
1.308939013327416490e+01 -1.513242983086095137e+02
1.311793842146015265e+01 -1.513099967170182651e+02
1.314648670964612620e+01 -1.512855648150733998e+02
1.317503499783211396e+01 -1.512511412766050967e+02
1.320358328601811593e+01 -1.512117390221829396e+02
1.323213157420407526e+01 -1.511640887676578018e+02
1.326067986239007723e+01 -1.511215444763298592e+02
1.328922815057606499e+01 -1.510782214619294450e+02
1.331777643876203854e+01 -1.510454904846373552e+02
1.334632472694802630e+01 -1.510226855482530937e+02
1.337487301513401405e+01 -1.510092190883306955e+02
1.340342130332000181e+01 -1.510068900255600681e+02
1.343196959150597536e+01 -1.510106255081851714e+02
1.346051787969197733e+01 -1.510221053584352546e+02
1.348906616787795087e+01 -1.510301711778052720e+02
1.351761445606393863e+01 -1.510346991647089681e+02
1.354616274424992639e+01 -1.510313180715450869e+02
1.357471103243589994e+01 -1.510242823200245539e+02
1.360325932062190191e+01 -1.510044567887136964e+02
1.363180760880787545e+01 -1.509827139729705436e+02
1.366035589699386321e+01 -1.509510825229076829e+02
1.368890418517985097e+01 -1.509275315468378267e+02
1.371745247336583873e+01 -1.509058210766197590e+02
1.374600076155181227e+01 -1.508929848420023063e+02
1.377454904973780003e+01 -1.508894996866494580e+02
1.380309733792380200e+01 -1.508959536576640801e+02
1.383164562610976134e+01 -1.509138647017731785e+02
1.386019391429576331e+01 -1.509341900297544896e+02
1.388874220248175106e+01 -1.509574313211372498e+02
1.391729049066772461e+01 -1.509797498890013401e+02
1.394583877885371237e+01 -1.510013856419993772e+02
1.397438706703970013e+01 -1.510084581991968093e+02
1.400293535522568789e+01 -1.510156905471556001e+02
1.403148364341167564e+01 -1.510126992787433835e+02
1.406003193159766340e+01 -1.510041404889623777e+02
1.408858021978363695e+01 -1.509978080131550939e+02
1.411712850796962471e+01 -1.509897969128936097e+02
1.414567679615561246e+01 -1.509901927986067278e+02
1.417422508434158601e+01 -1.509966763011299236e+02
1.420277337252758798e+01 -1.510144195966737186e+02
1.423132166071357574e+01 -1.510402935343286970e+02
1.425986994889954929e+01 -1.510739559838808646e+02
