-1.425986994889954929e+01 -1.610517741042282296e+02
-1.423132166071357574e+01 -1.610208825537969517e+02
-1.420277337252758798e+01 -1.609969863967226900e+02
-1.417422508434160022e+01 -1.609818591241539991e+02
-1.414567679615561246e+01 -1.609758302964044390e+02
-1.411712850796962471e+01 -1.609776341843441969e+02
-1.408858021978363695e+01 -1.609847621686305104e+02
-1.406003193159766340e+01 -1.609939026100944943e+02
-1.403148364341167564e+01 -1.610013936054594410e+02
-1.400293535522568789e+01 -1.610040265570072506e+02
-1.397438706703971434e+01 -1.609995881370455777e+02
-1.394583877885371237e+01 -1.609873971064784826e+02
-1.391729049066772461e+01 -1.609683631867875135e+02
-1.388874220248175106e+01 -1.609449474331033230e+02
-1.386019391429576331e+01 -1.609205775809687680e+02
-1.383164562610977555e+01 -1.608991219253483962e+02
-1.380309733792380200e+01 -1.608839967148978758e+02
-1.377454904973780003e+01 -1.608765885190813378e+02
-1.374600076155181227e+01 -1.608792214394278517e+02
-1.371745247336583873e+01 -1.608918053278417801e+02
-1.368890418517985097e+01 -1.609125724566418398e+02
-1.366035589699386321e+01 -1.609384739384166778e+02
-1.363180760880788966e+01 -1.609656686131249899e+02
-1.360325932062190191e+01 -1.609901893396605317e+02
-1.357471103243589994e+01 -1.610086674671776450e+02
-1.354616274424992639e+01 -1.610190424170885422e+02
-1.351761445606393863e+01 -1.610209731057686895e+02
-1.348906616787795087e+01 -1.610159421114150291e+02
-1.346051787969197733e+01 -1.610069727768872667e+02
-1.343196959150598957e+01 -1.609981006460816388e+02
-1.340342130332000181e+01 -1.609935553088073164e+02
-1.337487301513401405e+01 -1.609970731249046594e+02
-1.334632472694802630e+01 -1.610107503943805227e+02
-1.331777643876203854e+01 -1.610325732871476703e+02
-1.328922815057606499e+01 -1.610657428871368779e+02
-1.326067986239007723e+01 -1.611071727323029563e+02
-1.323213157420408947e+01 -1.611530513680554293e+02
-1.320358328601811593e+01 -1.611988483129838414e+02
-1.317503499783211396e+01 -1.612400955196356449e+02
-1.314648670964612620e+01 -1.612732545780862381e+02
-1.311793842146015265e+01 -1.612964791181663031e+02
-1.308939013327416490e+01 -1.613099913709173734e+02
-1.306084184508817714e+01 -1.613161336924577256e+02
-1.303229355690220359e+01 -1.613188869587469014e+02
-1.300374526871621583e+01 -1.613231357609496115e+02
-1.297519698053021386e+01 -1.613337609436544255e+02
-1.294664869234424032e+01 -1.613548203028770445e+02
-1.291810040415825256e+01 -1.613889009206755532e+02
-1.288955211597226480e+01 -1.614322353059914406e+02
-1.286100382778629125e+01 -1.614852450216006332e+02
-1.283245553960030350e+01 -1.615472512411762125e+02
-1.280390725141431574e+01 -1.616128350250128847e+02
-1.277535896322832798e+01 -1.616764028081507831e+02
-1.274681067504234022e+01 -1.617327380676550490e+02
-1.271826238685635246e+01 -1.617780605860677383e+02
-1.268971409867037892e+01 -1.618108554163546557e+02
-1.266116581048439116e+01 -1.618322389594058563e+02
-1.263261752229840340e+01 -1.618458026873864242e+02
-1.260406923411241564e+01 -1.618569011182911481e+02
-1.257552094592642788e+01 -1.618716188809987102e+02
-1.254697265774044013e+01 -1.618956887643652180e+02
-1.251842436955446658e+01 -1.619334728621984709e+02
-1.248987608136847882e+01 -1.619872925617185615e+02
-1.246132779318249106e+01 -1.620572530906199518e+02
-1.243277950499651752e+01 -1.621284934570444989e+02
-1.240423121681051555e+01 -1.622099703111085205e+02
-1.237568292862452779e+01 -1.622932913374011150e+02
-1.234713464043855424e+01 -1.623712931300977687e+02
-1.231858635225256648e+01 -1.624377397794955584e+02
-1.229003806406657873e+01 -1.624886516294324110e+02
-1.226148977588060518e+01 -1.625232248632881920e+02
-1.223294148769461742e+01 -1.625440756740219399e+02
-1.220439319950861545e+01 -1.625567540472167707e+02
-1.217584491132264191e+01 -1.625685726325647238e+02
-1.214729662313665415e+01 -1.625872238968147485e+02
-1.211874833495066639e+01 -1.626193904769386336e+02
-1.209020004676469284e+01 -1.626695938572116802e+02
-1.206165175857870508e+01 -1.627395115771176393e+02
-1.203310347039271733e+01 -1.628277194082668871e+02
-1.200455518220672957e+01 -1.629237302208443907e+02
-1.197600689402074181e+01 -1.630157652327648634e+02
-1.194745860583475405e+01 -1.631079510638842578e+02
-1.191891031764878051e+01 -1.631892229045114391e+02
-1.189036202946279275e+01 -1.632523014255165208e+02
-1.186181374127680499e+01 -1.632934168301538591e+02
-1.183326545309081723e+01 -1.633134062647187079e+02
-1.180471716490482947e+01 -1.633174431503274775e+02
-1.177616887671884172e+01 -1.633139471484621197e+02
-1.174762058853286817e+01 -1.633127823076992229e+02
-1.171907230034688041e+01 -1.633233645862302126e+02
-1.169052401216089265e+01 -1.633529864228942756e+02
-1.166197572397491911e+01 -1.634056804181692542e+02
-1.163342743578891714e+01 -1.634815635864517276e+02
-1.160487914760292938e+01 -1.635767194084698986e+02
-1.157633085941695583e+01 -1.636841650712997307e+02
-1.154778257123096807e+01 -1.637763476914056469e+02
-1.151923428304498032e+01 -1.638574123304263708e+02
-1.149068599485900677e+01 -1.639192487036893908e+02
-1.146213770667301901e+01 -1.639542719878558330e+02
-1.143358941848701704e+01 -1.639604164192420228e+02
-1.140504113030104349e+01 -1.639416384871578032e+02
-1.137649284211505574e+01 -1.639068897988733511e+02
-1.134794455392906798e+01 -1.638679947813963622e+02
-1.131939626574309443e+01 -1.638371348215531498e+02
-1.129084797755710667e+01 -1.638245674790209137e+02
-1.126229968937111892e+01 -1.638369869531209133e+02
-1.123375140118513116e+01 -1.638765443081611011e+02
-1.120520311299914340e+01 -1.639404954693735021e+02
-1.117665482481315564e+01 -1.640214609807233614e+02
-1.114810653662718209e+01 -1.641083851226354682e+02
-1.111955824844119434e+01 -1.641858917854097228e+02
-1.109100996025520658e+01 -1.642271809437323213e+02
-1.106246167206923303e+01 -1.642402841738605446e+02
-1.103391338388323106e+01 -1.642200170417957850e+02
-1.100536509569724331e+01 -1.641680296635718150e+02
-1.097681680751126976e+01 -1.640925811659053011e+02
-1.094826851932528200e+01 -1.640062881259522669e+02
-1.091972023113929424e+01 -1.639231281181766064e+02
-1.089117194295332069e+01 -1.638556438285803267e+02
-1.086262365476733294e+01 -1.638128526794652657e+02
-1.083407536658134518e+01 -1.637989713419150632e+02
-1.080552707839535742e+01 -1.638129656331062449e+02
-1.077697879020936966e+01 -1.638486302664700247e+02
-1.074843050202338191e+01 -1.638954038943439855e+02
-1.071988221383740836e+01 -1.639399536587521879e+02
-1.069133392565142060e+01 -1.639685884986561177e+02
-1.066278563746543284e+01 -1.639656477370543257e+02
-1.063423734927944508e+01 -1.639198304682225853e+02
-1.060568906109345733e+01 -1.638409672059703155e+02
-1.057714077290746957e+01 -1.637353075691080733e+02
-1.054859248472149602e+01 -1.636141343791749136e+02
-1.052004419653550826e+01 -1.634912324270437693e+02
-1.049149590834952050e+01 -1.633798813680847672e+02
-1.046294762016353275e+01 -1.632904672649165150e+02
-1.043439933197754499e+01 -1.632289977391930051e+02
-1.040585104379157144e+01 -1.631964160428908031e+02
-1.037730275560558368e+01 -1.631885811981800032e+02
-1.034875446741959593e+01 -1.631968575704743500e+02
-1.032020617923360817e+01 -1.632093779083387517e+02
-1.029165789104763462e+01 -1.632130397296721753e+02
-1.026310960286163265e+01 -1.631960898826263247e+02
-1.023456131467565910e+01 -1.631504280245559357e+02
-1.020601302648967135e+01 -1.630731752809173258e+02
-1.017746473830368359e+01 -1.629617011618882145e+02
-1.014891645011769583e+01 -1.628322136194970540e+02
-1.012036816193172228e+01 -1.626965158383778203e+02
-1.009181987374573453e+01 -1.625671625768637512e+02
-1.006327158555974677e+01 -1.624549785816017504e+02
-1.003472329737375901e+01 -1.623673153556847524e+02
-1.000617500918777125e+01 -1.623071243919193307e+02
-9.977626721001797705e+00 -1.622726706628546935e+02
-9.949078432815809947e+00 -1.622578594405495096e+02
-9.920530144629822189e+00 -1.622531319881349532e+02
-9.891981856443834431e+00 -1.622469815009129093e+02
-9.863433568257846673e+00 -1.622280410537589432e+02
-9.834885280071858915e+00 -1.621874387519806646e+02
-9.806336991885885368e+00 -1.621208365054010585e+02
-9.777788703699897610e+00 -1.620299289484088945e+02
-9.749240415513909852e+00 -1.619183336592331273e+02
-9.720692127327922094e+00 -1.617915983087895597e+02
-9.692143839141934336e+00 -1.616656663680582824e+02
-9.663595550955946578e+00 -1.615512313195888794e+02
-9.635047262769973031e+00 -1.614566360740990376e+02
-9.606498974583985273e+00 -1.613866343156466883e+02
-9.577950686397997515e+00 -1.613418307106564669e+02
-9.549402398212023968e+00 -1.613186717598995870e+02
-9.520854110026036210e+00 -1.613100015542540291e+02
-9.492305821840034241e+00 -1.613061391634511494e+02
-9.463757533654060694e+00 -1.612965357898467005e+02
-9.435209245468072936e+00 -1.612717794769729949e+02
-9.406660957282085178e+00 -1.612256158728396542e+02
-9.378112669096111631e+00 -1.611563879367306811e+02
-9.349564380910123873e+00 -1.610674225287760635e+02
-9.321016092724136115e+00 -1.609659897695084680e+02
-9.292467804538148357e+00 -1.608564816182493473e+02
-9.263919516352160599e+00 -1.607510355205785686e+02
-9.235371228166172841e+00 -1.606604357588133780e+02
-9.206822939980199294e+00 -1.605910585233249606e+02
-9.178274651794211536e+00 -1.605456491310962690e+02
-9.149726363608223778e+00 -1.605230141251033160e+02
-9.121178075422250231e+00 -1.605182382619244379e+02
-9.092629787236248262e+00 -1.605234176135348605e+02
-9.064081499050260504e+00 -1.605289152413978400e+02
-9.035533210864286957e+00 -1.605250811485696545e+02
-9.006984922678299199e+00 -1.605041902493489374e+02
-8.978436634492311441e+00 -1.604621498512674123e+02
-8.949888346306337894e+00 -1.603994629317074043e+02
-8.921340058120350136e+00 -1.603211093193550312e+02
-8.892791769934348167e+00 -1.602330871709950202e+02
-8.864243481748374620e+00 -1.601442697412075518e+02
-8.835695193562386862e+00 -1.600618476090176046e+02
-8.807146905376399104e+00 -1.599971532135820667e+02
-8.778598617190425557e+00 -1.599549998250344345e+02
-8.750050329004437799e+00 -1.599364520640626495e+02
-8.721502040818450041e+00 -1.599387239628175337e+02
-8.692953752632462283e+00 -1.599555943624427243e+02
-8.664405464446474525e+00 -1.599783544776126405e+02
-8.635857176260486767e+00 -1.599972315263724170e+02
-8.607308888074513220e+00 -1.600032409511995866e+02
-8.578760599888525462e+00 -1.599900784371259874e+02
-8.550212311702537704e+00 -1.599555748989540405e+02
-8.521664023516549946e+00 -1.599022373301175719e+02
-8.493115735330562188e+00 -1.598366814569723715e+02
-8.464567447144574430e+00 -1.597681562032296654e+02
-8.436019158958600883e+00 -1.596938069479649016e+02
-8.407470870772613125e+00 -1.596345358475840897e+02
-8.378922582586625367e+00 -1.595946645082564714e+02
-8.350374294400651820e+00 -1.595792422681780636e+02
-8.321826006214649851e+00 -1.595876588584503679e+02
-8.293277718028662093e+00 -1.596154099101984514e+02
-8.264729429842688546e+00 -1.596547340765579861e+02
-8.236181141656700788e+00 -1.596958019873378589e+02
-8.207632853470713030e+00 -1.597284243427159822e+02
-8.179084565284739483e+00 -1.597440859666676829e+02
-8.150536277098751725e+00 -1.597378402191306179e+02
-8.121987988912749756e+00 -1.597095255128349436e+02
-8.093439700726776209e+00 -1.596638548287369304e+02
-8.064891412540788451e+00 -1.596093494921830711e+02
-8.036343124354800693e+00 -1.595564958506766402e+02
-8.007794836168827146e+00 -1.595053089882765676e+02
-7.979246547982839388e+00 -1.594595338795520547e+02
-7.950698259796837419e+00 -1.594412098929753370e+02
-7.922149971610863872e+00 -1.594497377231958239e+02
-7.893601683424876114e+00 -1.594828814570914517e+02
-7.865053395238888356e+00 -1.595339674890133210e+02
-7.836505107052914809e+00 -1.595931942362113887e+02
-7.807956818866927051e+00 -1.596491868569532926e+02
-7.779408530680939293e+00 -1.596910654133589276e+02
-7.750860242494951535e+00 -1.597107956292310575e+02
-7.722311954308963777e+00 -1.597050762249742490e+02
-7.693763666122976019e+00 -1.596762419623079268e+02
-7.665215377937002472e+00 -1.596317239011331708e+02
-7.636667089751014714e+00 -1.595823727405282852e+02
-7.608118801565026956e+00 -1.595401580895397728e+02
-7.579570513379053409e+00 -1.595159241156495114e+02
-7.551022225193051440e+00 -1.594763672907261025e+02
-7.522473937007063682e+00 -1.594707726569040176e+02
-7.493925648821090135e+00 -1.594955787097141524e+02
-7.465377360635102377e+00 -1.595457743636218311e+02
-7.436829072449114619e+00 -1.596117595523291470e+02
-7.408280784263141072e+00 -1.596810534700109372e+02
-7.379732496077153314e+00 -1.597403684085499833e+02
-7.351184207891151345e+00 -1.597782337952469049e+02
-7.322635919705177798e+00 -1.597876191971944309e+02
-7.294087631519190040e+00 -1.597677217428946790e+02
-7.265539343333202282e+00 -1.597242217422972885e+02
-7.236991055147228735e+00 -1.596678955798582251e+02
-7.208442766961240977e+00 -1.596121196081164157e+02
-7.179894478775253219e+00 -1.595701418278399615e+02
-7.151346190589265461e+00 -1.595527404812313250e+02
-7.122797902403277703e+00 -1.595420671702466393e+02
-7.094249614217289945e+00 -1.595223198362402286e+02
-7.065701326031316398e+00 -1.595456598051924857e+02
-7.037153037845328640e+00 -1.595938203549088144e+02
-7.008604749659340882e+00 -1.596535334202934848e+02
-6.980056461473367335e+00 -1.597094221836312329e+02
-6.951508173287365366e+00 -1.597467486004874786e+02
-6.922959885101377608e+00 -1.597545533759210343e+02
-6.894411596915404061e+00 -1.597283025645899670e+02
-6.865863308729416303e+00 -1.596710313145133284e+02
-6.837315020543428545e+00 -1.595924823088728601e+02
-6.808766732357454998e+00 -1.595066038476482504e+02
-6.780218444171467240e+00 -1.594283790559305771e+02
-6.751670155985465271e+00 -1.593709351317777987e+02
-6.723121867799491724e+00 -1.593434371095582094e+02
-6.694573579613503966e+00 -1.593498215071668653e+02
-6.666025291427516208e+00 -1.593050739311717905e+02
-6.637477003241542661e+00 -1.592977667255341885e+02
-6.608928715055554903e+00 -1.593120081270679691e+02
-6.580380426869567145e+00 -1.593311608433275524e+02
-6.551832138683579387e+00 -1.593386117403487674e+02
-6.523283850497591629e+00 -1.593204785974253355e+02
-6.494735562311603871e+00 -1.592687930972240338e+02
-6.466187274125630324e+00 -1.591833110758869338e+02
-6.437638985939642566e+00 -1.590713116902697948e+02
-6.409090697753654808e+00 -1.589454655980748612e+02
-6.380542409567667050e+00 -1.588206378831254710e+02
-6.351994121381679292e+00 -1.587107411224079954e+02
-6.323445833195691534e+00 -1.586263055185222015e+02
-6.294897545009717987e+00 -1.585729841500254906e+02
-6.266349256823730229e+00 -1.585508604495850022e+02
-6.237800968637742471e+00 -1.585227018072787644e+02
-6.209252680451754713e+00 -1.584459865246699621e+02
-6.180704392265766955e+00 -1.584018691147472282e+02
-6.152156104079779197e+00 -1.583565172378110901e+02
-6.123607815893805650e+00 -1.582959712320363224e+02
-6.095059527707817892e+00 -1.582100757195416634e+02
-6.066511239521830134e+00 -1.580953365949497424e+02
-6.037962951335856587e+00 -1.579552979971449815e+02
-6.009414663149854618e+00 -1.577991725498914946e+02
-5.980866374963866861e+00 -1.576392675820924580e+02
-5.952318086777893313e+00 -1.574881140948948257e+02
-5.923769798591905555e+00 -1.573560474834558249e+02
-5.895221510405917797e+00 -1.572495789438081601e+02
-5.866673222219944250e+00 -1.571705573841987018e+02
-5.838124934033956492e+00 -1.571159983318536320e+02
-5.809576645847954524e+00 -1.570785073653811423e+02
-5.781028357661980976e+00 -1.569700750939223326e+02
-5.752480069475993218e+00 -1.568732803319476261e+02
-5.723931781290005461e+00 -1.567749420966175080e+02
-5.695383493104031913e+00 -1.566627306151836194e+02
-5.666835204918044155e+00 -1.565315748862001897e+02
-5.638286916732056397e+00 -1.563811346732148593e+02
-5.609738628546068639e+00 -1.562162425319572208e+02
-5.581190340360080882e+00 -1.560452611394299822e+02
-5.552642052174093124e+00 -1.558779003475997342e+02
-5.524093763988119576e+00 -1.557231026988958433e+02
-5.495545475802131818e+00 -1.555874264085562118e+02
-5.466997187616144060e+00 -1.554740207204963838e+02
-5.438448899430170513e+00 -1.553822440593694409e+02
-5.409900611244168545e+00 -1.553077977916267969e+02
-5.381352323058180787e+00 -1.552433765070664435e+02
-5.352804034872207239e+00 -1.551609718581687787e+02
-5.324255746686219481e+00 -1.550255776867414568e+02
-5.295707458500231724e+00 -1.549013293562513525e+02
-5.267159170314258176e+00 -1.547673763583498783e+02
-5.238610882128270418e+00 -1.546210247235323720e+02
-5.210062593942268450e+00 -1.544636268536612818e+02
-5.181514305756294902e+00 -1.542997118451338565e+02
-5.152966017570307145e+00 -1.541358870365994562e+02
-5.124417729384319387e+00 -1.539791913795727112e+02
-5.095869441198345839e+00 -1.538356116011455583e+02
-5.067321153012358081e+00 -1.537089919674871226e+02
-5.038772864826370323e+00 -1.536004169073007404e+02
-5.010224576640382566e+00 -1.535080605794430539e+02
-4.981676288454394808e+00 -1.534274731142861299e+02
-4.953128000268407050e+00 -1.533522756506802409e+02
-4.924579712082433502e+00 -1.532752141794967429e+02
-4.896031423896445745e+00 -1.531482461698579698e+02
-4.867483135710457987e+00 -1.530178507973082276e+02
-4.838934847524484439e+00 -1.528829509822269870e+02
-4.810386559338482471e+00 -1.527398008731586856e+02
-4.781838271152494713e+00 -1.525909524165613789e+02
-4.753289982966521166e+00 -1.524402424449993418e+02
-4.724741694780533408e+00 -1.522927364693828167e+02
-4.696193406594545650e+00 -1.521534926464623254e+02
-4.667645118408572102e+00 -1.520264945361664672e+02
-4.639096830222584344e+00 -1.519138979333594648e+02
-4.610548542036582376e+00 -1.518156478955948501e+02
-4.582000253850608829e+00 -1.517294688755027323e+02
-4.553451965664621071e+00 -1.516512085337714097e+02
-4.524903677478633313e+00 -1.515754991428212293e+02
-4.496355389292659765e+00 -1.514966650494551175e+02
-4.467807101106672008e+00 -1.514013153606257731e+02
-4.439258812920684250e+00 -1.512703438920331678e+02
-4.410710524734696492e+00 -1.511430114641938758e+02
-4.382162236548708734e+00 -1.510113236202219298e+02
-4.353613948362720976e+00 -1.508767137310008764e+02
-4.325065660176747429e+00 -1.507428074660532786e+02
-4.296517371990759671e+00 -1.506135382039736896e+02
-4.267969083804771913e+00 -1.504926144714888210e+02
-4.239420795618784155e+00 -1.503827253557944914e+02
-4.210872507432796397e+00 -1.502849967237358726e+02
-4.182324219246808639e+00 -1.501987592907386215e+02
-4.153775931060835092e+00 -1.501216193608927938e+02
-4.125227642874847334e+00 -1.500498192908624162e+02
-4.096679354688859576e+00 -1.499788433989198495e+02
-4.068131066502871818e+00 -1.499041890615858108e+02
-4.039582778316884060e+00 -1.498221754831193095e+02
-4.011034490130910513e+00 -1.497103911030933148e+02
-3.982486201944922755e+00 -1.495937209480339902e+02
-3.953937913758934997e+00 -1.494757141519446293e+02
-3.925389625572947239e+00 -1.493564789767672494e+02
-3.896841337386973692e+00 -1.492393632957484044e+02
-3.868293049200971723e+00 -1.491274998831158030e+02
-3.839744761014998176e+00 -1.490236848005765466e+02
-3.811196472829010418e+00 -1.489297576297275896e+02
-3.782648184643022660e+00 -1.488462051198611675e+02
-3.754099896457034902e+00 -1.487720218377972685e+02
-3.725551608271061355e+00 -1.487048306592317033e+02
-3.697003320085073597e+00 -1.486412422614892250e+02
-3.668455031899085839e+00 -1.485774060128203757e+02
-3.639906743713098081e+00 -1.485096707675942298e+02
-3.611358455527110323e+00 -1.484352388550596231e+02
-3.582810167341136776e+00 -1.483490089623372796e+02
-3.554261879155149018e+00 -1.482414766369091410e+02
-3.525713590969161260e+00 -1.481367777378629853e+02
-3.497165302783173502e+00 -1.480325892218472461e+02
-3.468617014597185744e+00 -1.479310845553305569e+02
-3.440068726411197986e+00 -1.478350636237602771e+02
-3.411520438225224439e+00 -1.477466917060877449e+02
-3.382972150039236681e+00 -1.476672377620549241e+02
-3.354423861853248923e+00 -1.475967762950312476e+02
-3.325875573667261165e+00 -1.475341127145547659e+02
-3.297327285481287618e+00 -1.474769341907378930e+02
-3.268778997295285649e+00 -1.474221615386614417e+02
-3.240230709109312102e+00 -1.473664525895447071e+02
-3.211682420923324344e+00 -1.473067772297509919e+02
-3.183134132737336586e+00 -1.472409584788284747e+02
-3.154585844551363039e+00 -1.471680663213521711e+02
-3.126037556365375281e+00 -1.470783923719151574e+02
-3.097489268179387523e+00 -1.469861500396246186e+02
-3.068940979993399765e+00 -1.468956751928414235e+02
-3.040392691807412007e+00 -1.468084160407794059e+02
-3.011844403621424249e+00 -1.467266740622200132e+02
-2.983296115435450702e+00 -1.466521904701795052e+02
-2.954747827249462944e+00 -1.465858376323151333e+02
-2.926199539063475186e+00 -1.465274134143795379e+02
-2.897651250877487428e+00 -1.464756124629760166e+02
-2.869102962691499670e+00 -1.464281966263617960e+02
-2.840554674505511912e+00 -1.463823377390847611e+02
-2.812006386319538365e+00 -1.463350820255333815e+02
-2.783458098133550607e+00 -1.462838592766007082e+02
-2.754909809947562849e+00 -1.462269404241190216e+02
-2.726361521761589302e+00 -1.461637489946661788e+02
-2.697813233575601544e+00 -1.460934136352515793e+02
-2.669264945389599575e+00 -1.460116304878193603e+02
-2.640716657203626028e+00 -1.459337180723322831e+02
-2.612168369017638270e+00 -1.458594459643819050e+02
-2.583620080831650512e+00 -1.457906536319665918e+02
-2.555071792645676965e+00 -1.457287768411168258e+02
-2.526523504459689207e+00 -1.456744029656400699e+02
-2.497975216273701449e+00 -1.456271356147392453e+02
-2.469426928087713691e+00 -1.455856001013830223e+02
-2.440878639901725933e+00 -1.455476272863456302e+02
-2.412330351715738175e+00 -1.455105879526882973e+02
-2.383782063529764628e+00 -1.454718262863430880e+02
-2.355233775343776870e+00 -1.454291184810722086e+02
-2.326685487157789112e+00 -1.453810684438026612e+02
-2.298137198971801354e+00 -1.453273570187827204e+02
-2.269588910785813596e+00 -1.452687889061322721e+02
-2.241040622599825838e+00 -1.452019841618711098e+02
-2.212492334413852291e+00 -1.451354595583150342e+02
-2.183944046227864533e+00 -1.450730705873223769e+02
-2.155395758041876775e+00 -1.450161538496820981e+02
-2.126847469855889017e+00 -1.449658657185130721e+02
-2.098299181669901259e+00 -1.449225811408502125e+02
-2.069750893483913501e+00 -1.448857605613686701e+02
-2.041202605297939954e+00 -1.448539808895543217e+02
-2.012654317111952196e+00 -1.448251298245905616e+02
-1.984106028925964438e+00 -1.447967335951419159e+02
-1.955557740739990891e+00 -1.447663664866302611e+02
-1.927009452553988922e+00 -1.447320706479572721e+02
-1.898461164368001164e+00 -1.446927045634112687e+02
-1.869912876182027617e+00 -1.446481463628794586e+02
-1.841364587996039859e+00 -1.445993066949622801e+02
-1.812816299810052101e+00 -1.445473975740291337e+02
-1.784268011624078554e+00 -1.444909027480248938e+02
-1.755719723438090796e+00 -1.444395603798651280e+02
-1.727171435252088827e+00 -1.443936842421253743e+02
-1.698623147066115280e+00 -1.443541874815356323e+02
-1.670074858880127522e+00 -1.443213026736634959e+02
-1.641526570694139764e+00 -1.442943790110336124e+02
-1.612978282508166217e+00 -1.442719548363246247e+02
-1.584429994322178459e+00 -1.442519608278956866e+02
-1.555881706136190701e+00 -1.442320433490260427e+02
-1.527333417950202943e+00 -1.442099558838703501e+02
-1.498785129764215185e+00 -1.441839490551691654e+02
-1.470236841578227427e+00 -1.441530825836499901e+02
-1.441688553392253880e+00 -1.441173928933152979e+02
-1.413140265206266122e+00 -1.440778792105124353e+02
-1.384591977020278364e+00 -1.440363118508451521e+02
-1.356043688834304817e+00 -1.439924163443941723e+02
-1.327495400648302848e+00 -1.439513211213445913e+02
-1.298947112462315090e+00 -1.439159268808734851e+02
-1.270398824276341543e+00 -1.438867700280472093e+02
-1.241850536090353785e+00 -1.438638560759644065e+02
-1.213302247904366027e+00 -1.438465060229940207e+02
-1.184753959718392480e+00 -1.438332187118989225e+02
-1.156205671532404722e+00 -1.438219487759986350e+02
-1.127657383346402753e+00 -1.438104279642421943e+02
-1.099109095160429206e+00 -1.437965435769471298e+02
-1.070560806974441448e+00 -1.437787057953304952e+02
-1.042012518788453690e+00 -1.437561310206294820e+02
-1.013464230602480143e+00 -1.437289807504472208e+02
-9.849159424164923848e-01 -1.436983251390908549e+02
-9.563676542305046269e-01 -1.436659397464501637e+02
-9.278193660445168689e-01 -1.436338706267265479e+02
-8.992710778585291109e-01 -1.436019900405205476e+02
-8.707227896725413530e-01 -1.435761444003801159e+02
-8.421745014865678058e-01 -1.435565906351311298e+02
-8.136262133005800479e-01 -1.435419673637053961e+02
-7.850779251145922899e-01 -1.435317711367901268e+02
-7.565296369286187428e-01 -1.435240421012607328e+02
-7.279813487426167740e-01 -1.435161677164809646e+02
-6.994330605566290160e-01 -1.435051720915702163e+02
-6.708847723706554689e-01 -1.434880597145288732e+02
-6.423364841846677109e-01 -1.434621517447042720e+02
-6.137881959986799529e-01 -1.434253498236470250e+02
-5.852399078127064058e-01 -1.433762751346024800e+02
-5.566916196267186479e-01 -1.433142599266771526e+02
-5.281433314407166790e-01 -1.432392071446434443e+02
-4.995950432547431319e-01 -1.431513708018578086e+02
-4.710467550687553739e-01 -1.430501322875261110e+02
-4.424984668827676160e-01 -1.429369618283430441e+02
-4.139501786967940689e-01 -1.428127231123195031e+02
-3.854018905108063109e-01 -1.426769172519596225e+02
-3.568536023248043421e-01 -1.425294171170904463e+02
-3.283053141388307949e-01 -1.423712628672503229e+02
-2.997570259528430370e-01 -1.422039575441458510e+02
-2.712087377668552790e-01 -1.420299658444656927e+02
-2.426604495808817319e-01 -1.418527576443512430e+02
-2.141121613948939739e-01 -1.416766985396957068e+02
-1.855638732088920051e-01 -1.415068060390952951e+02
-1.570155850229184580e-01 -1.413484185824226245e+02
-1.284672968369307000e-01 -1.412068349629748241e+02
-9.991900865094294204e-02 -1.410869750818414445e+02
-7.137072046496939492e-02 -1.409930957866245080e+02
-4.282243227898163695e-02 -1.409285766521720689e+02
-1.427414409299387898e-02 -1.408951568930431506e+02
1.427414409299387898e-02 -1.408951568930431790e+02
4.282243227898163695e-02 -1.409285766521719836e+02
7.137072046496939492e-02 -1.409930957866242522e+02
9.991900865094294204e-02 -1.410869750818423825e+02
1.284672968369307000e-01 -1.412068349629745114e+02
1.570155850229184580e-01 -1.413484185824229371e+02
1.855638732088920051e-01 -1.415068060390946414e+02
2.141121613948939739e-01 -1.416766985396957068e+02
2.426604495808817319e-01 -1.418527576443508167e+02
2.712087377668552790e-01 -1.420299658444652664e+02
2.997570259528430370e-01 -1.422039575441459363e+02
3.283053141388307949e-01 -1.423712628672506639e+02
3.568536023248043421e-01 -1.425294171170907305e+02
3.854018905107921000e-01 -1.426769172519595372e+02
4.139501786967940689e-01 -1.428127231123192757e+02
4.424984668827676160e-01 -1.429369618283426178e+02
4.710467550687553739e-01 -1.430501322875257131e+02
4.995950432547431319e-01 -1.431513708018571833e+02
5.281433314407166790e-01 -1.432392071446438138e+02
5.566916196267044370e-01 -1.433142599266766695e+02
5.852399078126921950e-01 -1.433762751346037874e+02
6.137881959986799529e-01 -1.434253498236460018e+02
6.423364841846677109e-01 -1.434621517447026804e+02
6.708847723706554689e-01 -1.434880597145276795e+02
6.994330605566290160e-01 -1.435051720915711542e+02
7.279813487426167740e-01 -1.435161677164807372e+02
7.565296369286045319e-01 -1.435240421012592833e+02
7.850779251145780790e-01 -1.435317711367885352e+02
8.136262133005800479e-01 -1.435419673637053677e+02
8.421745014865678058e-01 -1.435565906351294529e+02
8.707227896725413530e-01 -1.435761444003800307e+02
8.992710778585291109e-01 -1.436019900405202350e+02
9.278193660445168689e-01 -1.436338706267266900e+02
9.563676542304904160e-01 -1.436659397464487142e+02
9.849159424164781740e-01 -1.436983251390902296e+02
1.013464230602480143e+00 -1.437289807504484997e+02
1.042012518788453690e+00 -1.437561310206295104e+02
1.070560806974441448e+00 -1.437787057953311205e+02
1.099109095160429206e+00 -1.437965435769482951e+02
1.127657383346402753e+00 -1.438104279642418533e+02
1.156205671532390511e+00 -1.438219487759993740e+02
1.184753959718378269e+00 -1.438332187118983825e+02
1.213302247904366027e+00 -1.438465060229944754e+02
1.241850536090353785e+00 -1.438638560759644633e+02
1.270398824276341543e+00 -1.438867700280471809e+02
1.298947112462315090e+00 -1.439159268808734851e+02
1.327495400648302848e+00 -1.439513211213441082e+02
1.356043688834304817e+00 -1.439924163443944281e+02
1.384591977020264153e+00 -1.440363118508444416e+02
1.413140265206266122e+00 -1.440778792105126911e+02
1.441688553392253880e+00 -1.441173928933146158e+02
1.470236841578227427e+00 -1.441530825836499616e+02
1.498785129764215185e+00 -1.441839490551691370e+02
1.527333417950202943e+00 -1.442099558838708333e+02
1.555881706136190701e+00 -1.442320433490266396e+02
1.584429994322164248e+00 -1.442519608278964824e+02
1.612978282508166217e+00 -1.442719548363240563e+02
1.641526570694139764e+00 -1.442943790110338682e+02
1.670074858880127522e+00 -1.443213026736629274e+02
1.698623147066115280e+00 -1.443541874815355754e+02
1.727171435252088827e+00 -1.443936842421256017e+02
1.755719723438090796e+00 -1.444395603798653269e+02
1.784268011624064343e+00 -1.444909027480240127e+02
1.812816299810052101e+00 -1.445473975740287926e+02
1.841364587996039859e+00 -1.445993066949619674e+02
1.869912876182027617e+00 -1.446481463628804818e+02
1.898461164368001164e+00 -1.446927045634112119e+02
1.927009452553988922e+00 -1.447320706479569878e+02
1.955557740739976680e+00 -1.447663664866300905e+02
1.984106028925964438e+00 -1.447967335951406085e+02
2.012654317111952196e+00 -1.448251298245912437e+02
2.041202605297939954e+00 -1.448539808895529859e+02
2.069750893483913501e+00 -1.448857605613687269e+02
2.098299181669901259e+00 -1.449225811408504399e+02
2.126847469855889017e+00 -1.449658657185133279e+02
2.155395758041876775e+00 -1.450161538496827234e+02
2.183944046227864533e+00 -1.450730705873214106e+02
2.212492334413852291e+00 -1.451354595583161426e+02
2.241040622599825838e+00 -1.452019841618715645e+02
2.269588910785813596e+00 -1.452687889061327837e+02
2.298137198971801354e+00 -1.453273570187818393e+02
2.326685487157774901e+00 -1.453810684438016096e+02
2.355233775343776870e+00 -1.454291184810716970e+02
2.383782063529750417e+00 -1.454718262863414111e+02
2.412330351715738175e+00 -1.455105879526880130e+02
2.440878639901725933e+00 -1.455476272863463976e+02
2.469426928087713691e+00 -1.455856001013830507e+02
2.497975216273687238e+00 -1.456271356147374831e+02
2.526523504459674996e+00 -1.456744029656399562e+02
2.555071792645662754e+00 -1.457287768411164564e+02
2.583620080831650512e+00 -1.457906536319669613e+02
2.612168369017638270e+00 -1.458594459643815640e+02
2.640716657203626028e+00 -1.459337180723327947e+02
2.669264945389599575e+00 -1.460116304878190476e+02
2.697813233575587333e+00 -1.460934136352519488e+02
2.726361521761575091e+00 -1.461637489946660935e+02
2.754909809947562849e+00 -1.462269404241204143e+02
2.783458098133550607e+00 -1.462838592766010208e+02
2.812006386319524154e+00 -1.463350820255344615e+02
2.840554674505511912e+00 -1.463823377390844485e+02
2.869102962691499670e+00 -1.464281966263618529e+02
2.897651250877487428e+00 -1.464756124629782903e+02
2.926199539063460975e+00 -1.465274134143790548e+02
2.954747827249462944e+00 -1.465858376323147922e+02
2.983296115435436491e+00 -1.466521904701789651e+02
3.011844403621424249e+00 -1.467266740622198711e+02
3.040392691807412007e+00 -1.468084160407788090e+02
3.068940979993399765e+00 -1.468956751928419635e+02
3.097489268179373312e+00 -1.469861500396245333e+02
3.126037556365361070e+00 -1.470783923719148163e+02
3.154585844551348828e+00 -1.471680663213518585e+02
3.183134132737336586e+00 -1.472409584788281904e+02
3.211682420923324344e+00 -1.473067772297506508e+02
3.240230709109297891e+00 -1.473664525895448207e+02
3.268778997295285649e+00 -1.474221615386628343e+02
3.297327285481287618e+00 -1.474769341907385183e+02
3.325875573667261165e+00 -1.475341127145550786e+02
3.354423861853248923e+00 -1.475967762950319866e+02
3.382972150039236681e+00 -1.476672377620557199e+02
3.411520438225210228e+00 -1.477466917060887681e+02
3.440068726411197986e+00 -1.478350636237604476e+02
3.468617014597185744e+00 -1.479310845553330012e+02
3.497165302783173502e+00 -1.480325892218473598e+02
3.525713590969147049e+00 -1.481367777378636390e+02
3.554261879155149018e+00 -1.482414766369108463e+02
3.582810167341122565e+00 -1.483490089623376491e+02
3.611358455527110323e+00 -1.484352388550598505e+02
3.639906743713098081e+00 -1.485096707675945709e+02
3.668455031899071628e+00 -1.485774060128192389e+02
3.697003320085073597e+00 -1.486412422614901914e+02
3.725551608271047144e+00 -1.487048306592321296e+02
3.754099896457034902e+00 -1.487720218377976096e+02
3.782648184643022660e+00 -1.488462051198608265e+02
3.811196472829010418e+00 -1.489297576297279306e+02
3.839744761014983965e+00 -1.490236848005765182e+02
3.868293049200971723e+00 -1.491274998831159451e+02
3.896841337386973692e+00 -1.492393632957483760e+02
3.925389625572947239e+00 -1.493564789767666241e+02
3.953937913758934997e+00 -1.494757141519445440e+02
3.982486201944922755e+00 -1.495937209480342176e+02
4.011034490130896302e+00 -1.497103911030932295e+02
4.039582778316884060e+00 -1.498221754831200485e+02
4.068131066502871818e+00 -1.499041890615873456e+02
4.096679354688859576e+00 -1.499788433989200485e+02
4.125227642874847334e+00 -1.500498192908628994e+02
4.153775931060835092e+00 -1.501216193608942149e+02
4.182324219246808639e+00 -1.501987592907395594e+02
4.210872507432796397e+00 -1.502849967237366968e+02
4.239420795618784155e+00 -1.503827253557935251e+02
4.267969083804757702e+00 -1.504926144714890199e+02
4.296517371990759671e+00 -1.506135382039741728e+02
4.325065660176747429e+00 -1.507428074660534776e+02
4.353613948362720976e+00 -1.508767137310017290e+02
4.382162236548708734e+00 -1.510113236202228677e+02
4.410710524734696492e+00 -1.511430114641944158e+02
4.439258812920670039e+00 -1.512703438920335088e+02
4.467807101106657797e+00 -1.514013153606261994e+02
4.496355389292659765e+00 -1.514966650494562259e+02
4.524903677478633313e+00 -1.515754991428219114e+02
4.553451965664621071e+00 -1.516512085337717792e+02
4.582000253850608829e+00 -1.517294688755031302e+02
4.610548542036582376e+00 -1.518156478955951911e+02
4.639096830222570134e+00 -1.519138979333615396e+02
4.667645118408557892e+00 -1.520264945361651883e+02
4.696193406594545650e+00 -1.521534926464623254e+02
4.724741694780533408e+00 -1.522927364693819072e+02
4.753289982966521166e+00 -1.524402424449987450e+02
4.781838271152494713e+00 -1.525909524165612083e+02
4.810386559338482471e+00 -1.527398008731579182e+02
4.838934847524470229e+00 -1.528829509822256512e+02
4.867483135710443776e+00 -1.530178507973068065e+02
4.896031423896445745e+00 -1.531482461698574866e+02
4.924579712082433502e+00 -1.532752141794970839e+02
4.953128000268407050e+00 -1.533522756506806957e+02
4.981676288454394808e+00 -1.534274731142872099e+02
5.010224576640382566e+00 -1.535080605794420876e+02
5.038772864826356113e+00 -1.536004169073007688e+02
5.067321153012343871e+00 -1.537089919674873215e+02
5.095869441198345839e+00 -1.538356116011467520e+02
5.124417729384319387e+00 -1.539791913795732512e+02
5.152966017570307145e+00 -1.541358870366015594e+02
5.181514305756294902e+00 -1.542997118451334586e+02
5.210062593942268450e+00 -1.544636268536615660e+02
5.238610882128270418e+00 -1.546210247235308373e+02
5.267159170314243966e+00 -1.547673763583500204e+02
5.295707458500231724e+00 -1.549013293562518925e+02
5.324255746686219481e+00 -1.550255776867414852e+02
5.352804034872207239e+00 -1.551609718581690061e+02
5.381352323058180787e+00 -1.552433765070661309e+02
5.409900611244168545e+00 -1.553077977916267400e+02
5.438448899430170513e+00 -1.553822440593682757e+02
5.466997187616129850e+00 -1.554740207204959574e+02
5.495545475802131818e+00 -1.555874264085552454e+02
5.524093763988119576e+00 -1.557231026988950191e+02
5.552642052174093124e+00 -1.558779003475992226e+02
5.581190340360080882e+00 -1.560452611394293285e+02
5.609738628546068639e+00 -1.562162425319575334e+02
5.638286916732056397e+00 -1.563811346732142908e+02
5.666835204918029945e+00 -1.565315748861989675e+02
5.695383493104031913e+00 -1.566627306151820562e+02
5.723931781290005461e+00 -1.567749420966165985e+02
5.752480069475993218e+00 -1.568732803319486209e+02
5.781028357661980976e+00 -1.569700750939209115e+02
5.809576645847954524e+00 -1.570785073653800907e+02
5.838124934033956492e+00 -1.571159983318537741e+02
5.866673222219930040e+00 -1.571705573841984460e+02
5.895221510405917797e+00 -1.572495789438083307e+02
5.923769798591905555e+00 -1.573560474834561660e+02
5.952318086777893313e+00 -1.574881140948950815e+02
5.980866374963866861e+00 -1.576392675820925433e+02
6.009414663149854618e+00 -1.577991725498911819e+02
6.037962951335856587e+00 -1.579552979971451236e+02
6.066511239521830134e+00 -1.580953365949488330e+02
6.095059527707817892e+00 -1.582100757195414644e+02
6.123607815893805650e+00 -1.582959712320360097e+02
6.152156104079779197e+00 -1.583565172378112322e+02
6.180704392265766955e+00 -1.584018691147467166e+02
6.209252680451754713e+00 -1.584459865246709001e+02
6.237800968637742471e+00 -1.585227018072783665e+02
6.266349256823730229e+00 -1.585508604495852296e+02
6.294897545009717987e+00 -1.585729841500260306e+02
6.323445833195691534e+00 -1.586263055185218036e+02
6.351994121381679292e+00 -1.587107411224075690e+02
6.380542409567667050e+00 -1.588206378831252721e+02
6.409090697753640598e+00 -1.589454655980736959e+02
6.437638985939642566e+00 -1.590713116902706190e+02
6.466187274125630324e+00 -1.591833110758868202e+02
6.494735562311603871e+00 -1.592687930972239201e+02
6.523283850497591629e+00 -1.593204785974252786e+02
6.551832138683579387e+00 -1.593386117403493927e+02
6.580380426869552934e+00 -1.593311608433269839e+02
6.608928715055540692e+00 -1.593120081270676280e+02
6.637477003241542661e+00 -1.592977667255340180e+02
6.666025291427516208e+00 -1.593050739311715631e+02
6.694573579613503966e+00 -1.593498215071664390e+02
6.723121867799491724e+00 -1.593434371095576410e+02
6.751670155985465271e+00 -1.593709351317770313e+02
6.780218444171453029e+00 -1.594283790559302361e+02
6.808766732357440787e+00 -1.595066038476468577e+02
6.837315020543428545e+00 -1.595924823088726043e+02
6.865863308729416303e+00 -1.596710313145145790e+02
6.894411596915404061e+00 -1.597283025645901944e+02
6.922959885101377608e+00 -1.597545533759221144e+02
6.951508173287365366e+00 -1.597467486004878197e+02
6.980056461473353124e+00 -1.597094221836316592e+02
7.008604749659326671e+00 -1.596535334202943943e+02
7.037153037845328640e+00 -1.595938203549094965e+02
7.065701326031316398e+00 -1.595456598051922299e+02
7.094249614217289945e+00 -1.595223198362408539e+02
7.122797902403277703e+00 -1.595420671702467246e+02
7.151346190589265461e+00 -1.595527404812319219e+02
7.179894478775253219e+00 -1.595701418278402457e+02
7.208442766961226766e+00 -1.596121196081171263e+02
7.236991055147228735e+00 -1.596678955798588504e+02
7.265539343333202282e+00 -1.597242217422968906e+02
7.294087631519190040e+00 -1.597677217428947358e+02
7.322635919705177798e+00 -1.597876191971942035e+02
7.351184207891151345e+00 -1.597782337952467060e+02
7.379732496077153314e+00 -1.597403684085496707e+02
7.408280784263126861e+00 -1.596810534700110225e+02
7.436829072449114619e+00 -1.596117595523283228e+02
7.465377360635102377e+00 -1.595457743636211205e+02
7.493925648821090135e+00 -1.594955787097135556e+02
7.522473937007063682e+00 -1.594707726569039608e+02
7.551022225193051440e+00 -1.594763672907254488e+02
7.579570513379053409e+00 -1.595159241156499661e+02
7.608118801565012745e+00 -1.595401580895401707e+02
7.636667089751014714e+00 -1.595823727405280010e+02
7.665215377937002472e+00 -1.596317239011330571e+02
7.693763666122976019e+00 -1.596762419623090352e+02
7.722311954308963777e+00 -1.597050762249741638e+02
7.750860242494951535e+00 -1.597107956292326492e+02
7.779408530680939293e+00 -1.596910654133597234e+02
7.807956818866912840e+00 -1.596491868569532926e+02
7.836505107052914809e+00 -1.595931942362114171e+02
7.865053395238888356e+00 -1.595339674890132358e+02
7.893601683424876114e+00 -1.594828814570918212e+02
7.922149971610863872e+00 -1.594497377231961934e+02
7.950698259796837419e+00 -1.594412098929749391e+02
7.979246547982839388e+00 -1.594595338795521968e+02
8.007794836168827146e+00 -1.595053089882780171e+02
8.036343124354800693e+00 -1.595564958506780329e+02
8.064891412540788451e+00 -1.596093494921822469e+02
8.093439700726776209e+00 -1.596638548287373851e+02
8.121987988912749756e+00 -1.597095255128346594e+02
8.150536277098737514e+00 -1.597378402191313000e+02
8.179084565284739483e+00 -1.597440859666676829e+02
8.207632853470713030e+00 -1.597284243427162380e+02
8.236181141656700788e+00 -1.596958019873373473e+02
8.264729429842688546e+00 -1.596547340765574461e+02
8.293277718028662093e+00 -1.596154099101991619e+02
8.321826006214649851e+00 -1.595876588584492310e+02
8.350374294400637609e+00 -1.595792422681776088e+02
8.378922582586625367e+00 -1.595946645082573241e+02
8.407470870772613125e+00 -1.596345358475834928e+02
8.436019158958600883e+00 -1.596938069479650721e+02
8.464567447144574430e+00 -1.597681562032303759e+02
8.493115735330562188e+00 -1.598366814569712062e+02
8.521664023516549946e+00 -1.599022373301182540e+02
8.550212311702523493e+00 -1.599555748989545236e+02
8.578760599888525462e+00 -1.599900784371264422e+02
8.607308888074513220e+00 -1.600032409512001550e+02
8.635857176260486767e+00 -1.599972315263728433e+02
8.664405464446474525e+00 -1.599783544776129816e+02
8.692953752632462283e+00 -1.599555943624423548e+02
8.721502040818435830e+00 -1.599387239628180453e+02
8.750050329004423588e+00 -1.599364520640619958e+02
8.778598617190411346e+00 -1.599549998250353440e+02
8.807146905376399104e+00 -1.599971532135815551e+02
8.835695193562386862e+00 -1.600618476090169224e+02
8.864243481748374620e+00 -1.601442697412071539e+02
8.892791769934348167e+00 -1.602330871709940538e+02
8.921340058120335925e+00 -1.603211093193559407e+02
8.949888346306323683e+00 -1.603994629317068075e+02
8.978436634492311441e+00 -1.604621498512660196e+02
9.006984922678299199e+00 -1.605041902493483121e+02
9.035533210864286957e+00 -1.605250811485684892e+02
9.064081499050260504e+00 -1.605289152413971578e+02
9.092629787236248262e+00 -1.605234176135354858e+02
9.121178075422236020e+00 -1.605182382619238410e+02
9.149726363608209567e+00 -1.605230141251043392e+02
9.178274651794211536e+00 -1.605456491310958995e+02
9.206822939980185083e+00 -1.605910585233254437e+02
9.235371228166172841e+00 -1.606604357588137191e+02
9.263919516352160599e+00 -1.607510355205791370e+02
9.292467804538148357e+00 -1.608564816182504842e+02
9.321016092724136115e+00 -1.609659897695093491e+02
9.349564380910109662e+00 -1.610674225287758361e+02
9.378112669096097420e+00 -1.611563879367317327e+02
9.406660957282085178e+00 -1.612256158728402227e+02
9.435209245468072936e+00 -1.612717794769738759e+02
9.463757533654060694e+00 -1.612965357898472973e+02
9.492305821840034241e+00 -1.613061391634510642e+02
9.520854110026036210e+00 -1.613100015542545407e+02
9.549402398212009757e+00 -1.613186717598998712e+02
9.577950686397997515e+00 -1.613418307106566658e+02
9.606498974583985273e+00 -1.613866343156467735e+02
9.635047262769958820e+00 -1.614566360740997197e+02
9.663595550955946578e+00 -1.615512313195893057e+02
9.692143839141934336e+00 -1.616656663680578845e+02
9.720692127327922094e+00 -1.617915983087893892e+02
9.749240415513895641e+00 -1.619183336592316778e+02
9.777788703699897610e+00 -1.620299289484084682e+02
9.806336991885871157e+00 -1.621208365054001206e+02
9.834885280071858915e+00 -1.621874387519792720e+02
9.863433568257846673e+00 -1.622280410537582043e+02
9.891981856443834431e+00 -1.622469815009126251e+02
9.920530144629822189e+00 -1.622531319881347827e+02
9.949078432815809947e+00 -1.622578594405491970e+02
9.977626721001783494e+00 -1.622726706628560294e+02
1.000617500918777125e+01 -1.623071243919192170e+02
1.003472329737375901e+01 -1.623673153556846671e+02
1.006327158555973256e+01 -1.624549785816023757e+02
1.009181987374572032e+01 -1.625671625768650301e+02
1.012036816193172228e+01 -1.626965158383785308e+02
1.014891645011769583e+01 -1.628322136194972813e+02
1.017746473830368359e+01 -1.629617011618884419e+02
1.020601302648967135e+01 -1.630731752809176953e+02
1.023456131467564489e+01 -1.631504280245559642e+02
1.026310960286163265e+01 -1.631960898826267226e+02
1.029165789104762041e+01 -1.632130397296721753e+02
1.032020617923360817e+01 -1.632093779083388370e+02
1.034875446741959593e+01 -1.631968575704743785e+02
1.037730275560558368e+01 -1.631885811981811116e+02
1.040585104379155723e+01 -1.631964160428907746e+02
1.043439933197754499e+01 -1.632289977391924651e+02
1.046294762016353275e+01 -1.632904672649155486e+02
1.049149590834950629e+01 -1.633798813680843693e+02
1.052004419653550826e+01 -1.634912324270430588e+02
1.054859248472149602e+01 -1.636141343791746579e+02
1.057714077290746957e+01 -1.637353075691078743e+02
1.060568906109345733e+01 -1.638409672059695481e+02
1.063423734927944508e+01 -1.639198304682226990e+02
1.066278563746541863e+01 -1.639656477370539562e+02
1.069133392565140639e+01 -1.639685884986549809e+02
1.071988221383740836e+01 -1.639399536587525290e+02
1.074843050202338191e+01 -1.638954038943437581e+02
1.077697879020936966e+01 -1.638486302664699679e+02
1.080552707839535742e+01 -1.638129656331064155e+02
1.083407536658133097e+01 -1.637989713419151201e+02
1.086262365476731873e+01 -1.638128526794662037e+02
1.089117194295330648e+01 -1.638556438285805825e+02
1.091972023113929424e+01 -1.639231281181763507e+02
1.094826851932528200e+01 -1.640062881259525795e+02
1.097681680751126976e+01 -1.640925811659060685e+02
1.100536509569724331e+01 -1.641680296635723266e+02
1.103391338388323106e+01 -1.642200170417955860e+02
1.106246167206921882e+01 -1.642402841738598340e+02
1.109100996025519237e+01 -1.642271809437322077e+02
1.111955824844119434e+01 -1.641858917854091260e+02
1.114810653662718209e+01 -1.641083851226348145e+02
1.117665482481315564e+01 -1.640214609807223383e+02
1.120520311299914340e+01 -1.639404954693733600e+02
1.123375140118513116e+01 -1.638765443081608453e+02
1.126229968937111892e+01 -1.638369869531206575e+02
1.129084797755709246e+01 -1.638245674790205157e+02
1.131939626574309443e+01 -1.638371348215541161e+02
1.134794455392906798e+01 -1.638679947813956801e+02
1.137649284211505574e+01 -1.639068897988726690e+02
1.140504113030104349e+01 -1.639416384871573484e+02
1.143358941848701704e+01 -1.639604164192422218e+02
1.146213770667301901e+01 -1.639542719878568846e+02
1.149068599485899256e+01 -1.639192487036900161e+02
1.151923428304498032e+01 -1.638574123304260297e+02
1.154778257123096807e+01 -1.637763476914049079e+02
1.157633085941695583e+01 -1.636841650712996454e+02
1.160487914760292938e+01 -1.635767194084698986e+02
1.163342743578891714e+01 -1.634815635864517276e+02
1.166197572397491911e+01 -1.634056804181695384e+02
1.169052401216087844e+01 -1.633529864228943040e+02
1.171907230034688041e+01 -1.633233645862300421e+02
1.174762058853286817e+01 -1.633127823076985692e+02
1.177616887671884172e+01 -1.633139471484626029e+02
1.180471716490482947e+01 -1.633174431503277617e+02
1.183326545309081723e+01 -1.633134062647178837e+02
1.186181374127680499e+01 -1.632934168301533759e+02
1.189036202946279275e+01 -1.632523014255163218e+02
1.191891031764878051e+01 -1.631892229045108706e+02
1.194745860583475405e+01 -1.631079510638834904e+02
1.197600689402074181e+01 -1.630157652327649203e+02
1.200455518220672957e+01 -1.629237302208447602e+02
1.203310347039270312e+01 -1.628277194082667734e+02
1.206165175857870508e+01 -1.627395115771177814e+02
1.209020004676469284e+01 -1.626695938572116802e+02
1.211874833495066639e+01 -1.626193904769388041e+02
1.214729662313665415e+01 -1.625872238968144927e+02
1.217584491132264191e+01 -1.625685726325663438e+02
1.220439319950861545e+01 -1.625567540472156907e+02
1.223294148769460321e+01 -1.625440756740220536e+02
1.226148977588060518e+01 -1.625232248632880498e+02
1.229003806406657873e+01 -1.624886516294315015e+02
1.231858635225256648e+01 -1.624377397794947626e+02
1.234713464043855424e+01 -1.623712931300975981e+02
1.237568292862452779e+01 -1.622932913374009161e+02
1.240423121681051555e+01 -1.622099703111077815e+02
1.243277950499650331e+01 -1.621284934570440441e+02
1.246132779318249106e+01 -1.620572530906204349e+02
1.248987608136847882e+01 -1.619872925617184478e+02
1.251842436955446658e+01 -1.619334728621981583e+02
1.254697265774044013e+01 -1.618956887643654170e+02
1.257552094592642788e+01 -1.618716188809990797e+02
1.260406923411241564e+01 -1.618569011182907786e+02
1.263261752229838919e+01 -1.618458026873868221e+02
1.266116581048439116e+01 -1.618322389594059132e+02
1.268971409867037892e+01 -1.618108554163554800e+02
1.271826238685635246e+01 -1.617780605860681362e+02
1.274681067504234022e+01 -1.617327380676552195e+02
1.277535896322832798e+01 -1.616764028081516642e+02
1.280390725141430153e+01 -1.616128350250130836e+02
1.283245553960028928e+01 -1.615472512411762409e+02
1.286100382778629125e+01 -1.614852450216011448e+02
1.288955211597226480e+01 -1.614322353059915827e+02
1.291810040415825256e+01 -1.613889009206757805e+02
1.294664869234424032e+01 -1.613548203028766181e+02
1.297519698053021386e+01 -1.613337609436544255e+02
1.300374526871620162e+01 -1.613231357609494694e+02
1.303229355690218938e+01 -1.613188869587474699e+02
1.306084184508817714e+01 -1.613161336924580382e+02
1.308939013327416490e+01 -1.613099913709160944e+02
1.311793842146015265e+01 -1.612964791181661894e+02
1.314648670964612620e+01 -1.612732545780855844e+02
1.317503499783211396e+01 -1.612400955196356449e+02
1.320358328601811593e+01 -1.611988483129830456e+02
1.323213157420407526e+01 -1.611530513680553156e+02
1.326067986239007723e+01 -1.611071727323020752e+02
1.328922815057606499e+01 -1.610657428871356842e+02
1.331777643876203854e+01 -1.610325732871477840e+02
1.334632472694802630e+01 -1.610107503943810343e+02
1.337487301513401405e+01 -1.609970731249047731e+02
1.340342130332000181e+01 -1.609935553088066058e+02
1.343196959150597536e+01 -1.609981006460816957e+02
1.346051787969197733e+01 -1.610069727768880625e+02
1.348906616787795087e+01 -1.610159421114161660e+02
1.351761445606393863e+01 -1.610209731057685758e+02
1.354616274424992639e+01 -1.610190424170891674e+02
1.357471103243589994e+01 -1.610086674671788671e+02
1.360325932062190191e+01 -1.609901893396605317e+02
1.363180760880787545e+01 -1.609656686131255583e+02
1.366035589699386321e+01 -1.609384739384177578e+02
1.368890418517985097e+01 -1.609125724566417830e+02
1.371745247336583873e+01 -1.608918053278421212e+02
1.374600076155181227e+01 -1.608792214394279085e+02
1.377454904973780003e+01 -1.608765885190813378e+02
1.380309733792380200e+01 -1.608839967148972505e+02
1.383164562610976134e+01 -1.608991219253483678e+02
1.386019391429576331e+01 -1.609205775809692227e+02
1.388874220248175106e+01 -1.609449474331029535e+02
1.391729049066772461e+01 -1.609683631867875135e+02
1.394583877885371237e+01 -1.609873971064789657e+02
1.397438706703970013e+01 -1.609995881370450661e+02
1.400293535522568789e+01 -1.610040265570072222e+02
1.403148364341167564e+01 -1.610013936054589578e+02
1.406003193159766340e+01 -1.609939026100947785e+02
1.408858021978363695e+01 -1.609847621686307662e+02
1.411712850796962471e+01 -1.609776341843439980e+02
1.414567679615561246e+01 -1.609758302964031031e+02
1.417422508434158601e+01 -1.609818591241547665e+02
1.420277337252758798e+01 -1.609969863967221215e+02
1.423132166071357574e+01 -1.610208825537962980e+02
1.425986994889954929e+01 -1.610517741042282296e+02
