-1.425986994889954929e+01 -1.510734035040037213e+02
-1.423132166071357574e+01 -1.510396959982991802e+02
-1.420277337252758798e+01 -1.510137674681730005e+02
-1.417422508434160022e+01 -1.509959557769493586e+02
-1.414567679615561246e+01 -1.509893930853048687e+02
-1.411712850796962471e+01 -1.509889032082455458e+02
-1.408858021978363695e+01 -1.509968079518663444e+02
-1.406003193159766340e+01 -1.510030183341456791e+02
-1.403148364341167564e+01 -1.510114397760960685e+02
-1.400293535522568789e+01 -1.510142812155344814e+02
-1.397438706703971434e+01 -1.510068921216386286e+02
-1.394583877885371237e+01 -1.509996468029596599e+02
-1.391729049066772461e+01 -1.509778264113184036e+02
-1.388874220248175106e+01 -1.509553168527342564e+02
-1.386019391429576331e+01 -1.509318751027951180e+02
-1.383164562610977555e+01 -1.509113387944014164e+02
-1.380309733792380200e+01 -1.508932030422718640e+02
-1.377454904973780003e+01 -1.508865145869782509e+02
-1.374600076155181227e+01 -1.508897480584395225e+02
-1.371745247336583873e+01 -1.509023225947152298e+02
-1.368890418517985097e+01 -1.509237592685163634e+02
-1.366035589699386321e+01 -1.509470310522054604e+02
-1.363180760880788966e+01 -1.509783761450467523e+02
-1.360325932062190191e+01 -1.509998454226263505e+02
-1.357471103243589994e+01 -1.510194065416629314e+02
-1.354616274424992639e+01 -1.510262037154313930e+02
-1.351761445606393863e+01 -1.510293646104297522e+02
-1.348906616787795087e+01 -1.510246521272066218e+02
-1.346051787969197733e+01 -1.510164217908102842e+02
-1.343196959150598957e+01 -1.510048085891264122e+02
-1.340342130332000181e+01 -1.510009656062503041e+02
-1.337487301513401405e+01 -1.510032100824880672e+02
-1.334632472694802630e+01 -1.510166000181899904e+02
-1.331777643876203854e+01 -1.510393552725690256e+02
-1.328922815057606499e+01 -1.510720569332690673e+02
-1.326067986239007723e+01 -1.511153677699805371e+02
-1.323213157420408947e+01 -1.511579312028368349e+02
-1.320358328601811593e+01 -1.512056201870542793e+02
-1.317503499783211396e+01 -1.512450931449361065e+02
-1.314648670964612620e+01 -1.512796062281641127e+02
-1.311793842146015265e+01 -1.513041372940044482e+02
-1.308939013327416490e+01 -1.513185549995233146e+02
-1.306084184508817714e+01 -1.513204946332165832e+02
-1.303229355690220359e+01 -1.513236205034089608e+02
-1.300374526871621583e+01 -1.513285292155518107e+02
-1.297519698053021386e+01 -1.513377911912571960e+02
-1.294664869234424032e+01 -1.513622289888782575e+02
-1.291810040415825256e+01 -1.513941158387086148e+02
-1.288955211597226480e+01 -1.514407244359932463e+02
-1.286100382778629125e+01 -1.514916955090527324e+02
-1.283245553960030350e+01 -1.515565625821747062e+02
-1.280390725141431574e+01 -1.516173650841993208e+02
-1.277535896322832798e+01 -1.516828747042201826e+02
-1.274681067504234022e+01 -1.517412961210368678e+02
-1.271826238685635246e+01 -1.517871019538680457e+02
-1.268971409867037892e+01 -1.518146663365623681e+02
-1.266116581048439116e+01 -1.518375849859046980e+02
-1.263261752229840340e+01 -1.518513735686246378e+02
-1.260406923411241564e+01 -1.518619369371430707e+02
-1.257552094592642788e+01 -1.518743792897177514e+02
-1.254697265774044013e+01 -1.519019996150987595e+02
-1.251842436955446658e+01 -1.519369512369443100e+02
-1.248987608136847882e+01 -1.519934597809765933e+02
-1.246132779318249106e+01 -1.520667220684292147e+02
-1.243277950499651752e+01 -1.521312708843246355e+02
-1.240423121681051555e+01 -1.522155240728572778e+02
-1.237568292862452779e+01 -1.523000405027994475e+02
-1.234713464043855424e+01 -1.523801803231333736e+02
-1.231858635225256648e+01 -1.524463864420462187e+02
-1.229003806406657873e+01 -1.524903833567821607e+02
-1.226148977588060518e+01 -1.525266993304096275e+02
-1.223294148769461742e+01 -1.525515976125635689e+02
-1.220439319950861545e+01 -1.525611773902180914e+02
-1.217584491132264191e+01 -1.525747178846276597e+02
-1.214729662313665415e+01 -1.525888077446019793e+02
-1.211874833495066639e+01 -1.526242430836120718e+02
-1.209020004676469284e+01 -1.526771097869900871e+02
-1.206165175857870508e+01 -1.527405914640309845e+02
-1.203310347039271733e+01 -1.528326702098284500e+02
-1.200455518220672957e+01 -1.529294449595125229e+02
-1.197600689402074181e+01 -1.530244999962866643e+02
-1.194745860583475405e+01 -1.531160353128554164e+02
-1.191891031764878051e+01 -1.531984655796334494e+02
-1.189036202946279275e+01 -1.532587493789714301e+02
-1.186181374127680499e+01 -1.533001766915554072e+02
-1.183326545309081723e+01 -1.533166170646431397e+02
-1.180471716490482947e+01 -1.533240334303612826e+02
-1.177616887671884172e+01 -1.533162072090709387e+02
-1.174762058853286817e+01 -1.533194825847313894e+02
-1.171907230034688041e+01 -1.533321803952384528e+02
-1.169052401216089265e+01 -1.533556324523835031e+02
-1.166197572397491911e+01 -1.534082876284462316e+02
-1.163342743578891714e+01 -1.534884932518332619e+02
-1.160487914760292938e+01 -1.535824380592029854e+02
-1.157633085941695583e+01 -1.536939321533407679e+02
-1.154778257123096807e+01 -1.537837080084182730e+02
-1.151923428304498032e+01 -1.538662634857473677e+02
-1.149068599485900677e+01 -1.539276293872557915e+02
-1.146213770667301901e+01 -1.539590194230425766e+02
-1.143358941848701704e+01 -1.539672670994644363e+02
-1.140504113030104349e+01 -1.539453010881273372e+02
-1.137649284211505574e+01 -1.539130724746098053e+02
-1.134794455392906798e+01 -1.538688261359944818e+02
-1.131939626574309443e+01 -1.538426831165367616e+02
-1.129084797755710667e+01 -1.538282544589194174e+02
-1.126229968937111892e+01 -1.538462493859014728e+02
-1.123375140118513116e+01 -1.538828884912562103e+02
-1.120520311299914340e+01 -1.539514722489291785e+02
-1.117665482481315564e+01 -1.540298061154696825e+02
-1.114810653662718209e+01 -1.541128702868673770e+02
-1.111955824844119434e+01 -1.541890624793057043e+02
-1.109100996025520658e+01 -1.542329610032541041e+02
-1.106246167206923303e+01 -1.542472197510296041e+02
-1.103391338388323106e+01 -1.542222793887039245e+02
-1.100536509569724331e+01 -1.541727811325664561e+02
-1.097681680751126976e+01 -1.540944351622678710e+02
-1.094826851932528200e+01 -1.540047596853323455e+02
-1.091972023113929424e+01 -1.539275594419594313e+02
-1.089117194295332069e+01 -1.538556919067677882e+02
-1.086262365476733294e+01 -1.538200465960307213e+02
-1.083407536658134518e+01 -1.538016197585466216e+02
-1.080552707839535742e+01 -1.538221570364538877e+02
-1.077697879020936966e+01 -1.538533335431349940e+02
-1.074843050202338191e+01 -1.538965948258690730e+02
-1.071988221383740836e+01 -1.539401980323658563e+02
-1.069133392565142060e+01 -1.539733304038918220e+02
-1.066278563746543284e+01 -1.539692465610369538e+02
-1.063423734927944508e+01 -1.539253313826944520e+02
-1.060568906109345733e+01 -1.538459524574975319e+02
-1.057714077290746957e+01 -1.537358634184846835e+02
-1.054859248472149602e+01 -1.536208845596539732e+02
-1.052004419653550826e+01 -1.534932152437282298e+02
-1.049149590834952050e+01 -1.533894489906181491e+02
-1.046294762016353275e+01 -1.532953028513048821e+02
-1.043439933197754499e+01 -1.532291720683969061e+02
-1.040585104379157144e+01 -1.531932568875905361e+02
-1.037730275560558368e+01 -1.531924674211508943e+02
-1.034875446741959593e+01 -1.531997568759140051e+02
-1.032020617923360817e+01 -1.532099904458687831e+02
-1.029165789104763462e+01 -1.532139734882235302e+02
-1.026310960286163265e+01 -1.531999830093761830e+02
-1.023456131467565910e+01 -1.531481829789510698e+02
-1.020601302648967135e+01 -1.530761668133572471e+02
-1.017746473830368359e+01 -1.529597011788461884e+02
-1.014891645011769583e+01 -1.528372931349113060e+02
-1.012036816193172228e+01 -1.526965254060771997e+02
-1.009181987374573453e+01 -1.525751098380746953e+02
-1.006327158555974677e+01 -1.524583091331846276e+02
-1.003472329737375901e+01 -1.523680270842206710e+02
-1.000617500918777125e+01 -1.523051784939967490e+02
-9.977626721001797705e+00 -1.522786541544060981e+02
-9.949078432815809947e+00 -1.522619399921925378e+02
-9.920530144629822189e+00 -1.522569189477782743e+02
-9.891981856443834431e+00 -1.522474486389535571e+02
-9.863433568257846673e+00 -1.522296849678685646e+02
-9.834885280071858915e+00 -1.521929524936259384e+02
-9.806336991885885368e+00 -1.521221230986355408e+02
-9.777788703699897610e+00 -1.520260732555251195e+02
-9.749240415513909852e+00 -1.519221820771132911e+02
-9.720692127327922094e+00 -1.517912202357860281e+02
-9.692143839141934336e+00 -1.516728636858729828e+02
-9.663595550955946578e+00 -1.515548716979180028e+02
-9.635047262769973031e+00 -1.514581255603270620e+02
-9.606498974583985273e+00 -1.513872788373267895e+02
-9.577950686397997515e+00 -1.513412207987052511e+02
-9.549402398212023968e+00 -1.513194939378888364e+02
-9.520854110026036210e+00 -1.513093388941840090e+02
-9.492305821840034241e+00 -1.513073434147989076e+02
-9.463757533654060694e+00 -1.512953700031577569e+02
-9.435209245468072936e+00 -1.512748642345028145e+02
-9.406660957282085178e+00 -1.512253054697218886e+02
-9.378112669096111631e+00 -1.511618786752927974e+02
-9.349564380910123873e+00 -1.510692798190532358e+02
-9.321016092724136115e+00 -1.509647517508506667e+02
-9.292467804538148357e+00 -1.508547274792665576e+02
-9.263919516352160599e+00 -1.507562469460910677e+02
-9.235371228166172841e+00 -1.506633324275111363e+02
-9.206822939980199294e+00 -1.505941202744341751e+02
-9.178274651794211536e+00 -1.505467173593795849e+02
-9.149726363608223778e+00 -1.505252172728395408e+02
-9.121178075422250231e+00 -1.505215229576204479e+02
-9.092629787236248262e+00 -1.505248557087207644e+02
-9.064081499050260504e+00 -1.505268758813311365e+02
-9.035533210864286957e+00 -1.505263829946087526e+02
-9.006984922678299199e+00 -1.505048780273300508e+02
-8.978436634492311441e+00 -1.504680868291396791e+02
-8.949888346306337894e+00 -1.504024414283987880e+02
-8.921340058120350136e+00 -1.503216720028227371e+02
-8.892791769934348167e+00 -1.502343679586456062e+02
-8.864243481748374620e+00 -1.501437314477540212e+02
-8.835695193562386862e+00 -1.500607534384003259e+02
-8.807146905376399104e+00 -1.499968131521649752e+02
-8.778598617190425557e+00 -1.499554145248451675e+02
-8.750050329004437799e+00 -1.499369084042763802e+02
-8.721502040818450041e+00 -1.499409555214627403e+02
-8.692953752632462283e+00 -1.499570139292773945e+02
-8.664405464446474525e+00 -1.499828146021426392e+02
-8.635857176260486767e+00 -1.499992264156295221e+02
-8.607308888074513220e+00 -1.500023490668853015e+02
-8.578760599888525462e+00 -1.499909740294731932e+02
-8.550212311702537704e+00 -1.499605634617379621e+02
-8.521664023516549946e+00 -1.499045421036235552e+02
-8.493115735330562188e+00 -1.498410097119697753e+02
-8.464567447144574430e+00 -1.497700900079107669e+02
-8.436019158958600883e+00 -1.496946378650289944e+02
-8.407470870772613125e+00 -1.496357895331506711e+02
-8.378922582586625367e+00 -1.495959563467360169e+02
-8.350374294400651820e+00 -1.495801396448894423e+02
-8.321826006214649851e+00 -1.495894811980790564e+02
-8.293277718028662093e+00 -1.496151680857106498e+02
-8.264729429842688546e+00 -1.496600374756017118e+02
-8.236181141656700788e+00 -1.496992936654035020e+02
-8.207632853470713030e+00 -1.497290800481815438e+02
-8.179084565284739483e+00 -1.497415867272561059e+02
-8.150536277098751725e+00 -1.497390319789936939e+02
-8.121987988912749756e+00 -1.497079415218674967e+02
-8.093439700726776209e+00 -1.496692540904485611e+02
-8.064891412540788451e+00 -1.496123380930316955e+02
-8.036343124354800693e+00 -1.495584704006848824e+02
-8.007794836168827146e+00 -1.495071057235897172e+02
-7.979246547982839388e+00 -1.494617219299527733e+02
-7.950698259796837419e+00 -1.494443357243099229e+02
-7.922149971610863872e+00 -1.494516464274240093e+02
-7.893601683424876114e+00 -1.494833557374617214e+02
-7.865053395238888356e+00 -1.495313408098606089e+02
-7.836505107052914809e+00 -1.495973707096418366e+02
-7.807956818866927051e+00 -1.496518777727931138e+02
-7.779408530680939293e+00 -1.496903094140050143e+02
-7.750860242494951535e+00 -1.497136435744570804e+02
-7.722311954308963777e+00 -1.497049869613652504e+02
-7.693763666122976019e+00 -1.496803223318033247e+02
-7.665215377937002472e+00 -1.496338307793361366e+02
-7.636667089751014714e+00 -1.495854326382514614e+02
-7.608118801565026956e+00 -1.495426156542519038e+02
-7.579570513379053409e+00 -1.495176343351476760e+02
-7.551022225193051440e+00 -1.494831209151525400e+02
-7.522473937007063682e+00 -1.494762285307538718e+02
-7.493925648821090135e+00 -1.494983107791992438e+02
-7.465377360635102377e+00 -1.495480174509968094e+02
-7.436829072449114619e+00 -1.496183183182521930e+02
-7.408280784263141072e+00 -1.496836268511202377e+02
-7.379732496077153314e+00 -1.497420217327012892e+02
-7.351184207891151345e+00 -1.497875673844719984e+02
-7.322635919705177798e+00 -1.497932646272743966e+02
-7.294087631519190040e+00 -1.497758110579374033e+02
-7.265539343333202282e+00 -1.497302362850147972e+02
-7.236991055147228735e+00 -1.496750392601250610e+02
-7.208442766961240977e+00 -1.496192486417565135e+02
-7.179894478775253219e+00 -1.495773111537581599e+02
-7.151346190589265461e+00 -1.495568461404377842e+02
-7.122797902403277703e+00 -1.495566685337052775e+02
-7.094249614217289945e+00 -1.495330220133294006e+02
-7.065701326031316398e+00 -1.495513950738682922e+02
-7.037153037845328640e+00 -1.496033850648730663e+02
-7.008604749659340882e+00 -1.496645103081208958e+02
-6.980056461473367335e+00 -1.497236213448458386e+02
-6.951508173287365366e+00 -1.497559346140423600e+02
-6.922959885101377608e+00 -1.497595621739773151e+02
-6.894411596915404061e+00 -1.497349631855789198e+02
-6.865863308729416303e+00 -1.496767873723296702e+02
-6.837315020543428545e+00 -1.496010910719659819e+02
-6.808766732357454998e+00 -1.495161851207811310e+02
-6.780218444171467240e+00 -1.494400904248314248e+02
-6.751670155985465271e+00 -1.493784595982933467e+02
-6.723121867799491724e+00 -1.493534634976138591e+02
-6.694573579613503966e+00 -1.493552574681959868e+02
-6.666025291427516208e+00 -1.493153104224407741e+02
-6.637477003241542661e+00 -1.493112348375929344e+02
-6.608928715055554903e+00 -1.493210097891499686e+02
-6.580380426869567145e+00 -1.493448025351150648e+02
-6.551832138683579387e+00 -1.493529891605092814e+02
-6.523283850497591629e+00 -1.493524066487883317e+02
-6.494735562311603871e+00 -1.493111646761974214e+02
-6.466187274125630324e+00 -1.492419063832539052e+02
-6.437638985939642566e+00 -1.491508088993232377e+02
-6.409090697753654808e+00 -1.490614484463950475e+02
-6.380542409567667050e+00 -1.489808229117765563e+02
-6.351994121381679292e+00 -1.489208362540543646e+02
-6.323445833195691534e+00 -1.489144239957234959e+02
-6.294897545009717987e+00 -1.489499617670298335e+02
-6.266349256823730229e+00 -1.490276936401738226e+02
-6.237800968637742471e+00 -1.491216330037847229e+02
-6.209252680451754713e+00 -1.491637013775176115e+02
-6.180704392265766955e+00 -1.492698262584121380e+02
-6.152156104079779197e+00 -1.493537187290820896e+02
-6.123607815893805650e+00 -1.494071965178389121e+02
-6.095059527707817892e+00 -1.493993568578437419e+02
-6.066511239521830134e+00 -1.493248492453741960e+02
-6.037962951335856587e+00 -1.491646124494050980e+02
-6.009414663149854618e+00 -1.489373739758746922e+02
-5.980866374963866861e+00 -1.486841182982336704e+02
-5.952318086777893313e+00 -1.483984358070359235e+02
-5.923769798591905555e+00 -1.481227138106748669e+02
-5.895221510405917797e+00 -1.478791417499700742e+02
-5.866673222219944250e+00 -1.477027142162202153e+02
-5.838124934033956492e+00 -1.475673735788245438e+02
-5.809576645847954524e+00 -1.474986887294802784e+02
-5.781028357661980976e+00 -1.474146141107626704e+02
-5.752480069475993218e+00 -1.474174918883528278e+02
-5.723931781290005461e+00 -1.475023288925932547e+02
-5.695383493104031913e+00 -1.476616885630430147e+02
-5.666835204918044155e+00 -1.478896432271076264e+02
-5.638286916732056397e+00 -1.481781938263829375e+02
-5.609738628546068639e+00 -1.485197491174596394e+02
-5.581190340360080882e+00 -1.489062258282307596e+02
-5.552642052174093124e+00 -1.493291536259131362e+02
-5.524093763988119576e+00 -1.497795967409496711e+02
-5.495545475802131818e+00 -1.502481440877893135e+02
-5.466997187616144060e+00 -1.507245366777569302e+02
-5.438448899430170513e+00 -1.511984880700427425e+02
-5.409900611244168545e+00 -1.516574865623848609e+02
-5.381352323058180787e+00 -1.520892001586871629e+02
-5.352804034872207239e+00 -1.523805187067337101e+02
-5.324255746686219481e+00 -1.523564604399641382e+02
-5.295707458500231724e+00 -1.523885545489065976e+02
-5.267159170314258176e+00 -1.524143170190866954e+02
-5.238610882128270418e+00 -1.524287879084162114e+02
-5.210062593942268450e+00 -1.524317676889734230e+02
-5.181514305756294902e+00 -1.524249821944317773e+02
-5.152966017570307145e+00 -1.524120854935790987e+02
-5.124417729384319387e+00 -1.523975747274771209e+02
-5.095869441198345839e+00 -1.523859166312243190e+02
-5.067321153012358081e+00 -1.523804194063911268e+02
-5.038772864826370323e+00 -1.523833918063231181e+02
-5.010224576640382566e+00 -1.523932030389181591e+02
-4.981676288454394808e+00 -1.524073217192539857e+02
-4.953128000268407050e+00 -1.524212724562719927e+02
-4.924579712082433502e+00 -1.524290697829188446e+02
-4.896031423896445745e+00 -1.523902281042679761e+02
-4.867483135710457987e+00 -1.523424832870533692e+02
-4.838934847524484439e+00 -1.522840832055057945e+02
-4.810386559338482471e+00 -1.522119965127037062e+02
-4.781838271152494713e+00 -1.521284812807195692e+02
-4.753289982966521166e+00 -1.520370556503913235e+02
-4.724741694780533408e+00 -1.519426385599842320e+02
-4.696193406594545650e+00 -1.518504231329573599e+02
-4.667645118408572102e+00 -1.517647176875428556e+02
-4.639096830222584344e+00 -1.516881002856543716e+02
-4.610548542036582376e+00 -1.516217319610265122e+02
-4.582000253850608829e+00 -1.515631012502951478e+02
-4.553451965664621071e+00 -1.515090145233271528e+02
-4.524903677478633313e+00 -1.514546031029515234e+02
-4.496355389292659765e+00 -1.513945258370763156e+02
-4.467807101106672008e+00 -1.513159177429509725e+02
-4.439258812920684250e+00 -1.511999855050484882e+02
-4.410710524734696492e+00 -1.510853814168565918e+02
-4.382162236548708734e+00 -1.509644850653294839e+02
-4.353613948362720976e+00 -1.508389475990199173e+02
-4.325065660176747429e+00 -1.507124409004211429e+02
-4.296517371990759671e+00 -1.505893596567264296e+02
-4.267969083804771913e+00 -1.504734496232970002e+02
-4.239420795618784155e+00 -1.503675905500606120e+02
-4.210872507432796397e+00 -1.502730584923861556e+02
-4.182324219246808639e+00 -1.501893435725338293e+02
-4.153775931060835092e+00 -1.501141242972612417e+02
-4.125227642874847334e+00 -1.500438471574445600e+02
-4.096679354688859576e+00 -1.499740273867766689e+02
-4.068131066502871818e+00 -1.499002255888360082e+02
-4.039582778316884060e+00 -1.498188242781461383e+02
-4.011034490130910513e+00 -1.497074942882791220e+02
-3.982486201944922755e+00 -1.495911254072817940e+02
-3.953937913758934997e+00 -1.494733077405549011e+02
-3.925389625572947239e+00 -1.493541854505587878e+02
-3.896841337386973692e+00 -1.492371304516785244e+02
-3.868293049200971723e+00 -1.491252885733032088e+02
-3.839744761014998176e+00 -1.490214781979210557e+02
-3.811196472829010418e+00 -1.489275405256937006e+02
-3.782648184643022660e+00 -1.488439807063530793e+02
-3.754099896457034902e+00 -1.487697904819490304e+02
-3.725551608271061355e+00 -1.487026065649078248e+02
-3.697003320085073597e+00 -1.486390378979460536e+02
-3.668455031899085839e+00 -1.485752352000202450e+02
-3.639906743713098081e+00 -1.485075507839608235e+02
-3.611358455527110323e+00 -1.484331902179421832e+02
-3.582810167341136776e+00 -1.483470488204688991e+02
-3.554261879155149018e+00 -1.482396225919615631e+02
-3.525713590969161260e+00 -1.481350360325322697e+02
-3.497165302783173502e+00 -1.480309628536462867e+02
-3.468617014597185744e+00 -1.479295757047056554e+02
-3.440068726411197986e+00 -1.478336682791361341e+02
-3.411520438225224439e+00 -1.477454057427103464e+02
-3.382972150039236681e+00 -1.476660552736578325e+02
-3.354423861853248923e+00 -1.475956882253023537e+02
-3.325875573667261165e+00 -1.475331129978291358e+02
-3.297327285481287618e+00 -1.474760159838647269e+02
-3.268778997295285649e+00 -1.474213177270707433e+02
-3.240230709109312102e+00 -1.473656738807215447e+02
-3.211682420923324344e+00 -1.473060590464610016e+02
-3.183134132737336586e+00 -1.472402937974716508e+02
-3.154585844551363039e+00 -1.471674475613837956e+02
-3.126037556365375281e+00 -1.470778153758075746e+02
-3.097489268179387523e+00 -1.469856077115334188e+02
-3.068940979993399765e+00 -1.468951611253763190e+02
-3.040392691807412007e+00 -1.468079238680043090e+02
-3.011844403621424249e+00 -1.467261987517151738e+02
-2.983296115435450702e+00 -1.466517271452215994e+02
-2.954747827249462944e+00 -1.465853825918598830e+02
-2.926199539063475186e+00 -1.465269631796301439e+02
-2.897651250877487428e+00 -1.464751646302021300e+02
-2.869102962691499670e+00 -1.464277497585882770e+02
-2.840554674505511912e+00 -1.463818910352572118e+02
-2.812006386319538365e+00 -1.463346357414473857e+02
-2.783458098133550607e+00 -1.462834138876168026e+02
-2.754909809947562849e+00 -1.462264973448989167e+02
-2.726361521761589302e+00 -1.461633105678209290e+02
-2.697813233575601544e+00 -1.460929809550513312e+02
-2.669264945389599575e+00 -1.460112061232144072e+02
-2.640716657203626028e+00 -1.459333034530286568e+02
-2.612168369017638270e+00 -1.458590416861121923e+02
-2.583620080831650512e+00 -1.457902608177751063e+02
-2.555071792645676965e+00 -1.457283957063809225e+02
-2.526523504459689207e+00 -1.456740345975814535e+02
-2.497975216273701449e+00 -1.456267801950418175e+02
-2.469426928087713691e+00 -1.455852583781220062e+02
-2.440878639901725933e+00 -1.455472996542271460e+02
-2.412330351715738175e+00 -1.455102750657905517e+02
-2.383782063529764628e+00 -1.454715289044134181e+02
-2.355233775343776870e+00 -1.454288369637443452e+02
-2.326685487157789112e+00 -1.453808031946689141e+02
-2.298137198971801354e+00 -1.453271082251646931e+02
-2.269588910785813596e+00 -1.452685564523740993e+02
-2.241040622599825838e+00 -1.452017677265910152e+02
-2.212492334413852291e+00 -1.451352586070896393e+02
-2.183944046227864533e+00 -1.450728840863350797e+02
-2.155395758041876775e+00 -1.450159804168887376e+02
-2.126847469855889017e+00 -1.449657045321893918e+02
-2.098299181669901259e+00 -1.449224306514818750e+02
-2.069750893483913501e+00 -1.448856198480249873e+02
-2.041202605297939954e+00 -1.448538487343994916e+02
-2.012654317111952196e+00 -1.448250051969690446e+02
-1.984106028925964438e+00 -1.447966155396573527e+02
-1.955557740739990891e+00 -1.447662542310933702e+02
-1.927009452553988922e+00 -1.447319635028533185e+02
-1.898461164368001164e+00 -1.446926017615681701e+02
-1.869912876182027617e+00 -1.446480472685867653e+02
-1.841364587996039859e+00 -1.445992107148272225e+02
-1.812816299810052101e+00 -1.445473040846893582e+02
-1.784268011624078554e+00 -1.444908113444625428e+02
-1.755719723438090796e+00 -1.444394705789573834e+02
-1.727171435252088827e+00 -1.443935954515385447e+02
-1.698623147066115280e+00 -1.443540993894803819e+02
-1.670074858880127522e+00 -1.443212148943212867e+02
-1.641526570694139764e+00 -1.442942912664607036e+02
-1.612978282508166217e+00 -1.442718670264829370e+02
-1.584429994322178459e+00 -1.442518728105450521e+02
-1.555881706136190701e+00 -1.442319552093547088e+02
-1.527333417950202943e+00 -1.442098677356524945e+02
-1.498785129764215185e+00 -1.441838611009885085e+02
-1.470236841578227427e+00 -1.441529950673082396e+02
-1.441688553392253880e+00 -1.441173060741802203e+02
-1.413140265206266122e+00 -1.440777933620241527e+02
-1.384591977020278364e+00 -1.440362272053681352e+02
-1.356043688834304817e+00 -1.439923330916705027e+02
-1.327495400648302848e+00 -1.439512395291146731e+02
-1.298947112462315090e+00 -1.439158469817240587e+02
-1.270398824276341543e+00 -1.438866919121765022e+02
-1.241850536090353785e+00 -1.438637798000726491e+02
-1.213302247904366027e+00 -1.438464316518965234e+02
-1.184753959718392480e+00 -1.438331463404563522e+02
-1.156205671532404722e+00 -1.438218785060756773e+02
-1.127657383346402753e+00 -1.438103599149079628e+02
-1.099109095160429206e+00 -1.437964778785607791e+02
-1.070560806974441448e+00 -1.437786425655761775e+02
-1.042012518788453690e+00 -1.437560703496902477e+02
-1.013464230602480143e+00 -1.437289227092074384e+02
-9.849159424164923848e-01 -1.436982697367589594e+02
-9.563676542305046269e-01 -1.436658869427330387e+02
-9.278193660445168689e-01 -1.436338203458891485e+02
-8.992710778585291109e-01 -1.436019421522218238e+02
-8.707227896725413530e-01 -1.435760987561787942e+02
-8.421745014865678058e-01 -1.435565470484007733e+02
-8.136262133005800479e-01 -1.435419256555585719e+02
-7.850779251145922899e-01 -1.435317311445891164e+02
-7.565296369286187428e-01 -1.435240036729013582e+02
-7.279813487426167740e-01 -1.435161307204070624e+02
-6.994330605566290160e-01 -1.435051364133184393e+02
-6.708847723706554689e-01 -1.434880252246536259e+02
-6.423364841846677109e-01 -1.434621183953504442e+02
-6.137881959986799529e-01 -1.434253175192000072e+02
-5.852399078127064058e-01 -1.433762438579713887e+02
-5.566916196267186479e-01 -1.433142295959487171e+02
-5.281433314407166790e-01 -1.432391777096346743e+02
-4.995950432547431319e-01 -1.431513422377176425e+02
-4.710467550687553739e-01 -1.430501045372364786e+02
-4.424984668827676160e-01 -1.429369348704984759e+02
-4.139501786967940689e-01 -1.428126968966880099e+02
-3.854018905108063109e-01 -1.426768917743837903e+02
-3.568536023248043421e-01 -1.425293923823015234e+02
-3.283053141388307949e-01 -1.423712388789449506e+02
-2.997570259528430370e-01 -1.422039342958055670e+02
-2.712087377668552790e-01 -1.420299433437673144e+02
-2.426604495808817319e-01 -1.418527358731357140e+02
-2.141121613948939739e-01 -1.416766774683019037e+02
-1.855638732088920051e-01 -1.415067856151093224e+02
-1.570155850229184580e-01 -1.413483987510755071e+02
-1.284672968369307000e-01 -1.412068156589581349e+02
-9.991900865094294204e-02 -1.410869562062311502e+02
-7.137072046496939492e-02 -1.409930772482793486e+02
-4.282243227898163695e-02 -1.409285583481047581e+02
-1.427414409299387898e-02 -1.408951386981758560e+02
1.427414409299387898e-02 -1.408951386981758844e+02
4.282243227898163695e-02 -1.409285583481046729e+02
7.137072046496939492e-02 -1.409930772482790644e+02
9.991900865094294204e-02 -1.410869562062321165e+02
1.284672968369307000e-01 -1.412068156589578223e+02
1.570155850229184580e-01 -1.413483987510758197e+02
1.855638732088920051e-01 -1.415067856151086971e+02
2.141121613948939739e-01 -1.416766774683019037e+02
2.426604495808817319e-01 -1.418527358731352592e+02
2.712087377668552790e-01 -1.420299433437668881e+02
2.997570259528430370e-01 -1.422039342958056238e+02
3.283053141388307949e-01 -1.423712388789452916e+02
3.568536023248043421e-01 -1.425293923823018076e+02
3.854018905107921000e-01 -1.426768917743837051e+02
4.139501786967940689e-01 -1.428126968966877826e+02
4.424984668827676160e-01 -1.429369348704980496e+02
4.710467550687553739e-01 -1.430501045372360522e+02
4.995950432547431319e-01 -1.431513422377170173e+02
5.281433314407166790e-01 -1.432391777096350154e+02
5.566916196267044370e-01 -1.433142295959482055e+02
5.852399078126921950e-01 -1.433762438579726677e+02
6.137881959986799529e-01 -1.434253175191989556e+02
6.423364841846677109e-01 -1.434621183953488526e+02
6.708847723706554689e-01 -1.434880252246524321e+02
6.994330605566290160e-01 -1.435051364133193488e+02
7.279813487426167740e-01 -1.435161307204068351e+02
7.565296369286045319e-01 -1.435240036728999371e+02
7.850779251145780790e-01 -1.435317311445875248e+02
8.136262133005800479e-01 -1.435419256555585434e+02
8.421745014865678058e-01 -1.435565470483990964e+02
8.707227896725413530e-01 -1.435760987561787090e+02
8.992710778585291109e-01 -1.436019421522214827e+02
9.278193660445168689e-01 -1.436338203458893190e+02
9.563676542304904160e-01 -1.436658869427315892e+02
9.849159424164781740e-01 -1.436982697367583626e+02
1.013464230602480143e+00 -1.437289227092087174e+02
1.042012518788453690e+00 -1.437560703496902761e+02
1.070560806974441448e+00 -1.437786425655767744e+02
1.099109095160429206e+00 -1.437964778785619444e+02
1.127657383346402753e+00 -1.438103599149076501e+02
1.156205671532390511e+00 -1.438218785060763878e+02
1.184753959718378269e+00 -1.438331463404557837e+02
1.213302247904366027e+00 -1.438464316518969781e+02
1.241850536090353785e+00 -1.438637798000726775e+02
1.270398824276341543e+00 -1.438866919121764738e+02
1.298947112462315090e+00 -1.439158469817240587e+02
1.327495400648302848e+00 -1.439512395291142184e+02
1.356043688834304817e+00 -1.439923330916707584e+02
1.384591977020264153e+00 -1.440362272053673962e+02
1.413140265206266122e+00 -1.440777933620244085e+02
1.441688553392253880e+00 -1.441173060741795666e+02
1.470236841578227427e+00 -1.441529950673081828e+02
1.498785129764215185e+00 -1.441838611009884801e+02
1.527333417950202943e+00 -1.442098677356529492e+02
1.555881706136190701e+00 -1.442319552093552772e+02
1.584429994322164248e+00 -1.442518728105458479e+02
1.612978282508166217e+00 -1.442718670264823686e+02
1.641526570694139764e+00 -1.442942912664609878e+02
1.670074858880127522e+00 -1.443212148943207467e+02
1.698623147066115280e+00 -1.443540993894803250e+02
1.727171435252088827e+00 -1.443935954515387721e+02
1.755719723438090796e+00 -1.444394705789576108e+02
1.784268011624064343e+00 -1.444908113444616902e+02
1.812816299810052101e+00 -1.445473040846890171e+02
1.841364587996039859e+00 -1.445992107148269383e+02
1.869912876182027617e+00 -1.446480472685877601e+02
1.898461164368001164e+00 -1.446926017615681133e+02
1.927009452553988922e+00 -1.447319635028530342e+02
1.955557740739976680e+00 -1.447662542310932281e+02
1.984106028925964438e+00 -1.447966155396560168e+02
2.012654317111952196e+00 -1.448250051969697267e+02
2.041202605297939954e+00 -1.448538487343981558e+02
2.069750893483913501e+00 -1.448856198480250441e+02
2.098299181669901259e+00 -1.449224306514821023e+02
2.126847469855889017e+00 -1.449657045321896192e+02
2.155395758041876775e+00 -1.450159804168893345e+02
2.183944046227864533e+00 -1.450728840863341134e+02
2.212492334413852291e+00 -1.451352586070907762e+02
2.241040622599825838e+00 -1.452017677265914699e+02
2.269588910785813596e+00 -1.452685564523746393e+02
2.298137198971801354e+00 -1.453271082251638120e+02
2.326685487157774901e+00 -1.453808031946678625e+02
2.355233775343776870e+00 -1.454288369637438052e+02
2.383782063529750417e+00 -1.454715289044117128e+02
2.412330351715738175e+00 -1.455102750657902675e+02
2.440878639901725933e+00 -1.455472996542279134e+02
2.469426928087713691e+00 -1.455852583781220346e+02
2.497975216273687238e+00 -1.456267801950400553e+02
2.526523504459674996e+00 -1.456740345975813113e+02
2.555071792645662754e+00 -1.457283957063805246e+02
2.583620080831650512e+00 -1.457902608177754757e+02
2.612168369017638270e+00 -1.458590416861118797e+02
2.640716657203626028e+00 -1.459333034530291684e+02
2.669264945389599575e+00 -1.460112061232141230e+02
2.697813233575587333e+00 -1.460929809550517007e+02
2.726361521761575091e+00 -1.461633105678208437e+02
2.754909809947562849e+00 -1.462264973449003378e+02
2.783458098133550607e+00 -1.462834138876171153e+02
2.812006386319524154e+00 -1.463346357414484942e+02
2.840554674505511912e+00 -1.463818910352568992e+02
2.869102962691499670e+00 -1.464277497585883054e+02
2.897651250877487428e+00 -1.464751646302044037e+02
2.926199539063460975e+00 -1.465269631796296324e+02
2.954747827249462944e+00 -1.465853825918595419e+02
2.983296115435436491e+00 -1.466517271452210878e+02
3.011844403621424249e+00 -1.467261987517150317e+02
3.040392691807412007e+00 -1.468079238680037122e+02
3.068940979993399765e+00 -1.468951611253768874e+02
3.097489268179373312e+00 -1.469856077115332766e+02
3.126037556365361070e+00 -1.470778153758072335e+02
3.154585844551348828e+00 -1.471674475613835114e+02
3.183134132737336586e+00 -1.472402937974713666e+02
3.211682420923324344e+00 -1.473060590464606889e+02
3.240230709109297891e+00 -1.473656738807216584e+02
3.268778997295285649e+00 -1.474213177270721360e+02
3.297327285481287618e+00 -1.474760159838653522e+02
3.325875573667261165e+00 -1.475331129978294484e+02
3.354423861853248923e+00 -1.475956882253030358e+02
3.382972150039236681e+00 -1.476660552736586283e+02
3.411520438225210228e+00 -1.477454057427113696e+02
3.440068726411197986e+00 -1.478336682791362762e+02
3.468617014597185744e+00 -1.479295757047080997e+02
3.497165302783173502e+00 -1.480309628536464288e+02
3.525713590969147049e+00 -1.481350360325328950e+02
3.554261879155149018e+00 -1.482396225919632684e+02
3.582810167341122565e+00 -1.483470488204692970e+02
3.611358455527110323e+00 -1.484331902179424105e+02
3.639906743713098081e+00 -1.485075507839611646e+02
3.668455031899071628e+00 -1.485752352000191365e+02
3.697003320085073597e+00 -1.486390378979470199e+02
3.725551608271047144e+00 -1.487026065649082511e+02
3.754099896457034902e+00 -1.487697904819493715e+02
3.782648184643022660e+00 -1.488439807063527098e+02
3.811196472829010418e+00 -1.489275405256940132e+02
3.839744761014983965e+00 -1.490214781979210272e+02
3.868293049200971723e+00 -1.491252885733033509e+02
3.896841337386973692e+00 -1.492371304516784676e+02
3.925389625572947239e+00 -1.493541854505581341e+02
3.953937913758934997e+00 -1.494733077405547874e+02
3.982486201944922755e+00 -1.495911254072820213e+02
4.011034490130896302e+00 -1.497074942882790083e+02
4.039582778316884060e+00 -1.498188242781468489e+02
4.068131066502871818e+00 -1.499002255888375998e+02
4.096679354688859576e+00 -1.499740273867768678e+02
4.125227642874847334e+00 -1.500438471574450432e+02
4.153775931060835092e+00 -1.501141242972626912e+02
4.182324219246808639e+00 -1.501893435725347672e+02
4.210872507432796397e+00 -1.502730584923869799e+02
4.239420795618784155e+00 -1.503675905500596741e+02
4.267969083804757702e+00 -1.504734496232971992e+02
4.296517371990759671e+00 -1.505893596567269128e+02
4.325065660176747429e+00 -1.507124409004213419e+02
4.353613948362720976e+00 -1.508389475990207700e+02
4.382162236548708734e+00 -1.509644850653303934e+02
4.410710524734696492e+00 -1.510853814168571319e+02
4.439258812920670039e+00 -1.511999855050488293e+02
4.467807101106657797e+00 -1.513159177429513704e+02
4.496355389292659765e+00 -1.513945258370773672e+02
4.524903677478633313e+00 -1.514546031029521771e+02
4.553451965664621071e+00 -1.515090145233275223e+02
4.582000253850608829e+00 -1.515631012502955173e+02
4.610548542036582376e+00 -1.516217319610268248e+02
4.639096830222570134e+00 -1.516881002856563327e+02
4.667645118408557892e+00 -1.517647176875416335e+02
4.696193406594545650e+00 -1.518504231329573599e+02
4.724741694780533408e+00 -1.519426385599833793e+02
4.753289982966521166e+00 -1.520370556503907835e+02
4.781838271152494713e+00 -1.521284812807193703e+02
4.810386559338482471e+00 -1.522119965127029673e+02
4.838934847524470229e+00 -1.522840832055046008e+02
4.867483135710443776e+00 -1.523424832870521186e+02
4.896031423896445745e+00 -1.523902281042674929e+02
4.924579712082433502e+00 -1.524290697829190435e+02
4.953128000268407050e+00 -1.524212724562722769e+02
4.981676288454394808e+00 -1.524073217192547816e+02
5.010224576640382566e+00 -1.523932030389173349e+02
5.038772864826356113e+00 -1.523833918063230328e+02
5.067321153012343871e+00 -1.523804194063911837e+02
5.095869441198345839e+00 -1.523859166312250863e+02
5.124417729384319387e+00 -1.523975747274773198e+02
5.152966017570307145e+00 -1.524120854935803777e+02
5.181514305756294902e+00 -1.524249821944313226e+02
5.210062593942268450e+00 -1.524317676889733946e+02
5.238610882128270418e+00 -1.524287879084150745e+02
5.267159170314243966e+00 -1.524143170190865817e+02
5.295707458500231724e+00 -1.523885545489067113e+02
5.324255746686219481e+00 -1.523564604399638824e+02
5.352804034872207239e+00 -1.523805187067337101e+02
5.381352323058180787e+00 -1.520892001586863387e+02
5.409900611244168545e+00 -1.516574865623840935e+02
5.438448899430170513e+00 -1.511984880700406961e+02
5.466997187616129850e+00 -1.507245366777562481e+02
5.495545475802131818e+00 -1.502481440877871250e+02
5.524093763988119576e+00 -1.497795967409478521e+02
5.552642052174093124e+00 -1.493291536259118288e+02
5.581190340360080882e+00 -1.489062258282293953e+02
5.609738628546068639e+00 -1.485197491174589288e+02
5.638286916732056397e+00 -1.481781938263814880e+02
5.666835204918029945e+00 -1.478896432271055801e+02
5.695383493104031913e+00 -1.476616885630408547e+02
5.723931781290005461e+00 -1.475023288925917484e+02
5.752480069475993218e+00 -1.474174918883527141e+02
5.781028357661980976e+00 -1.474146141107604819e+02
5.809576645847954524e+00 -1.474986887294785731e+02
5.838124934033956492e+00 -1.475673735788232364e+02
5.866673222219930040e+00 -1.477027142162191922e+02
5.895221510405917797e+00 -1.478791417499687952e+02
5.923769798591905555e+00 -1.481227138106737300e+02
5.952318086777893313e+00 -1.483984358070346445e+02
5.980866374963866861e+00 -1.486841182982319083e+02
6.009414663149854618e+00 -1.489373739758727027e+02
6.037962951335856587e+00 -1.491646124494033927e+02
6.066511239521830134e+00 -1.493248492453717802e+02
6.095059527707817892e+00 -1.493993568578418092e+02
6.123607815893805650e+00 -1.494071965178369226e+02
6.152156104079779197e+00 -1.493537187290807253e+02
6.180704392265766955e+00 -1.492698262584100917e+02
6.209252680451754713e+00 -1.491637013775169294e+02
6.237800968637742471e+00 -1.491216330037829607e+02
6.266349256823730229e+00 -1.490276936401726573e+02
6.294897545009717987e+00 -1.489499617670292650e+02
6.323445833195691534e+00 -1.489144239957221032e+02
6.351994121381679292e+00 -1.489208362540531994e+02
6.380542409567667050e+00 -1.489808229117753626e+02
6.409090697753640598e+00 -1.490614484463935980e+02
6.437638985939642566e+00 -1.491508088993232377e+02
6.466187274125630324e+00 -1.492419063832532800e+02
6.494735562311603871e+00 -1.493111646761970519e+02
6.523283850497591629e+00 -1.493524066487882180e+02
6.551832138683579387e+00 -1.493529891605097077e+02
6.580380426869552934e+00 -1.493448025351145816e+02
6.608928715055540692e+00 -1.493210097891496844e+02
6.637477003241542661e+00 -1.493112348375929059e+02
6.666025291427516208e+00 -1.493153104224408025e+02
6.694573579613503966e+00 -1.493552574681958163e+02
6.723121867799491724e+00 -1.493534634976134896e+02
6.751670155985465271e+00 -1.493784595982928636e+02
6.780218444171453029e+00 -1.494400904248310553e+02
6.808766732357440787e+00 -1.495161851207797667e+02
6.837315020543428545e+00 -1.496010910719655271e+02
6.865863308729416303e+00 -1.496767873723306366e+02
6.894411596915404061e+00 -1.497349631855788061e+02
6.922959885101377608e+00 -1.497595621739779688e+02
6.951508173287365366e+00 -1.497559346140423884e+02
6.980056461473353124e+00 -1.497236213448457249e+02
7.008604749659326671e+00 -1.496645103081215495e+02
7.037153037845328640e+00 -1.496033850648729526e+02
7.065701326031316398e+00 -1.495513950738676954e+02
7.094249614217289945e+00 -1.495330220133297985e+02
7.122797902403277703e+00 -1.495566685337048511e+02
7.151346190589265461e+00 -1.495568461404378979e+02
7.179894478775253219e+00 -1.495773111537582167e+02
7.208442766961226766e+00 -1.496192486417571104e+02
7.236991055147228735e+00 -1.496750392601256010e+02
7.265539343333202282e+00 -1.497302362850144846e+02
7.294087631519190040e+00 -1.497758110579377160e+02
7.322635919705177798e+00 -1.497932646272745671e+02
7.351184207891151345e+00 -1.497875673844721973e+02
7.379732496077153314e+00 -1.497420217327012608e+02
7.408280784263126861e+00 -1.496836268511207209e+02
7.436829072449114619e+00 -1.496183183182518519e+02
7.465377360635102377e+00 -1.495480174509964684e+02
7.493925648821090135e+00 -1.494983107791989312e+02
7.522473937007063682e+00 -1.494762285307540992e+02
7.551022225193051440e+00 -1.494831209151520000e+02
7.579570513379053409e+00 -1.495176343351482728e+02
7.608118801565012745e+00 -1.495426156542524154e+02
7.636667089751014714e+00 -1.495854326382512340e+02
7.665215377937002472e+00 -1.496338307793359093e+02
7.693763666122976019e+00 -1.496803223318042626e+02
7.722311954308963777e+00 -1.497049869613651083e+02
7.750860242494951535e+00 -1.497136435744583594e+02
7.779408530680939293e+00 -1.496903094140056396e+02
7.807956818866912840e+00 -1.496518777727929432e+02
7.836505107052914809e+00 -1.495973707096416945e+02
7.865053395238888356e+00 -1.495313408098604100e+02
7.893601683424876114e+00 -1.494833557374619772e+02
7.922149971610863872e+00 -1.494516464274241798e+02
7.950698259796837419e+00 -1.494443357243093544e+02
7.979246547982839388e+00 -1.494617219299528017e+02
8.007794836168827146e+00 -1.495071057235910530e+02
8.036343124354800693e+00 -1.495584704006861614e+02
8.064891412540788451e+00 -1.496123380930309281e+02
8.093439700726776209e+00 -1.496692540904489874e+02
8.121987988912749756e+00 -1.497079415218672409e+02
8.150536277098737514e+00 -1.497390319789943476e+02
8.179084565284739483e+00 -1.497415867272561627e+02
8.207632853470713030e+00 -1.497290800481817428e+02
8.236181141656700788e+00 -1.496992936654029904e+02
8.264729429842688546e+00 -1.496600374756011718e+02
8.293277718028662093e+00 -1.496151680857113604e+02
8.321826006214649851e+00 -1.495894811980778911e+02
8.350374294400637609e+00 -1.495801396448888738e+02
8.378922582586625367e+00 -1.495959563467366706e+02
8.407470870772613125e+00 -1.496357895331499606e+02
8.436019158958600883e+00 -1.496946378650288239e+02
8.464567447144574430e+00 -1.497700900079112500e+02
8.493115735330562188e+00 -1.498410097119685247e+02
8.521664023516549946e+00 -1.499045421036238679e+02
8.550212311702523493e+00 -1.499605634617381611e+02
8.578760599888525462e+00 -1.499909740294732217e+02
8.607308888074513220e+00 -1.500023490668855857e+02
8.635857176260486767e+00 -1.499992264156295221e+02
8.664405464446474525e+00 -1.499828146021426676e+02
8.692953752632462283e+00 -1.499570139292767976e+02
8.721502040818435830e+00 -1.499409555214629677e+02
8.750050329004423588e+00 -1.499369084042756981e+02
8.778598617190411346e+00 -1.499554145248458212e+02
8.807146905376399104e+00 -1.499968131521642931e+02
8.835695193562386862e+00 -1.500607534383995869e+02
8.864243481748374620e+00 -1.501437314477535949e+02
8.892791769934348167e+00 -1.502343679586446683e+02
8.921340058120335925e+00 -1.503216720028235613e+02
8.949888346306323683e+00 -1.504024414283982196e+02
8.978436634492311441e+00 -1.504680868291382296e+02
9.006984922678299199e+00 -1.505048780273290845e+02
9.035533210864286957e+00 -1.505263829946075020e+02
9.064081499050260504e+00 -1.505268758813302270e+02
9.092629787236248262e+00 -1.505248557087213044e+02
9.121178075422236020e+00 -1.505215229576197373e+02
9.149726363608209567e+00 -1.505252172728402797e+02
9.178274651794211536e+00 -1.505467173593788459e+02
9.206822939980185083e+00 -1.505941202744342036e+02
9.235371228166172841e+00 -1.506633324275110795e+02
9.263919516352160599e+00 -1.507562469460909824e+02
9.292467804538148357e+00 -1.508547274792669839e+02
9.321016092724136115e+00 -1.509647517508509509e+02
9.349564380910109662e+00 -1.510692798190527810e+02
9.378112669096097420e+00 -1.511618786752931669e+02
9.406660957282085178e+00 -1.512253054697219454e+02
9.435209245468072936e+00 -1.512748642345030419e+02
9.463757533654060694e+00 -1.512953700031579558e+02
9.492305821840034241e+00 -1.513073434147984244e+02
9.520854110026036210e+00 -1.513093388941841795e+02
9.549402398212009757e+00 -1.513194939378889217e+02
9.577950686397997515e+00 -1.513412207987052511e+02
9.606498974583985273e+00 -1.513872788373267042e+02
9.635047262769958820e+00 -1.514581255603276020e+02
9.663595550955946578e+00 -1.515548716979182586e+02
9.692143839141934336e+00 -1.516728636858724713e+02
9.720692127327922094e+00 -1.517912202357857723e+02
9.749240415513895641e+00 -1.519221820771121827e+02
9.777788703699897610e+00 -1.520260732555245227e+02
9.806336991885871157e+00 -1.521221230986344892e+02
9.834885280071858915e+00 -1.521929524936244889e+02
9.863433568257846673e+00 -1.522296849678675983e+02
9.891981856443834431e+00 -1.522474486389529886e+02
9.920530144629822189e+00 -1.522569189477777911e+02
9.949078432815809947e+00 -1.522619399921919694e+02
9.977626721001783494e+00 -1.522786541544067802e+02
1.000617500918777125e+01 -1.523051784939962374e+02
1.003472329737375901e+01 -1.523680270842200741e+02
1.006327158555973256e+01 -1.524583091331847129e+02
1.009181987374572032e+01 -1.525751098380752637e+02
1.012036816193172228e+01 -1.526965254060773134e+02
1.014891645011769583e+01 -1.528372931349109649e+02
1.017746473830368359e+01 -1.529597011788458190e+02
1.020601302648967135e+01 -1.530761668133571334e+02
1.023456131467564489e+01 -1.531481829789507003e+02
1.026310960286163265e+01 -1.531999830093763535e+02
1.029165789104762041e+01 -1.532139734882234450e+02
1.032020617923360817e+01 -1.532099904458688115e+02
1.034875446741959593e+01 -1.531997568759138630e+02
1.037730275560558368e+01 -1.531924674211518038e+02
1.040585104379155723e+01 -1.531932568875906497e+02
1.043439933197754499e+01 -1.532291720683963945e+02
1.046294762016353275e+01 -1.532953028513040579e+02
1.049149590834950629e+01 -1.533894489906179217e+02
1.052004419653550826e+01 -1.534932152437276613e+02
1.054859248472149602e+01 -1.536208845596536889e+02
1.057714077290746957e+01 -1.537358634184846267e+02
1.060568906109345733e+01 -1.538459524574966792e+02
1.063423734927944508e+01 -1.539253313826944805e+02
1.066278563746541863e+01 -1.539692465610364707e+02
1.069133392565140639e+01 -1.539733304038905999e+02
1.071988221383740836e+01 -1.539401980323659700e+02
1.074843050202338191e+01 -1.538965948258684477e+02
1.077697879020936966e+01 -1.538533335431344824e+02
1.080552707839535742e+01 -1.538221570364536035e+02
1.083407536658133097e+01 -1.538016197585461384e+02
1.086262365476731873e+01 -1.538200465960310339e+02
1.089117194295330648e+01 -1.538556919067675608e+02
1.091972023113929424e+01 -1.539275594419587208e+02
1.094826851932528200e+01 -1.540047596853323171e+02
1.097681680751126976e+01 -1.540944351622684962e+02
1.100536509569724331e+01 -1.541727811325665130e+02
1.103391338388323106e+01 -1.542222793887035266e+02
1.106246167206921882e+01 -1.542472197510287799e+02
1.109100996025519237e+01 -1.542329610032541041e+02
1.111955824844119434e+01 -1.541890624793052780e+02
1.114810653662718209e+01 -1.541128702868671212e+02
1.117665482481315564e+01 -1.540298061154690004e+02
1.120520311299914340e+01 -1.539514722489292637e+02
1.123375140118513116e+01 -1.538828884912563524e+02
1.126229968937111892e+01 -1.538462493859019276e+02
1.129084797755709246e+01 -1.538282544589196164e+02
1.131939626574309443e+01 -1.538426831165369606e+02
1.134794455392906798e+01 -1.538688261359941691e+02
1.137649284211505574e+01 -1.539130724746092937e+02
1.140504113030104349e+01 -1.539453010881270529e+02
1.143358941848701704e+01 -1.539672670994649479e+02
1.146213770667301901e+01 -1.539590194230439124e+02
1.149068599485899256e+01 -1.539276293872565304e+02
1.151923428304498032e+01 -1.538662634857471403e+02
1.154778257123096807e+01 -1.537837080084178751e+02
1.157633085941695583e+01 -1.536939321533408815e+02
1.160487914760292938e+01 -1.535824380592030423e+02
1.163342743578891714e+01 -1.534884932518335461e+02
1.166197572397491911e+01 -1.534082876284465158e+02
1.169052401216087844e+01 -1.533556324523834462e+02
1.171907230034688041e+01 -1.533321803952383959e+02
1.174762058853286817e+01 -1.533194825847307072e+02
1.177616887671884172e+01 -1.533162072090714787e+02
1.180471716490482947e+01 -1.533240334303617942e+02
1.183326545309081723e+01 -1.533166170646422302e+02
1.186181374127680499e+01 -1.533001766915548956e+02
1.189036202946279275e+01 -1.532587493789712880e+02
1.191891031764878051e+01 -1.531984655796329662e+02
1.194745860583475405e+01 -1.531160353128547627e+02
1.197600689402074181e+01 -1.530244999962868633e+02
1.200455518220672957e+01 -1.529294449595130061e+02
1.203310347039270312e+01 -1.528326702098287910e+02
1.206165175857870508e+01 -1.527405914640312403e+02
1.209020004676469284e+01 -1.526771097869903144e+02
1.211874833495066639e+01 -1.526242430836124981e+02
1.214729662313665415e+01 -1.525888077446019508e+02
1.217584491132264191e+01 -1.525747178846297345e+02
1.220439319950861545e+01 -1.525611773902172956e+02
1.223294148769460321e+01 -1.525515976125641089e+02
1.226148977588060518e+01 -1.525266993304100538e+02
1.229003806406657873e+01 -1.524903833567819618e+02
1.231858635225256648e+01 -1.524463864420461334e+02
1.234713464043855424e+01 -1.523801803231339136e+02
1.237568292862452779e+01 -1.523000405027998170e+02
1.240423121681051555e+01 -1.522155240728572210e+02
1.243277950499650331e+01 -1.521312708843248913e+02
1.246132779318249106e+01 -1.520667220684305221e+02
1.248987608136847882e+01 -1.519934597809770764e+02
1.251842436955446658e+01 -1.519369512369445658e+02
1.254697265774044013e+01 -1.519019996150995837e+02
1.257552094592642788e+01 -1.518743792897185472e+02
1.260406923411241564e+01 -1.518619369371432128e+02
1.263261752229838919e+01 -1.518513735686253199e+02
1.266116581048439116e+01 -1.518375849859050390e+02
1.268971409867037892e+01 -1.518146663365635050e+02
1.271826238685635246e+01 -1.517871019538687847e+02
1.274681067504234022e+01 -1.517412961210371520e+02
1.277535896322832798e+01 -1.516828747042213763e+02
1.280390725141430153e+01 -1.516173650841996619e+02
1.283245553960028928e+01 -1.515565625821747631e+02
1.286100382778629125e+01 -1.514916955090534145e+02
1.288955211597226480e+01 -1.514407244359936158e+02
1.291810040415825256e+01 -1.513941158387090127e+02
1.294664869234424032e+01 -1.513622289888779733e+02
1.297519698053021386e+01 -1.513377911912573950e+02
1.300374526871620162e+01 -1.513285292155518107e+02
1.303229355690218938e+01 -1.513236205034097566e+02
1.306084184508817714e+01 -1.513204946332172369e+02
1.308939013327416490e+01 -1.513185549995223482e+02
1.311793842146015265e+01 -1.513041372940045619e+02
1.314648670964612620e+01 -1.512796062281638569e+02
1.317503499783211396e+01 -1.512450931449365328e+02
1.320358328601811593e+01 -1.512056201870537677e+02
1.323213157420407526e+01 -1.511579312028369486e+02
1.326067986239007723e+01 -1.511153677699799118e+02
1.328922815057606499e+01 -1.510720569332680725e+02
1.331777643876203854e+01 -1.510393552725693098e+02
1.334632472694802630e+01 -1.510166000181907293e+02
1.337487301513401405e+01 -1.510032100824882946e+02
1.340342130332000181e+01 -1.510009656062497072e+02
1.343196959150597536e+01 -1.510048085891264975e+02
1.346051787969197733e+01 -1.510164217908110800e+02
1.348906616787795087e+01 -1.510246521272076734e+02
1.351761445606393863e+01 -1.510293646104295533e+02
1.354616274424992639e+01 -1.510262037154319046e+02
1.357471103243589994e+01 -1.510194065416641820e+02
1.360325932062190191e+01 -1.509998454226262936e+02
1.363180760880787545e+01 -1.509783761450472070e+02
1.366035589699386321e+01 -1.509470310522065120e+02
1.368890418517985097e+01 -1.509237592685161360e+02
1.371745247336583873e+01 -1.509023225947155140e+02
1.374600076155181227e+01 -1.508897480584395794e+02
1.377454904973780003e+01 -1.508865145869782225e+02
1.380309733792380200e+01 -1.508932030422711819e+02
1.383164562610976134e+01 -1.509113387944013311e+02
1.386019391429576331e+01 -1.509318751027955727e+02
1.388874220248175106e+01 -1.509553168527338869e+02
1.391729049066772461e+01 -1.509778264113184605e+02
1.394583877885371237e+01 -1.509996468029601715e+02
1.397438706703970013e+01 -1.510068921216382023e+02
1.400293535522568789e+01 -1.510142812155344814e+02
1.403148364341167564e+01 -1.510114397760955853e+02
1.406003193159766340e+01 -1.510030183341459065e+02
1.408858021978363695e+01 -1.509968079518665718e+02
1.411712850796962471e+01 -1.509889032082452331e+02
1.414567679615561246e+01 -1.509893930853035044e+02
1.417422508434158601e+01 -1.509959557769500407e+02
1.420277337252758798e+01 -1.510137674681723468e+02
1.423132166071357574e+01 -1.510396959982984129e+02
1.425986994889954929e+01 -1.510734035040035792e+02
