-1.425986994889954929e+01 -1.510739064420028228e+02
-1.423132166071357574e+01 -1.510402491929053497e+02
-1.420277337252758798e+01 -1.510143808721539358e+02
-1.417422508434160022e+01 -1.509966436311900679e+02
-1.414567679615561246e+01 -1.509901666240062355e+02
-1.411712850796962471e+01 -1.509897777301153781e+02
-1.408858021978363695e+01 -1.509977963154634324e+02
-1.406003193159766340e+01 -1.510041367872318574e+02
-1.403148364341167564e+01 -1.510127040285447038e+02
-1.400293535522568789e+01 -1.510157041282568287e+02
-1.397438706703971434e+01 -1.510084808521160653e+02
-1.394583877885371237e+01 -1.510014175206684968e+02
-1.391729049066772461e+01 -1.509797908942292679e+02
-1.388874220248175106e+01 -1.509574812917330462e+02
-1.386019391429576331e+01 -1.509342486528605889e+02
-1.383164562610977555e+01 -1.509139315608670699e+02
-1.380309733792380200e+01 -1.508960281736421223e+02
-1.377454904973780003e+01 -1.508895812801174543e+02
-1.374600076155181227e+01 -1.508930727590883407e+02
-1.371745247336583873e+01 -1.509059143779014391e+02
-1.368890418517985097e+01 -1.509276290840997774e+02
-1.366035589699386321e+01 -1.509511827625860576e+02
-1.363180760880788966e+01 -1.509828152751492780e+02
-1.360325932062190191e+01 -1.510045568378870655e+02
-1.357471103243589994e+01 -1.510243787400699489e+02
-1.354616274424992639e+01 -1.510314080362479956e+02
-1.351761445606393863e+01 -1.510347798928836767e+02
-1.348906616787795087e+01 -1.510302397014732492e+02
-1.346051787969197733e+01 -1.510221587472421163e+02
-1.343196959150598957e+01 -1.510106608503704422e+02
-1.340342130332000181e+01 -1.510069045435685382e+02
-1.337487301513401405e+01 -1.510092100154533910e+02
-1.334632472694802630e+01 -1.510226501783022286e+02
-1.331777643876203854e+01 -1.510454262263206715e+02
-1.328922815057606499e+01 -1.510781259297628480e+02
-1.326067986239007723e+01 -1.511214155951693670e+02
-1.323213157420408947e+01 -1.511639253615868768e+02
-1.320358328601811593e+01 -1.512115405923324261e+02
-1.317503499783211396e+01 -1.512509090885127421e+02
-1.314648670964612620e+01 -1.512853015673633479e+02
-1.311793842146015265e+01 -1.513097072801744787e+02
-1.308939013327416490e+01 -1.513239897616190888e+02
-1.306084184508817714e+01 -1.513258409888969709e+02
-1.303229355690220359e+01 -1.513289333701182500e+02
-1.300374526871621583e+01 -1.513339256531673414e+02
-1.297519698053021386e+01 -1.513434037085317527e+02
-1.294664869234424032e+01 -1.513682523032608458e+02
-1.291810040415825256e+01 -1.514007547063290531e+02
-1.288955211597226480e+01 -1.514487264805754307e+02
-1.286100382778629125e+01 -1.515022474998296502e+02
-1.283245553960030350e+01 -1.515715526252301402e+02
-1.280390725141431574e+01 -1.516396158720137919e+02
-1.277535896322832798e+01 -1.517165812325254137e+02
-1.274681067504234022e+01 -1.517923286806269232e+02
-1.271826238685635246e+01 -1.518636956198065775e+02
-1.268971409867037892e+01 -1.519268822597028930e+02
-1.266116581048439116e+01 -1.519988566354152795e+02
-1.263261752229840340e+01 -1.520790580950674098e+02
-1.260406923411241564e+01 -1.521760898677702016e+02
-1.257552094592642788e+01 -1.523012901236219818e+02
-1.254697265774044013e+01 -1.524739492026435812e+02
-1.251842436955446658e+01 -1.526902699233839371e+02
-1.248987608136847882e+01 -1.529774564084195561e+02
-1.246132779318249106e+01 -1.533383288692452595e+02
-1.243277950499651752e+01 -1.537508608822735994e+02
-1.240423121681051555e+01 -1.542644942522342717e+02
-1.237568292862452779e+01 -1.548632809095553000e+02
-1.234713464043855424e+01 -1.555482231287056152e+02
-1.231858635225256648e+01 -1.563006455234365717e+02
-1.229003806406657873e+01 -1.570820219985228618e+02
-1.226148977588060518e+01 -1.578808044753358217e+02
-1.223294148769461742e+01 -1.586373050745730779e+02
-1.220439319950861545e+01 -1.592262202741500801e+02
-1.217584491132264191e+01 -1.596000911030469069e+02
-1.214729662313665415e+01 -1.597298126331872652e+02
-1.211874833495066639e+01 -1.596457835864654555e+02
-1.209020004676469284e+01 -1.594092233097242968e+02
-1.206165175857870508e+01 -1.591095402654391648e+02
-1.203310347039271733e+01 -1.588074122587149759e+02
-1.200455518220672957e+01 -1.585107323712115885e+02
-1.197600689402074181e+01 -1.582674344913583866e+02
-1.194745860583475405e+01 -1.581044058765663749e+02
-1.191891031764878051e+01 -1.580310426811893194e+02
-1.189036202946279275e+01 -1.580232114253322777e+02
-1.186181374127680499e+01 -1.580792561029016383e+02
-1.183326545309081723e+01 -1.581874217617673821e+02
-1.180471716490482947e+01 -1.583390971632842366e+02
-1.177616887671884172e+01 -1.585118360737660907e+02
-1.174762058853286817e+01 -1.586985828678553219e+02
-1.171907230034688041e+01 -1.588876983969343826e+02
-1.169052401216089265e+01 -1.590689045806934132e+02
-1.166197572397491911e+01 -1.592372708156978547e+02
-1.163342743578891714e+01 -1.593881007863331547e+02
-1.160487914760292938e+01 -1.595204659713808155e+02
-1.157633085941695583e+01 -1.596345201081243772e+02
-1.154778257123096807e+01 -1.596748013379192059e+02
-1.151923428304498032e+01 -1.597214438138009029e+02
-1.149068599485900677e+01 -1.597727180547708770e+02
-1.146213770667301901e+01 -1.598234568982968824e+02
-1.143358941848701704e+01 -1.598713433159702220e+02
-1.140504113030104349e+01 -1.599135475634021475e+02
-1.137649284211505574e+01 -1.599471820420507413e+02
-1.134794455392906798e+01 -1.599721978568232714e+02
-1.131939626574309443e+01 -1.599882165459208636e+02
-1.129084797755710667e+01 -1.599964626818327247e+02
-1.126229968937111892e+01 -1.600001391794174594e+02
-1.123375140118513116e+01 -1.600017641041083607e+02
-1.120520311299914340e+01 -1.600035968229737477e+02
-1.117665482481315564e+01 -1.600115925934084089e+02
-1.114810653662718209e+01 -1.600237928395549432e+02
-1.111955824844119434e+01 -1.600402673439664341e+02
-1.109100996025520658e+01 -1.600567986524299897e+02
-1.106246167206923303e+01 -1.600763396801311842e+02
-1.103391338388323106e+01 -1.600962535823450139e+02
-1.100536509569724331e+01 -1.601136249495253310e+02
-1.097681680751126976e+01 -1.601249303721525052e+02
-1.094826851932528200e+01 -1.601297095951988751e+02
-1.091972023113929424e+01 -1.601281132308954511e+02
-1.089117194295332069e+01 -1.601210956258366878e+02
-1.086262365476733294e+01 -1.601136857785766665e+02
-1.083407536658134518e+01 -1.601061454315011190e+02
-1.080552707839535742e+01 -1.601022826004731883e+02
-1.077697879020936966e+01 -1.601081850633346164e+02
-1.074843050202338191e+01 -1.601251142469730837e+02
-1.071988221383740836e+01 -1.601540376284303306e+02
-1.069133392565142060e+01 -1.601949289672890302e+02
-1.066278563746543284e+01 -1.602411908372821188e+02
-1.063423734927944508e+01 -1.602933525851630918e+02
-1.060568906109345733e+01 -1.603509417590501869e+02
-1.057714077290746957e+01 -1.604102976642905674e+02
-1.054859248472149602e+01 -1.604687834622671403e+02
-1.052004419653550826e+01 -1.605245641755158204e+02
-1.049149590834952050e+01 -1.605777308155415710e+02
-1.046294762016353275e+01 -1.606298380754209347e+02
-1.043439933197754499e+01 -1.606839545911647065e+02
-1.040585104379157144e+01 -1.607439541379685011e+02
-1.037730275560558368e+01 -1.608124964212610166e+02
-1.034875446741959593e+01 -1.608964510113991082e+02
-1.032020617923360817e+01 -1.609959454541953505e+02
-1.029165789104763462e+01 -1.611124738738428164e+02
-1.026310960286163265e+01 -1.612449261608606150e+02
-1.023456131467565910e+01 -1.613896315357912385e+02
-1.020601302648967135e+01 -1.615330542636593520e+02
-1.017746473830368359e+01 -1.616804697617776583e+02
-1.014891645011769583e+01 -1.618285085843885440e+02
-1.012036816193172228e+01 -1.619698994239860497e+02
-1.009181987374573453e+01 -1.621026474596633875e+02
-1.006327158555974677e+01 -1.622263851561534693e+02
-1.003472329737375901e+01 -1.623434545539753344e+02
-1.000617500918777125e+01 -1.624583465456100839e+02
-9.977626721001797705e+00 -1.625773369445720107e+02
-9.949078432815809947e+00 -1.627058936115978440e+02
-9.920530144629822189e+00 -1.628492616612778079e+02
-9.891981856443834431e+00 -1.630102669844681031e+02
-9.863433568257846673e+00 -1.631890887601486213e+02
-9.834885280071858915e+00 -1.633824492773694601e+02
-9.806336991885885368e+00 -1.635842842275466751e+02
-9.777788703699897610e+00 -1.637736986078695054e+02
-9.749240415513909852e+00 -1.639491281864543453e+02
-9.720692127327922094e+00 -1.641014383473171279e+02
-9.692143839141934336e+00 -1.642273526318358279e+02
-9.663595550955946578e+00 -1.643227332034820733e+02
-9.635047262769973031e+00 -1.643891227941909960e+02
-9.606498974583985273e+00 -1.644346231002592162e+02
-9.577950686397997515e+00 -1.644689411931082645e+02
-9.549402398212023968e+00 -1.645032160190803268e+02
-9.520854110026036210e+00 -1.645473718421999649e+02
-9.492305821840034241e+00 -1.646076683217959840e+02
-9.463757533654060694e+00 -1.646866886798528640e+02
-9.435209245468072936e+00 -1.647812284455497434e+02
-9.406660957282085178e+00 -1.648834011172436362e+02
-9.378112669096111631e+00 -1.649818377455671907e+02
-9.349564380910123873e+00 -1.650639774930994008e+02
-9.321016092724136115e+00 -1.650925499177802749e+02
-9.292467804538148357e+00 -1.650884950753379599e+02
-9.263919516352160599e+00 -1.650432495927875038e+02
-9.235371228166172841e+00 -1.649635515152949665e+02
-9.206822939980199294e+00 -1.648592755138346888e+02
-9.178274651794211536e+00 -1.647437950050104689e+02
-9.149726363608223778e+00 -1.646311519882059429e+02
-9.121178075422250231e+00 -1.645339415753165042e+02
-9.092629787236248262e+00 -1.644599502578241754e+02
-9.064081499050260504e+00 -1.644123454708670522e+02
-9.035533210864286957e+00 -1.643892493448312848e+02
-9.006984922678299199e+00 -1.643838941364738275e+02
-8.978436634492311441e+00 -1.643867330619410438e+02
-8.949888346306337894e+00 -1.643839900885123200e+02
-8.921340058120350136e+00 -1.643636029594646857e+02
-8.892791769934348167e+00 -1.643071080052476702e+02
-8.864243481748374620e+00 -1.642207019413535534e+02
-8.835695193562386862e+00 -1.641005819086821020e+02
-8.807146905376399104e+00 -1.639613922161539961e+02
-8.778598617190425557e+00 -1.638130546234360736e+02
-8.750050329004437799e+00 -1.636671890165104628e+02
-8.721502040818450041e+00 -1.635347684960647712e+02
-8.692953752632462283e+00 -1.634237502448484918e+02
-8.664405464446474525e+00 -1.633383243091290069e+02
-8.635857176260486767e+00 -1.632787621594882808e+02
-8.607308888074513220e+00 -1.632406985345793942e+02
-8.578760599888525462e+00 -1.632154781718770096e+02
-8.550212311702537704e+00 -1.631927233850548760e+02
-8.521664023516549946e+00 -1.631615595067455331e+02
-8.493115735330562188e+00 -1.631126250479952660e+02
-8.464567447144574430e+00 -1.630401714979767576e+02
-8.436019158958600883e+00 -1.629355469788143012e+02
-8.407470870772613125e+00 -1.628154019518362361e+02
-8.378922582586625367e+00 -1.626783327395812080e+02
-8.350374294400651820e+00 -1.625390701885061162e+02
-8.321826006214649851e+00 -1.624070895324798869e+02
-8.293277718028662093e+00 -1.622905150498907005e+02
-8.264729429842688546e+00 -1.621954368023122584e+02
-8.236181141656700788e+00 -1.621229553373522663e+02
-8.207632853470713030e+00 -1.620710784425097586e+02
-8.179084565284739483e+00 -1.620345319431994540e+02
-8.150536277098751725e+00 -1.620054977166317371e+02
-8.121987988912749756e+00 -1.619748433735994695e+02
-8.093439700726776209e+00 -1.619338155328626101e+02
-8.064891412540788451e+00 -1.618757578354767475e+02
-8.036343124354800693e+00 -1.617975368239755767e+02
-8.007794836168827146e+00 -1.616986035518537506e+02
-7.979246547982839388e+00 -1.615862629208451722e+02
-7.950698259796837419e+00 -1.614660986019335098e+02
-7.922149971610863872e+00 -1.613463444106424731e+02
-7.893601683424876114e+00 -1.612371950731044876e+02
-7.865053395238888356e+00 -1.611439659854370916e+02
-7.836505107052914809e+00 -1.610700693461959645e+02
-7.807956818866927051e+00 -1.610157823291177408e+02
-7.779408530680939293e+00 -1.609781798664498353e+02
-7.750860242494951535e+00 -1.609516889770349906e+02
-7.722311954308963777e+00 -1.609288965106641172e+02
-7.693763666122976019e+00 -1.609018634832437442e+02
-7.665215377937002472e+00 -1.608635437844782246e+02
-7.636667089751014714e+00 -1.608092851688982137e+02
-7.608118801565026956e+00 -1.607377635954799189e+02
-7.579570513379053409e+00 -1.606512985120728843e+02
-7.551022225193051440e+00 -1.605551049250132962e+02
-7.522473937007063682e+00 -1.604583609454863335e+02
-7.493925648821090135e+00 -1.603630751763845126e+02
-7.465377360635102377e+00 -1.602791975721123947e+02
-7.436829072449114619e+00 -1.602113273258015909e+02
-7.408280784263141072e+00 -1.601614740419027783e+02
-7.379732496077153314e+00 -1.601287592285001438e+02
-7.351184207891151345e+00 -1.601095495664372663e+02
-7.322635919705177798e+00 -1.600980112828809752e+02
-7.294087631519190040e+00 -1.600870663905067772e+02
-7.265539343333202282e+00 -1.600696363904249608e+02
-7.236991055147228735e+00 -1.600400261182820145e+02
-7.208442766961240977e+00 -1.599950714022399154e+02
-7.179894478775253219e+00 -1.599355655864774803e+02
-7.151346190589265461e+00 -1.598639760952518145e+02
-7.122797902403277703e+00 -1.597859802651639711e+02
-7.094249614217289945e+00 -1.597085680335491418e+02
-7.065701326031316398e+00 -1.596380192253369614e+02
-7.037153037845328640e+00 -1.595787098327413389e+02
-7.008604749659340882e+00 -1.595355964748756037e+02
-6.980056461473367335e+00 -1.595095963488635675e+02
-6.951508173287365366e+00 -1.594988644631868340e+02
-6.922959885101377608e+00 -1.594990713176032955e+02
-6.894411596915404061e+00 -1.595040762206810143e+02
-6.865863308729416303e+00 -1.595069604967292491e+02
-6.837315020543428545e+00 -1.595015603995176718e+02
-6.808766732357454998e+00 -1.594834201746460849e+02
-6.780218444171467240e+00 -1.594500620988385435e+02
-6.751670155985465271e+00 -1.594027581383548977e+02
-6.723121867799491724e+00 -1.593456886696561696e+02
-6.694573579613503966e+00 -1.592850495557879356e+02
-6.666025291427516208e+00 -1.592271087630414854e+02
-6.637477003241542661e+00 -1.591784864844877063e+02
-6.608928715055554903e+00 -1.591433453771970505e+02
-6.580380426869567145e+00 -1.591247116480849684e+02
-6.551832138683579387e+00 -1.591227862066437808e+02
-6.523283850497591629e+00 -1.591347491335511961e+02
-6.494735562311603871e+00 -1.591554744621645909e+02
-6.466187274125630324e+00 -1.591789345582118074e+02
-6.437638985939642566e+00 -1.591977326746169865e+02
-6.409090697753654808e+00 -1.592056154763072300e+02
-6.380542409567667050e+00 -1.591987994114600724e+02
-6.351994121381679292e+00 -1.591765774920519334e+02
-6.323445833195691534e+00 -1.591414802865653826e+02
-6.294897545009717987e+00 -1.590987473468964595e+02
-6.266349256823730229e+00 -1.590552322940932868e+02
-6.237800968637742471e+00 -1.590173082283211841e+02
-6.209252680451754713e+00 -1.589894521395492006e+02
-6.180704392265766955e+00 -1.589780476293726679e+02
-6.152156104079779197e+00 -1.589842535809245589e+02
-6.123607815893805650e+00 -1.590072908260205224e+02
-6.095059527707817892e+00 -1.590439201953236932e+02
-6.066511239521830134e+00 -1.590870519093061830e+02
-6.037962951335856587e+00 -1.591293151882121606e+02
-6.009414663149854618e+00 -1.591634684785537388e+02
-5.980866374963866861e+00 -1.591838527818972864e+02
-5.952318086777893313e+00 -1.591876169379619910e+02
-5.923769798591905555e+00 -1.591754025899564340e+02
-5.895221510405917797e+00 -1.591512367494940463e+02
-5.866673222219944250e+00 -1.591216849296696410e+02
-5.838124934033956492e+00 -1.590945161253313813e+02
-5.809576645847954524e+00 -1.590772361023097972e+02
-5.781028357661980976e+00 -1.590704165780067854e+02
-5.752480069475993218e+00 -1.590829656097997997e+02
-5.723931781290005461e+00 -1.591156951862002416e+02
-5.695383493104031913e+00 -1.591654525305581274e+02
-5.666835204918044155e+00 -1.592267327960556713e+02
-5.638286916732056397e+00 -1.592919172050289944e+02
-5.609738628546068639e+00 -1.593525537182769938e+02
-5.581190340360080882e+00 -1.594009460328809382e+02
-5.552642052174093124e+00 -1.594317846819257340e+02
-5.524093763988119576e+00 -1.594433750163469483e+02
-5.495545475802131818e+00 -1.594381274552050911e+02
-5.466997187616144060e+00 -1.594220220235411887e+02
-5.438448899430170513e+00 -1.594033830833528498e+02
-5.409900611244168545e+00 -1.593912040516085256e+02
-5.381352323058180787e+00 -1.593946592496471339e+02
-5.352804034872207239e+00 -1.594154430481129054e+02
-5.324255746686219481e+00 -1.594500434514986864e+02
-5.295707458500231724e+00 -1.595087051948743522e+02
-5.267159170314258176e+00 -1.595849549109455836e+02
-5.238610882128270418e+00 -1.596710732800271444e+02
-5.210062593942268450e+00 -1.597574358533497332e+02
-5.181514305756294902e+00 -1.598340513661823366e+02
-5.152966017570307145e+00 -1.598926216897604604e+02
-5.124417729384319387e+00 -1.599284286241953055e+02
-5.095869441198345839e+00 -1.599415348337110174e+02
-5.067321153012358081e+00 -1.599368666645131611e+02
-5.038772864826370323e+00 -1.599235558560933725e+02
-5.010224576640382566e+00 -1.599131545223418414e+02
-4.981676288454394808e+00 -1.599145688299299763e+02
-4.953128000268407050e+00 -1.599363407119380724e+02
-4.924579712082433502e+00 -1.599837226766552760e+02
-4.896031423896445745e+00 -1.600420165128143140e+02
-4.867483135710457987e+00 -1.601246076178304349e+02
-4.838934847524484439e+00 -1.602259208930924217e+02
-4.810386559338482471e+00 -1.603333254614570365e+02
-4.781838271152494713e+00 -1.604350555806289549e+02
-4.753289982966521166e+00 -1.605191339131859252e+02
-4.724741694780533408e+00 -1.605768129268664950e+02
-4.696193406594545650e+00 -1.606047575623330772e+02
-4.667645118408572102e+00 -1.606075532822970899e+02
-4.639096830222584344e+00 -1.605931025921858009e+02
-4.610548542036582376e+00 -1.605726574849468307e+02
-4.582000253850608829e+00 -1.605596696329433541e+02
-4.553451965664621071e+00 -1.605661410198134718e+02
-4.524903677478633313e+00 -1.606006798293950339e+02
-4.496355389292659765e+00 -1.606672502175360364e+02
-4.467807101106672008e+00 -1.607579274024327276e+02
-4.439258812920684250e+00 -1.608503956095060232e+02
-4.410710524734696492e+00 -1.609655210437390167e+02
-4.382162236548708734e+00 -1.610812327078719477e+02
-4.353613948362720976e+00 -1.611801165242820844e+02
-4.325065660176747429e+00 -1.612497717847249419e+02
-4.296517371990759671e+00 -1.612857108110617048e+02
-4.267969083804771913e+00 -1.612838791498674027e+02
-4.239420795618784155e+00 -1.612521159936736410e+02
-4.210872507432796397e+00 -1.612043626711974866e+02
-4.182324219246808639e+00 -1.611572490080455395e+02
-4.153775931060835092e+00 -1.611266337285641725e+02
-4.125227642874847334e+00 -1.611248893072524879e+02
-4.096679354688859576e+00 -1.611591503927258202e+02
-4.068131066502871818e+00 -1.612303798626717537e+02
-4.039582778316884060e+00 -1.613330838526191542e+02
-4.011034490130910513e+00 -1.614244888569938041e+02
-3.982486201944922755e+00 -1.615227158166022718e+02
-3.953937913758934997e+00 -1.616174812295447509e+02
-3.925389625572947239e+00 -1.616809490923703265e+02
-3.896841337386973692e+00 -1.617017555359137475e+02
-3.868293049200971723e+00 -1.616757314991824614e+02
-3.839744761014998176e+00 -1.616089366468937101e+02
-3.811196472829010418e+00 -1.615157983071517265e+02
-3.782648184643022660e+00 -1.614151780016588589e+02
-3.754099896457034902e+00 -1.613260142117311773e+02
-3.725551608271061355e+00 -1.612638250053611841e+02
-3.697003320085073597e+00 -1.612385043059845486e+02
-3.668455031899085839e+00 -1.612532140815914090e+02
-3.639906743713098081e+00 -1.613040430686254751e+02
-3.611358455527110323e+00 -1.613803039964211621e+02
-3.582810167341136776e+00 -1.614616212224978540e+02
-3.554261879155149018e+00 -1.615016118336902764e+02
-3.525713590969161260e+00 -1.615302005417411806e+02
-3.497165302783173502e+00 -1.615204135776730823e+02
-3.468617014597185744e+00 -1.614582697045608484e+02
-3.440068726411197986e+00 -1.613519971258786256e+02
-3.411520438225224439e+00 -1.612139895038982900e+02
-3.382972150039236681e+00 -1.610623815543810338e+02
-3.354423861853248923e+00 -1.609164811143006375e+02
-3.325875573667261165e+00 -1.607928783341615713e+02
-3.297327285481287618e+00 -1.607029479937330336e+02
-3.268778997295285649e+00 -1.606516082263741509e+02
-3.240230709109312102e+00 -1.606384167159268657e+02
-3.211682420923324344e+00 -1.606617937526866626e+02
-3.183134132737336586e+00 -1.606940745320690951e+02
-3.154585844551363039e+00 -1.607197533050287461e+02
-3.126037556365375281e+00 -1.607000603670740020e+02
-3.097489268179387523e+00 -1.606502961759089771e+02
-3.068940979993399765e+00 -1.605690247484245106e+02
-3.040392691807412007e+00 -1.604431753759299966e+02
-3.011844403621424249e+00 -1.602858071780671878e+02
-2.983296115435450702e+00 -1.601122872019196279e+02
-2.954747827249462944e+00 -1.599391202942757104e+02
-2.926199539063475186e+00 -1.597816183005869846e+02
-2.897651250877487428e+00 -1.596512690808861521e+02
-2.869102962691499670e+00 -1.595647541916405885e+02
-2.840554674505511912e+00 -1.595148971549331520e+02
-2.812006386319538365e+00 -1.594853504630380598e+02
-2.783458098133550607e+00 -1.594688345891444783e+02
-2.754909809947562849e+00 -1.594538214176619988e+02
-2.726361521761589302e+00 -1.594269831121240770e+02
-2.697813233575601544e+00 -1.593734605459793272e+02
-2.669264945389599575e+00 -1.592758826141675570e+02
-2.640716657203626028e+00 -1.591557810906454051e+02
-2.612168369017638270e+00 -1.590117177933736912e+02
-2.583620080831650512e+00 -1.588458515109417704e+02
-2.555071792645676965e+00 -1.586759650396279540e+02
-2.526523504459689207e+00 -1.585148392084084037e+02
-2.497975216273701449e+00 -1.584001241341862851e+02
-2.469426928087713691e+00 -1.583017663543182323e+02
-2.440878639901725933e+00 -1.582213429583001698e+02
-2.412330351715738175e+00 -1.581604751794772028e+02
-2.383782063529764628e+00 -1.581154647065438041e+02
-2.355233775343776870e+00 -1.580784137055620988e+02
-2.326685487157789112e+00 -1.580389921936195776e+02
-2.298137198971801354e+00 -1.579867123418280812e+02
-2.269588910785813596e+00 -1.579133692507055002e+02
-2.241040622599825838e+00 -1.578090168237584692e+02
-2.212492334413852291e+00 -1.576834800602236726e+02
-2.183944046227864533e+00 -1.575447114556434940e+02
-2.155395758041876775e+00 -1.574087274587585625e+02
-2.126847469855889017e+00 -1.573011267561152806e+02
-2.098299181669901259e+00 -1.571865132509054206e+02
-2.069750893483913501e+00 -1.570776344930097252e+02
-2.041202605297939954e+00 -1.569832521903810516e+02
-2.012654317111952196e+00 -1.569072672496438940e+02
-1.984106028925964438e+00 -1.568487563317197271e+02
-1.955557740739990891e+00 -1.568026944100043067e+02
-1.927009452553988922e+00 -1.567612250431977259e+02
-1.898461164368001164e+00 -1.567153726756525316e+02
-1.869912876182027617e+00 -1.566570011768696986e+02
-1.841364587996039859e+00 -1.565806609418509083e+02
-1.812816299810052101e+00 -1.564844345572055602e+02
-1.784268011624078554e+00 -1.564108812734611718e+02
-1.755719723438090796e+00 -1.563349210185554909e+02
-1.727171435252088827e+00 -1.562353909646853936e+02
-1.698623147066115280e+00 -1.561220394493343804e+02
-1.670074858880127522e+00 -1.560105836183347208e+02
-1.641526570694139764e+00 -1.559107270997517389e+02
-1.612978282508166217e+00 -1.558280569383418310e+02
-1.584429994322178459e+00 -1.557637849320474004e+02
-1.555881706136190701e+00 -1.557151416462075133e+02
-1.527333417950202943e+00 -1.556762717077093328e+02
-1.498785129764215185e+00 -1.556395360420379461e+02
-1.470236841578227427e+00 -1.555971019339224313e+02
-1.441688553392253880e+00 -1.555425995394984398e+02
-1.413140265206266122e+00 -1.555546672832662694e+02
-1.384591977020278364e+00 -1.555248212249872779e+02
-1.356043688834304817e+00 -1.554565809696575229e+02
-1.327495400648302848e+00 -1.553619511128547686e+02
-1.298947112462315090e+00 -1.552542553322615504e+02
-1.270398824276341543e+00 -1.551443154993131373e+02
-1.241850536090353785e+00 -1.550427508351490928e+02
-1.213302247904366027e+00 -1.549573471751927229e+02
-1.184753959718392480e+00 -1.548910437525062775e+02
-1.156205671532404722e+00 -1.548429220104598016e+02
-1.127657383346402753e+00 -1.548088066039563842e+02
-1.099109095160429206e+00 -1.547822522540764396e+02
-1.070560806974441448e+00 -1.547957301737094156e+02
-1.042012518788453690e+00 -1.548545773033452235e+02
-1.013464230602480143e+00 -1.548751690538976504e+02
-9.849159424164923848e-01 -1.548545994015023268e+02
-9.563676542305046269e-01 -1.547964543530149228e+02
-9.278193660445168689e-01 -1.547096747244538335e+02
-8.992710778585291109e-01 -1.546061435924078182e+02
-8.707227896725413530e-01 -1.544991013631387489e+02
-8.421745014865678058e-01 -1.543995957462893216e+02
-8.136262133005800479e-01 -1.543131434293045174e+02
-7.850779251145922899e-01 -1.542466152093587084e+02
-7.565296369286187428e-01 -1.542007793668862803e+02
-7.279813487426167740e-01 -1.541729821564250074e+02
-6.994330605566290160e-01 -1.542459909064519934e+02
-6.708847723706554689e-01 -1.543376687138498369e+02
-6.423364841846677109e-01 -1.544026798970883760e+02
-6.137881959986799529e-01 -1.544305884829951196e+02
-5.852399078127064058e-01 -1.544157718115077387e+02
-5.566916196267186479e-01 -1.543582376985077360e+02
-5.281433314407166790e-01 -1.542630236513900002e+02
-4.995950432547431319e-01 -1.541384077054166823e+02
-4.710467550687553739e-01 -1.539935744991339277e+02
-4.424984668827676160e-01 -1.538365106952953738e+02
-4.139501786967940689e-01 -1.536725018726632186e+02
-3.854018905108063109e-01 -1.535033734523947544e+02
-3.568536023248043421e-01 -1.533428147173895013e+02
-3.283053141388307949e-01 -1.532670091306042082e+02
-2.997570259528430370e-01 -1.531568142691693595e+02
-2.712087377668552790e-01 -1.530049610151114621e+02
-2.426604495808817319e-01 -1.528097492283381769e+02
-2.141121613948939739e-01 -1.525759749763927005e+02
-1.855638732088920051e-01 -1.523142879143524340e+02
-1.570155850229184580e-01 -1.520393007125851454e+02
-1.284672968369307000e-01 -1.517672109986509099e+02
-9.991900865094294204e-02 -1.515136798732255556e+02
-7.137072046496939492e-02 -1.512923709013232383e+02
-4.282243227898163695e-02 -1.511141870926369393e+02
-1.427414409299387898e-02 -1.509869513049687555e+02
1.427414409299387898e-02 -1.509869513049687555e+02
4.282243227898163695e-02 -1.511141870926368540e+02
7.137072046496939492e-02 -1.512923709013230109e+02
9.991900865094294204e-02 -1.515136798732272325e+02
1.284672968369307000e-01 -1.517672109986505120e+02
1.570155850229184580e-01 -1.520393007125857707e+02
1.855638732088920051e-01 -1.523142879143513824e+02
2.141121613948939739e-01 -1.525759749763926720e+02
2.426604495808817319e-01 -1.528097492283373811e+02
2.712087377668552790e-01 -1.530049610151109505e+02
2.997570259528430370e-01 -1.531568142691694447e+02
3.283053141388307949e-01 -1.532670091306045776e+02
3.568536023248043421e-01 -1.533428147173897855e+02
3.854018905107921000e-01 -1.535033734523961755e+02
4.139501786967940689e-01 -1.536725018726630196e+02
4.424984668827676160e-01 -1.538365106952946917e+02
4.710467550687553739e-01 -1.539935744991333593e+02
4.995950432547431319e-01 -1.541384077054156023e+02
5.281433314407166790e-01 -1.542630236513905686e+02
5.566916196267044370e-01 -1.543582376985070255e+02
5.852399078126921950e-01 -1.544157718115097282e+02
6.137881959986799529e-01 -1.544305884829930164e+02
6.423364841846677109e-01 -1.544026798970853349e+02
6.708847723706554689e-01 -1.543376687138475631e+02
6.994330605566290160e-01 -1.542459909064530166e+02
7.279813487426167740e-01 -1.541729821564202894e+02
7.565296369286045319e-01 -1.542007793668820739e+02
7.850779251145780790e-01 -1.542466152093541041e+02
8.136262133005800479e-01 -1.543131434293044322e+02
8.421745014865678058e-01 -1.543995957462859678e+02
8.707227896725413530e-01 -1.544991013631384362e+02
8.992710778585291109e-01 -1.546061435924073066e+02
9.278193660445168689e-01 -1.547096747244541177e+02
9.563676542304904160e-01 -1.547964543530124217e+02
9.849159424164781740e-01 -1.548545994015008773e+02
1.013464230602480143e+00 -1.548751690538995263e+02
1.042012518788453690e+00 -1.548545773033452235e+02
1.070560806974441448e+00 -1.547957301737098419e+02
1.099109095160429206e+00 -1.547822522540793386e+02
1.127657383346402753e+00 -1.548088066039555883e+02
1.156205671532390511e+00 -1.548429220104611375e+02
1.184753959718378269e+00 -1.548910437525063060e+02
1.213302247904366027e+00 -1.549573471751935756e+02
1.241850536090353785e+00 -1.550427508351489223e+02
1.270398824276341543e+00 -1.551443154993133930e+02
1.298947112462315090e+00 -1.552542553322610672e+02
1.327495400648302848e+00 -1.553619511128546264e+02
1.356043688834304817e+00 -1.554565809696582619e+02
1.384591977020264153e+00 -1.555248212249866242e+02
1.413140265206266122e+00 -1.555546672832656441e+02
1.441688553392253880e+00 -1.555425995394973597e+02
1.470236841578227427e+00 -1.555971019339235113e+02
1.498785129764215185e+00 -1.556395360420364398e+02
1.527333417950202943e+00 -1.556762717077113791e+02
1.555881706136190701e+00 -1.557151416462086502e+02
1.584429994322164248e+00 -1.557637849320493899e+02
1.612978282508166217e+00 -1.558280569383415184e+02
1.641526570694139764e+00 -1.559107270997523074e+02
1.670074858880127522e+00 -1.560105836183344650e+02
1.698623147066115280e+00 -1.561220394493347214e+02
1.727171435252088827e+00 -1.562353909646858483e+02
1.755719723438090796e+00 -1.563349210185556899e+02
1.784268011624064343e+00 -1.564108812734593528e+02
1.812816299810052101e+00 -1.564844345572030875e+02
1.841364587996039859e+00 -1.565806609418496578e+02
1.869912876182027617e+00 -1.566570011768714892e+02
1.898461164368001164e+00 -1.567153726756534695e+02
1.927009452553988922e+00 -1.567612250431957364e+02
1.955557740739976680e+00 -1.568026944100025730e+02
1.984106028925964438e+00 -1.568487563317172828e+02
2.012654317111952196e+00 -1.569072672496449172e+02
2.041202605297939954e+00 -1.569832521903784368e+02
2.069750893483913501e+00 -1.570776344930093273e+02
2.098299181669901259e+00 -1.571865132509045111e+02
2.126847469855889017e+00 -1.573011267561150532e+02
2.155395758041876775e+00 -1.574087274587612342e+02
2.183944046227864533e+00 -1.575447114556419024e+02
2.212492334413852291e+00 -1.576834800602238715e+02
2.241040622599825838e+00 -1.578090168237596345e+02
2.269588910785813596e+00 -1.579133692507073761e+02
2.298137198971801354e+00 -1.579867123418264327e+02
2.326685487157774901e+00 -1.580389921936173039e+02
2.355233775343776870e+00 -1.580784137055600524e+02
2.383782063529750417e+00 -1.581154647065407062e+02
2.412330351715738175e+00 -1.581604751794772596e+02
2.440878639901725933e+00 -1.582213429583011362e+02
2.469426928087713691e+00 -1.583017663543188576e+02
2.497975216273687238e+00 -1.584001241341839261e+02
2.526523504459674996e+00 -1.585148392084110185e+02
2.555071792645662754e+00 -1.586759650396275561e+02
2.583620080831650512e+00 -1.588458515109425377e+02
2.612168369017638270e+00 -1.590117177933724406e+02
2.640716657203626028e+00 -1.591557810906471957e+02
2.669264945389599575e+00 -1.592758826141685518e+02
2.697813233575587333e+00 -1.593734605459803220e+02
2.726361521761575091e+00 -1.594269831121250149e+02
2.754909809947562849e+00 -1.594538214176630788e+02
2.783458098133550607e+00 -1.594688345891453309e+02
2.812006386319524154e+00 -1.594853504630388841e+02
2.840554674505511912e+00 -1.595148971549327825e+02
2.869102962691499670e+00 -1.595647541916410432e+02
2.897651250877487428e+00 -1.596512690808897048e+02
2.926199539063460975e+00 -1.597816183005872119e+02
2.954747827249462944e+00 -1.599391202942755399e+02
2.983296115435436491e+00 -1.601122872019194858e+02
3.011844403621424249e+00 -1.602858071780667331e+02
3.040392691807412007e+00 -1.604431753759281776e+02
3.068940979993399765e+00 -1.605690247484263011e+02
3.097489268179373312e+00 -1.606502961759094319e+02
3.126037556365361070e+00 -1.607000603670736609e+02
3.154585844551348828e+00 -1.607197533050292009e+02
3.183134132737336586e+00 -1.606940745320701467e+02
3.211682420923324344e+00 -1.606617937526857531e+02
3.240230709109297891e+00 -1.606384167159274057e+02
3.268778997295285649e+00 -1.606516082263761973e+02
3.297327285481287618e+00 -1.607029479937342842e+02
3.325875573667261165e+00 -1.607928783341629355e+02
3.354423861853248923e+00 -1.609164811143017744e+02
3.382972150039236681e+00 -1.610623815543825685e+02
3.411520438225210228e+00 -1.612139895039000521e+02
3.440068726411197986e+00 -1.613519971258793646e+02
3.468617014597185744e+00 -1.614582697045624968e+02
3.497165302783173502e+00 -1.615204135776738781e+02
3.525713590969147049e+00 -1.615302005417416353e+02
3.554261879155149018e+00 -1.615016118336901627e+02
3.582810167341122565e+00 -1.614616212224979677e+02
3.611358455527110323e+00 -1.613803039964217305e+02
3.639906743713098081e+00 -1.613040430686256741e+02
3.668455031899071628e+00 -1.612532140815889647e+02
3.697003320085073597e+00 -1.612385043059847476e+02
3.725551608271047144e+00 -1.612638250053609283e+02
3.754099896457034902e+00 -1.613260142117323142e+02
3.782648184643022660e+00 -1.614151780016582620e+02
3.811196472829010418e+00 -1.615157983071523233e+02
3.839744761014983965e+00 -1.616089366468934259e+02
3.868293049200971723e+00 -1.616757314991820920e+02
3.896841337386973692e+00 -1.617017555359150265e+02
3.925389625572947239e+00 -1.616809490923700139e+02
3.953937913758934997e+00 -1.616174812295464562e+02
3.982486201944922755e+00 -1.615227158166025561e+02
4.011034490130896302e+00 -1.614244888569934062e+02
4.039582778316884060e+00 -1.613330838526206321e+02
4.068131066502871818e+00 -1.612303798626735443e+02
4.096679354688859576e+00 -1.611591503927262465e+02
4.125227642874847334e+00 -1.611248893072537385e+02
4.153775931060835092e+00 -1.611266337285655368e+02
4.182324219246808639e+00 -1.611572490080459090e+02
4.210872507432796397e+00 -1.612043626711982824e+02
4.239420795618784155e+00 -1.612521159936724757e+02
4.267969083804757702e+00 -1.612838791498673174e+02
4.296517371990759671e+00 -1.612857108110619606e+02
4.325065660176747429e+00 -1.612497717847238903e+02
4.353613948362720976e+00 -1.611801165242830507e+02
4.382162236548708734e+00 -1.610812327078710098e+02
4.410710524734696492e+00 -1.609655210437385335e+02
4.439258812920670039e+00 -1.608503956095052274e+02
4.467807101106657797e+00 -1.607579274024323297e+02
4.496355389292659765e+00 -1.606672502175356385e+02
4.524903677478633313e+00 -1.606006798293947213e+02
4.553451965664621071e+00 -1.605661410198129317e+02
4.582000253850608829e+00 -1.605596696329442068e+02
4.610548542036582376e+00 -1.605726574849467454e+02
4.639096830222570134e+00 -1.605931025921849482e+02
4.667645118408557892e+00 -1.606075532822970331e+02
4.696193406594545650e+00 -1.606047575623328498e+02
4.724741694780533408e+00 -1.605768129268665518e+02
4.753289982966521166e+00 -1.605191339131855557e+02
4.781838271152494713e+00 -1.604350555806297507e+02
4.810386559338482471e+00 -1.603333254614576617e+02
4.838934847524470229e+00 -1.602259208930921375e+02
4.867483135710443776e+00 -1.601246076178309750e+02
4.896031423896445745e+00 -1.600420165128147119e+02
4.924579712082433502e+00 -1.599837226766553897e+02
4.953128000268407050e+00 -1.599363407119382430e+02
4.981676288454394808e+00 -1.599145688299300332e+02
5.010224576640382566e+00 -1.599131545223410740e+02
5.038772864826356113e+00 -1.599235558560931452e+02
5.067321153012343871e+00 -1.599368666645133601e+02
5.095869441198345839e+00 -1.599415348337113301e+02
5.124417729384319387e+00 -1.599284286241946802e+02
5.152966017570307145e+00 -1.598926216897598636e+02
5.181514305756294902e+00 -1.598340513661818250e+02
5.210062593942268450e+00 -1.597574358533488237e+02
5.238610882128270418e+00 -1.596710732800257802e+02
5.267159170314243966e+00 -1.595849549109447025e+02
5.295707458500231724e+00 -1.595087051948736701e+02
5.324255746686219481e+00 -1.594500434514976632e+02
5.352804034872207239e+00 -1.594154430481121949e+02
5.381352323058180787e+00 -1.593946592496469066e+02
5.409900611244168545e+00 -1.593912040516079003e+02
5.438448899430170513e+00 -1.594033830833526508e+02
5.466997187616129850e+00 -1.594220220235413308e+02
5.495545475802131818e+00 -1.594381274552057448e+02
5.524093763988119576e+00 -1.594433750163491084e+02
5.552642052174093124e+00 -1.594317846819259614e+02
5.581190340360080882e+00 -1.594009460328811372e+02
5.609738628546068639e+00 -1.593525537182774485e+02
5.638286916732056397e+00 -1.592919172050295060e+02
5.666835204918029945e+00 -1.592267327960573482e+02
5.695383493104031913e+00 -1.591654525305586674e+02
5.723931781290005461e+00 -1.591156951861997868e+02
5.752480069475993218e+00 -1.590829656097992597e+02
5.781028357661980976e+00 -1.590704165780068990e+02
5.809576645847954524e+00 -1.590772361023090298e+02
5.838124934033956492e+00 -1.590945161253305287e+02
5.866673222219930040e+00 -1.591216849296694704e+02
5.895221510405917797e+00 -1.591512367494936484e+02
5.923769798591905555e+00 -1.591754025899561498e+02
5.952318086777893313e+00 -1.591876169379613941e+02
5.980866374963866861e+00 -1.591838527818976274e+02
6.009414663149854618e+00 -1.591634684785530283e+02
6.037962951335856587e+00 -1.591293151882121037e+02
6.066511239521830134e+00 -1.590870519093053588e+02
6.095059527707817892e+00 -1.590439201953228121e+02
6.123607815893805650e+00 -1.590072908260210909e+02
6.152156104079779197e+00 -1.589842535809236779e+02
6.180704392265766955e+00 -1.589780476293717015e+02
6.209252680451754713e+00 -1.589894521395489448e+02
6.237800968637742471e+00 -1.590173082283202177e+02
6.266349256823730229e+00 -1.590552322940922352e+02
6.294897545009717987e+00 -1.590987473468968574e+02
6.323445833195691534e+00 -1.591414802865642457e+02
6.351994121381679292e+00 -1.591765774920510239e+02
6.380542409567667050e+00 -1.591987994114590208e+02
6.409090697753640598e+00 -1.592056154763054678e+02
6.437638985939642566e+00 -1.591977326746167591e+02
6.466187274125630324e+00 -1.591789345582114663e+02
6.494735562311603871e+00 -1.591554744621636246e+02
6.523283850497591629e+00 -1.591347491335502866e+02
6.551832138683579387e+00 -1.591227862066435819e+02
6.580380426869552934e+00 -1.591247116480843431e+02
6.608928715055540692e+00 -1.591433453771965389e+02
6.637477003241542661e+00 -1.591784864844880190e+02
6.666025291427516208e+00 -1.592271087630418833e+02
6.694573579613503966e+00 -1.592850495557884187e+02
6.723121867799491724e+00 -1.593456886696563686e+02
6.751670155985465271e+00 -1.594027581383551535e+02
6.780218444171453029e+00 -1.594500620988385151e+02
6.808766732357440787e+00 -1.594834201746448628e+02
6.837315020543428545e+00 -1.595015603995175297e+02
6.865863308729416303e+00 -1.595069604967305565e+02
6.894411596915404061e+00 -1.595040762206809006e+02
6.922959885101377608e+00 -1.594990713176034376e+02
6.951508173287365366e+00 -1.594988644631865782e+02
6.980056461473353124e+00 -1.595095963488630844e+02
7.008604749659326671e+00 -1.595355964748765416e+02
7.037153037845328640e+00 -1.595787098327406568e+02
7.065701326031316398e+00 -1.596380192253366772e+02
7.094249614217289945e+00 -1.597085680335495965e+02
7.122797902403277703e+00 -1.597859802651631469e+02
7.151346190589265461e+00 -1.598639760952515303e+02
7.179894478775253219e+00 -1.599355655864772530e+02
7.208442766961226766e+00 -1.599950714022399438e+02
7.236991055147228735e+00 -1.600400261182820714e+02
7.265539343333202282e+00 -1.600696363904245914e+02
7.294087631519190040e+00 -1.600870663905067204e+02
7.322635919705177798e+00 -1.600980112828808046e+02
7.351184207891151345e+00 -1.601095495664371242e+02
7.379732496077153314e+00 -1.601287592284998880e+02
7.408280784263126861e+00 -1.601614740419032046e+02
7.436829072449114619e+00 -1.602113273258013066e+02
7.465377360635102377e+00 -1.602791975721123379e+02
7.493925648821090135e+00 -1.603630751763845126e+02
7.522473937007063682e+00 -1.604583609454866178e+02
7.551022225193051440e+00 -1.605551049250125288e+02
7.579570513379053409e+00 -1.606512985120738222e+02
7.608118801565012745e+00 -1.607377635954810273e+02
7.636667089751014714e+00 -1.608092851688983274e+02
7.665215377937002472e+00 -1.608635437844777982e+02
7.693763666122976019e+00 -1.609018634832443126e+02
7.722311954308963777e+00 -1.609288965106645719e+02
7.750860242494951535e+00 -1.609516889770358432e+02
7.779408530680939293e+00 -1.609781798664503754e+02
7.807956818866912840e+00 -1.610157823291172008e+02
7.836505107052914809e+00 -1.610700693461960498e+02
7.865053395238888356e+00 -1.611439659854364663e+02
7.893601683424876114e+00 -1.612371950731044024e+02
7.922149971610863872e+00 -1.613463444106424731e+02
7.950698259796837419e+00 -1.614660986019327709e+02
7.979246547982839388e+00 -1.615862629208446606e+02
8.007794836168827146e+00 -1.616986035518543758e+02
8.036343124354800693e+00 -1.617975368239763725e+02
8.064891412540788451e+00 -1.618757578354764348e+02
8.093439700726776209e+00 -1.619338155328628659e+02
8.121987988912749756e+00 -1.619748433735992990e+02
8.150536277098737514e+00 -1.620054977166316235e+02
8.179084565284739483e+00 -1.620345319431995108e+02
8.207632853470713030e+00 -1.620710784425095596e+02
8.236181141656700788e+00 -1.621229553373519821e+02
8.264729429842688546e+00 -1.621954368023122015e+02
8.293277718028662093e+00 -1.622905150498918658e+02
8.321826006214649851e+00 -1.624070895324789205e+02
8.350374294400637609e+00 -1.625390701885058604e+02
8.378922582586625367e+00 -1.626783327395821743e+02
8.407470870772613125e+00 -1.628154019518360940e+02
8.436019158958600883e+00 -1.629355469788137327e+02
8.464567447144574430e+00 -1.630401714979772123e+02
8.493115735330562188e+00 -1.631126250479954081e+02
8.521664023516549946e+00 -1.631615595067455331e+02
8.550212311702523493e+00 -1.631927233850544496e+02
8.578760599888525462e+00 -1.632154781718765548e+02
8.607308888074513220e+00 -1.632406985345794510e+02
8.635857176260486767e+00 -1.632787621594877692e+02
8.664405464446474525e+00 -1.633383243091283248e+02
8.692953752632462283e+00 -1.634237502448476675e+02
8.721502040818435830e+00 -1.635347684960643164e+02
8.750050329004423588e+00 -1.636671890165098660e+02
8.778598617190411346e+00 -1.638130546234361304e+02
8.807146905376399104e+00 -1.639613922161539676e+02
8.835695193562386862e+00 -1.641005819086819884e+02
8.864243481748374620e+00 -1.642207019413521607e+02
8.892791769934348167e+00 -1.643071080052472439e+02
8.921340058120335925e+00 -1.643636029594648846e+02
8.949888346306323683e+00 -1.643839900885117515e+02
8.978436634492311441e+00 -1.643867330619398217e+02
9.006984922678299199e+00 -1.643838941364726338e+02
9.035533210864286957e+00 -1.643892493448309438e+02
9.064081499050260504e+00 -1.644123454708668248e+02
9.092629787236248262e+00 -1.644599502578258807e+02
9.121178075422236020e+00 -1.645339415753166179e+02
9.149726363608209567e+00 -1.646311519882072787e+02
9.178274651794211536e+00 -1.647437950050102700e+02
9.206822939980185083e+00 -1.648592755138359394e+02
9.235371228166172841e+00 -1.649635515152953928e+02
9.263919516352160599e+00 -1.650432495927882144e+02
9.292467804538148357e+00 -1.650884950753381872e+02
9.321016092724136115e+00 -1.650925499177802749e+02
9.349564380910109662e+00 -1.650639774930999124e+02
9.378112669096097420e+00 -1.649818377455670770e+02
9.406660957282085178e+00 -1.648834011172437499e+02
9.435209245468072936e+00 -1.647812284455494876e+02
9.463757533654060694e+00 -1.646866886798528924e+02
9.492305821840034241e+00 -1.646076683217956145e+02
9.520854110026036210e+00 -1.645473718422000786e+02
9.549402398212009757e+00 -1.645032160190806394e+02
9.577950686397997515e+00 -1.644689411931082645e+02
9.606498974583985273e+00 -1.644346231002596710e+02
9.635047262769958820e+00 -1.643891227941912803e+02
9.663595550955946578e+00 -1.643227332034816186e+02
9.692143839141934336e+00 -1.642273526318352879e+02
9.720692127327922094e+00 -1.641014383473167868e+02
9.749240415513895641e+00 -1.639491281864541179e+02
9.777788703699897610e+00 -1.637736986078693917e+02
9.806336991885871157e+00 -1.635842842275462772e+02
9.834885280071858915e+00 -1.633824492773693464e+02
9.863433568257846673e+00 -1.631890887601485929e+02
9.891981856443834431e+00 -1.630102669844680747e+02
9.920530144629822189e+00 -1.628492616612780637e+02
9.949078432815809947e+00 -1.627058936115979577e+02
9.977626721001783494e+00 -1.625773369445718401e+02
1.000617500918777125e+01 -1.624583465456101123e+02
1.003472329737375901e+01 -1.623434545539754765e+02
1.006327158555973256e+01 -1.622263851561533272e+02
1.009181987374572032e+01 -1.621026474596632170e+02
1.012036816193172228e+01 -1.619698994239860497e+02
1.014891645011769583e+01 -1.618285085843882314e+02
1.017746473830368359e+01 -1.616804697617770330e+02
1.020601302648967135e+01 -1.615330542636588120e+02
1.023456131467564489e+01 -1.613896315357908406e+02
1.026310960286163265e+01 -1.612449261608602455e+02
1.029165789104762041e+01 -1.611124738738422479e+02
1.032020617923360817e+01 -1.609959454541951800e+02
1.034875446741959593e+01 -1.608964510113987103e+02
1.037730275560558368e+01 -1.608124964212608177e+02
1.040585104379155723e+01 -1.607439541379684727e+02
1.043439933197754499e+01 -1.606839545911646496e+02
1.046294762016353275e+01 -1.606298380754205084e+02
1.049149590834950629e+01 -1.605777308155410878e+02
1.052004419653550826e+01 -1.605245641755154793e+02
1.054859248472149602e+01 -1.604687834622670550e+02
1.057714077290746957e+01 -1.604102976642905105e+02
1.060568906109345733e+01 -1.603509417590498174e+02
1.063423734927944508e+01 -1.602933525851632339e+02
1.066278563746541863e+01 -1.602411908372820335e+02
1.069133392565140639e+01 -1.601949289672890302e+02
1.071988221383740836e+01 -1.601540376284303306e+02
1.074843050202338191e+01 -1.601251142469730553e+02
1.077697879020936966e+01 -1.601081850633344175e+02
1.080552707839535742e+01 -1.601022826004727904e+02
1.083407536658133097e+01 -1.601061454315006358e+02
1.086262365476731873e+01 -1.601136857785764391e+02
1.089117194295330648e+01 -1.601210956258364320e+02
1.091972023113929424e+01 -1.601281132308947690e+02
1.094826851932528200e+01 -1.601297095951986478e+02
1.097681680751126976e+01 -1.601249303721524484e+02
1.100536509569724331e+01 -1.601136249495251036e+02
1.103391338388323106e+01 -1.600962535823443318e+02
1.106246167206921882e+01 -1.600763396801306158e+02
1.109100996025519237e+01 -1.600567986524295065e+02
1.111955824844119434e+01 -1.600402673439658088e+02
1.114810653662718209e+01 -1.600237928395548010e+02
1.117665482481315564e+01 -1.600115925934080110e+02
1.120520311299914340e+01 -1.600035968229736056e+02
1.123375140118513116e+01 -1.600017641041084175e+02
1.126229968937111892e+01 -1.600001391794178573e+02
1.129084797755709246e+01 -1.599964626818328952e+02
1.131939626574309443e+01 -1.599882165459208636e+02
1.134794455392906798e+01 -1.599721978568231009e+02
1.137649284211505574e+01 -1.599471820420504002e+02
1.140504113030104349e+01 -1.599135475634018064e+02
1.143358941848701704e+01 -1.598713433159704778e+02
1.146213770667301901e+01 -1.598234568982970245e+02
1.149068599485899256e+01 -1.597727180547710759e+02
1.151923428304498032e+01 -1.597214438138007324e+02
1.154778257123096807e+01 -1.596748013379192059e+02
1.157633085941695583e+01 -1.596345201081241498e+02
1.160487914760292938e+01 -1.595204659713805313e+02
1.163342743578891714e+01 -1.593881007863329842e+02
1.166197572397491911e+01 -1.592372708156973147e+02
1.169052401216087844e+01 -1.590689045806928732e+02
1.171907230034688041e+01 -1.588876983969334447e+02
1.174762058853286817e+01 -1.586985828678539008e+02
1.177616887671884172e+01 -1.585118360737650676e+02
1.180471716490482947e+01 -1.583390971632833271e+02
1.183326545309081723e+01 -1.581874217617659042e+02
1.186181374127680499e+01 -1.580792561029000183e+02
1.189036202946279275e+01 -1.580232114253305440e+02
1.191891031764878051e+01 -1.580310426811882394e+02
1.194745860583475405e+01 -1.581044058765654086e+02
1.197600689402074181e+01 -1.582674344913580740e+02
1.200455518220672957e+01 -1.585107323712111906e+02
1.203310347039270312e+01 -1.588074122587147485e+02
1.206165175857870508e+01 -1.591095402654386533e+02
1.209020004676469284e+01 -1.594092233097238420e+02
1.211874833495066639e+01 -1.596457835864653703e+02
1.214729662313665415e+01 -1.597298126331870947e+02
1.217584491132264191e+01 -1.596000911030476175e+02
1.220439319950861545e+01 -1.592262202741488295e+02
1.223294148769460321e+01 -1.586373050745728790e+02
1.226148977588060518e+01 -1.578808044753353386e+02
1.229003806406657873e+01 -1.570820219985222650e+02
1.231858635225256648e+01 -1.563006455234363727e+02
1.234713464043855424e+01 -1.555482231287049615e+02
1.237568292862452779e+01 -1.548632809095546463e+02
1.240423121681051555e+01 -1.542644942522342149e+02
1.243277950499650331e+01 -1.537508608822735994e+02
1.246132779318249106e+01 -1.533383288692467374e+02
1.248987608136847882e+01 -1.529774564084195561e+02
1.251842436955446658e+01 -1.526902699233838803e+02
1.254697265774044013e+01 -1.524739492026442917e+02
1.257552094592642788e+01 -1.523012901236226639e+02
1.260406923411241564e+01 -1.521760898677702301e+02
1.263261752229838919e+01 -1.520790580950681488e+02
1.266116581048439116e+01 -1.519988566354155921e+02
1.268971409867037892e+01 -1.519268822597040298e+02
1.271826238685635246e+01 -1.518636956198072880e+02
1.274681067504234022e+01 -1.517923286806272358e+02
1.277535896322832798e+01 -1.517165812325265790e+02
1.280390725141430153e+01 -1.516396158720141329e+02
1.283245553960028928e+01 -1.515715526252301970e+02
1.286100382778629125e+01 -1.515022474998303323e+02
1.288955211597226480e+01 -1.514487264805758002e+02
1.291810040415825256e+01 -1.514007547063294510e+02
1.294664869234424032e+01 -1.513682523032605900e+02
1.297519698053021386e+01 -1.513434037085319233e+02
1.300374526871620162e+01 -1.513339256531673129e+02
1.303229355690218938e+01 -1.513289333701190458e+02
1.306084184508817714e+01 -1.513258409888976530e+02
1.308939013327416490e+01 -1.513239897616181224e+02
1.311793842146015265e+01 -1.513097072801745639e+02
1.314648670964612620e+01 -1.512853015673630637e+02
1.317503499783211396e+01 -1.512509090885131684e+02
1.320358328601811593e+01 -1.512115405923319145e+02
1.323213157420407526e+01 -1.511639253615869620e+02
1.326067986239007723e+01 -1.511214155951687417e+02
1.328922815057606499e+01 -1.510781259297618533e+02
1.331777643876203854e+01 -1.510454262263209841e+02
1.334632472694802630e+01 -1.510226501783029960e+02
1.337487301513401405e+01 -1.510092100154535899e+02
1.340342130332000181e+01 -1.510069045435679413e+02
1.343196959150597536e+01 -1.510106608503705559e+02
1.346051787969197733e+01 -1.510221587472429121e+02
1.348906616787795087e+01 -1.510302397014742724e+02
1.351761445606393863e+01 -1.510347798928834777e+02
1.354616274424992639e+01 -1.510314080362485072e+02
1.357471103243589994e+01 -1.510243787400711994e+02
1.360325932062190191e+01 -1.510045568378870371e+02
1.363180760880787545e+01 -1.509828152751497328e+02
1.366035589699386321e+01 -1.509511827625871092e+02
1.368890418517985097e+01 -1.509276290840995784e+02
1.371745247336583873e+01 -1.509059143779017234e+02
1.374600076155181227e+01 -1.508930727590883976e+02
1.377454904973780003e+01 -1.508895812801174543e+02
1.380309733792380200e+01 -1.508960281736414686e+02
1.383164562610976134e+01 -1.509139315608669847e+02
1.386019391429576331e+01 -1.509342486528610152e+02
1.388874220248175106e+01 -1.509574812917327051e+02
1.391729049066772461e+01 -1.509797908942293247e+02
1.394583877885371237e+01 -1.510014175206690084e+02
1.397438706703970013e+01 -1.510084808521156390e+02
1.400293535522568789e+01 -1.510157041282568287e+02
1.403148364341167564e+01 -1.510127040285442206e+02
1.406003193159766340e+01 -1.510041367872320848e+02
1.408858021978363695e+01 -1.509977963154636313e+02
1.411712850796962471e+01 -1.509897777301150938e+02
1.414567679615561246e+01 -1.509901666240048428e+02
1.417422508434158601e+01 -1.509966436311907785e+02
1.420277337252758798e+01 -1.510143808721532537e+02
1.423132166071357574e+01 -1.510402491929045823e+02
1.425986994889954929e+01 -1.510739064420026807e+02
