-1.425986994889954929e+01 -1.510738181022551601e+02
-1.423132166071357574e+01 -1.510401447361890632e+02
-1.420277337252758798e+01 -1.510142573928992817e+02
-1.417422508434160022e+01 -1.509964979542951085e+02
-1.414567679615561246e+01 -1.509899951774552846e+02
-1.411712850796962471e+01 -1.509895768342898066e+02
-1.408858021978363695e+01 -1.509975619127833966e+02
-1.406003193159766340e+01 -1.510038651398360798e+02
-1.403148364341167564e+01 -1.510123910962822151e+02
-1.400293535522568789e+01 -1.510153464287383827e+02
-1.397438706703971434e+01 -1.510080755575220905e+02
-1.394583877885371237e+01 -1.510009611836848649e+02
-1.391729049066772461e+01 -1.509792819899814447e+02
-1.388874220248175106e+01 -1.509569173213876638e+02
-1.386019391429576331e+01 -1.509336275463298023e+02
-1.383164562610977555e+01 -1.509132511227847431e+02
-1.380309733792380200e+01 -1.508952866812096545e+02
-1.377454904973780003e+01 -1.508887758079254411e+02
-1.374600076155181227e+01 -1.508922008196335298e+02
-1.371745247336583873e+01 -1.509049738647481149e+02
-1.368890418517985097e+01 -1.509266183444168234e+02
-1.366035589699386321e+01 -1.509501023290898445e+02
-1.363180760880788966e+01 -1.509816648794414391e+02
-1.360325932062190191e+01 -1.510033418754290437e+02
-1.357471103243589994e+01 -1.510231037562283234e+02
-1.354616274424992639e+01 -1.510300820518513376e+02
-1.351761445606393863e+01 -1.510334105201080206e+02
-1.348906616787795087e+01 -1.510288370115962380e+02
-1.346051787969197733e+01 -1.510207324199402876e+02
-1.343196959150598957e+01 -1.510092213102880692e+02
-1.340342130332000181e+01 -1.510054590922853208e+02
-1.337487301513401405e+01 -1.510077668947515406e+02
-1.334632472694802630e+01 -1.510212161811690521e+02
-1.331777643876203854e+01 -1.510440088026502110e+02
-1.328922815057606499e+01 -1.510767321523584030e+02
-1.326067986239007723e+01 -1.511200518210923747e+02
-1.323213157420408947e+01 -1.511626004993276240e+02
-1.320358328601811593e+01 -1.512102599986351379e+02
-1.317503499783211396e+01 -1.512496795034028310e+02
-1.314648670964612620e+01 -1.512841250660997332e+02
-1.311793842146015265e+01 -1.513085825168721499e+02
-1.308939013327416490e+01 -1.513229093972861676e+02
-1.306084184508817714e+01 -1.513247910566669248e+02
-1.303229355690220359e+01 -1.513278882681352115e+02
-1.300374526871621583e+01 -1.513328499910941787e+02
-1.297519698053021386e+01 -1.513422500016519905e+02
-1.294664869234424032e+01 -1.513669561486802024e+02
-1.291810040415825256e+01 -1.513992481252398932e+02
-1.288955211597226480e+01 -1.514467960752108979e+02
-1.286100382778629125e+01 -1.514995101476966965e+02
-1.283245553960030350e+01 -1.515674027246081721e+02
-1.280390725141431574e+01 -1.516331527209609362e+02
-1.277535896322832798e+01 -1.517064773348554070e+02
-1.274681067504234022e+01 -1.517767370685431274e+02
-1.271826238685635246e+01 -1.518401304635999054e+02
-1.268971409867037892e+01 -1.518921326213726388e+02
-1.266116581048439116e+01 -1.519487148533833647e+02
-1.263261752229840340e+01 -1.520082739944959940e+02
-1.260406923411241564e+01 -1.520781094105388718e+02
-1.257552094592642788e+01 -1.521679099473112444e+02
-1.254697265774044013e+01 -1.522945522356787080e+02
-1.251842436955446658e+01 -1.524520390862847989e+02
-1.248987608136847882e+01 -1.526632117776207735e+02
-1.246132779318249106e+01 -1.529265473129210591e+02
-1.243277950499651752e+01 -1.532167185903392408e+02
-1.240423121681051555e+01 -1.535723402944849738e+02
-1.237568292862452779e+01 -1.539712869406930622e+02
-1.234713464043855424e+01 -1.544060748455585497e+02
-1.231858635225256648e+01 -1.548547707214169691e+02
-1.229003806406657873e+01 -1.552871653832497429e+02
-1.226148977588060518e+01 -1.557002034407033761e+02
-1.223294148769461742e+01 -1.560692720776114584e+02
-1.220439319950861545e+01 -1.563488851336418008e+02
-1.217584491132264191e+01 -1.565442416180196972e+02
-1.214729662313665415e+01 -1.566590313719390224e+02
-1.211874833495066639e+01 -1.567086619450571732e+02
-1.209020004676469284e+01 -1.567093937192988164e+02
-1.206165175857870508e+01 -1.566885851236267797e+02
-1.203310347039271733e+01 -1.566636398444279905e+02
-1.200455518220672957e+01 -1.566260752731059540e+02
-1.197600689402074181e+01 -1.565945342998099932e+02
-1.194745860583475405e+01 -1.565855080182023187e+02
-1.191891031764878051e+01 -1.566056107036817480e+02
-1.189036202946279275e+01 -1.566388311599980625e+02
-1.186181374127680499e+01 -1.566865892747430280e+02
-1.183326545309081723e+01 -1.567450421095013837e+02
-1.180471716490482947e+01 -1.568146723154437439e+02
-1.177616887671884172e+01 -1.568880703938490910e+02
-1.174762058853286817e+01 -1.569698976629652520e+02
-1.171907230034688041e+01 -1.570613782412861781e+02
-1.169052401216089265e+01 -1.571631372460005025e+02
-1.166197572397491911e+01 -1.572764556828047660e+02
-1.163342743578891714e+01 -1.573990624016019808e+02
-1.160487914760292938e+01 -1.575272118899871145e+02
-1.157633085941695583e+01 -1.576548849479381147e+02
-1.154778257123096807e+01 -1.577357860818888753e+02
-1.151923428304498032e+01 -1.578080378912785022e+02
-1.149068599485900677e+01 -1.578654657353800985e+02
-1.146213770667301901e+01 -1.579004818835300057e+02
-1.143358941848701704e+01 -1.579118586705992584e+02
-1.140504113030104349e+01 -1.579026051232038697e+02
-1.137649284211505574e+01 -1.578791989975366334e+02
-1.134794455392906798e+01 -1.578515353171583229e+02
-1.131939626574309443e+01 -1.578288485292731593e+02
-1.129084797755710667e+01 -1.578191276043492906e+02
-1.126229968937111892e+01 -1.578281168230060700e+02
-1.123375140118513116e+01 -1.578571513595552744e+02
-1.120520311299914340e+01 -1.579034626776018513e+02
-1.117665482481315564e+01 -1.579632402030966603e+02
-1.114810653662718209e+01 -1.580256058218025998e+02
-1.111955824844119434e+01 -1.580792311495259241e+02
-1.109100996025520658e+01 -1.581039376408362784e+02
-1.106246167206923303e+01 -1.581059135103512574e+02
-1.103391338388323106e+01 -1.580820059442102945e+02
-1.100536509569724331e+01 -1.580336917804220036e+02
-1.097681680751126976e+01 -1.579667603739364097e+02
-1.094826851932528200e+01 -1.578916047921481152e+02
-1.091972023113929424e+01 -1.578192509374184453e+02
-1.089117194295332069e+01 -1.577593133023547125e+02
-1.086262365476733294e+01 -1.577203500831872702e+02
-1.083407536658134518e+01 -1.577039593036335248e+02
-1.080552707839535742e+01 -1.577094926561720740e+02
-1.077697879020936966e+01 -1.577337731379537331e+02
-1.074843050202338191e+01 -1.577680022499814072e+02
-1.071988221383740836e+01 -1.578018598026096413e+02
-1.069133392565142060e+01 -1.578250538006251134e+02
-1.066278563746543284e+01 -1.578257349678104902e+02
-1.063423734927944508e+01 -1.577951565338370870e+02
-1.060568906109345733e+01 -1.577407393173478454e+02
-1.057714077290746957e+01 -1.576668760431627447e+02
-1.054859248472149602e+01 -1.575820277160890157e+02
-1.052004419653550826e+01 -1.574966428417201882e+02
-1.049149590834952050e+01 -1.574212876065063256e+02
-1.046294762016353275e+01 -1.573644387593417662e+02
-1.043439933197754499e+01 -1.573312945431810022e+02
-1.040585104379157144e+01 -1.573229627632902066e+02
-1.037730275560558368e+01 -1.573357093298747031e+02
-1.034875446741959593e+01 -1.573641123936853887e+02
-1.032020617923360817e+01 -1.573973912412100447e+02
-1.029165789104763462e+01 -1.574248605964284025e+02
-1.026310960286163265e+01 -1.574363435187276536e+02
-1.023456131467565910e+01 -1.574245014566718339e+02
-1.020601302648967135e+01 -1.573861720777753987e+02
-1.017746473830368359e+01 -1.573179975900764589e+02
-1.014891645011769583e+01 -1.572338552112230730e+02
-1.012036816193172228e+01 -1.571425854228515107e+02
-1.009181987374573453e+01 -1.570553754346477717e+02
-1.006327158555974677e+01 -1.569819727753337020e+02
-1.003472329737375901e+01 -1.569293333708503440e+02
-1.000617500918777125e+01 -1.569005427442918403e+02
-9.977626721001797705e+00 -1.568945467022937805e+02
-9.949078432815809947e+00 -1.569059124858628707e+02
-9.920530144629822189e+00 -1.569260529709870298e+02
-9.891981856443834431e+00 -1.569442611679033632e+02
-9.863433568257846673e+00 -1.569497763201242151e+02
-9.834885280071858915e+00 -1.569339097285252365e+02
-9.806336991885885368e+00 -1.568921850310674699e+02
-9.777788703699897610e+00 -1.568257524893273285e+02
-9.749240415513909852e+00 -1.567379929318391305e+02
-9.720692127327922094e+00 -1.566333853593381491e+02
-9.692143839141934336e+00 -1.565275314015763968e+02
-9.663595550955946578e+00 -1.564309272021924926e+02
-9.635047262769973031e+00 -1.563518656841907841e+02
-9.606498974583985273e+00 -1.562954590829219796e+02
-9.577950686397997515e+00 -1.562624833954438373e+02
-9.549402398212023968e+00 -1.562496747881723707e+02
-9.520854110026036210e+00 -1.562501725523748632e+02
-9.492305821840034241e+00 -1.562544939229287024e+02
-9.463757533654060694e+00 -1.562523284500788918e+02
-9.435209245468072936e+00 -1.562343206604296881e+02
-9.406660957282085178e+00 -1.561942291913608187e+02
-9.378112669096111631e+00 -1.561304128480974782e+02
-9.349564380910123873e+00 -1.560461597735129828e+02
-9.321016092724136115e+00 -1.559486404656688023e+02
-9.292467804538148357e+00 -1.558424996957183453e+02
-9.263919516352160599e+00 -1.557398083867586820e+02
-9.235371228166172841e+00 -1.556514006517751056e+02
-9.206822939980199294e+00 -1.555837529873143410e+02
-9.178274651794211536e+00 -1.555396736552443713e+02
-9.149726363608223778e+00 -1.555180246243148474e+02
-9.121178075422250231e+00 -1.555140140724785738e+02
-9.092629787236248262e+00 -1.555197474955066923e+02
-9.064081499050260504e+00 -1.555256291361942260e+02
-9.035533210864286957e+00 -1.555220624611455662e+02
-9.006984922678299199e+00 -1.555013458555069974e+02
-8.978436634492311441e+00 -1.554594085031026225e+02
-8.949888346306337894e+00 -1.553967737463758283e+02
-8.921340058120350136e+00 -1.553184476833794463e+02
-8.892791769934348167e+00 -1.552304284791252371e+02
-8.864243481748374620e+00 -1.551416108530056874e+02
-8.835695193562386862e+00 -1.550591748713820550e+02
-8.807146905376399104e+00 -1.549944710192689854e+02
-8.778598617190425557e+00 -1.549523077647137370e+02
-8.750050329004437799e+00 -1.549337420053038841e+02
-8.721502040818450041e+00 -1.549360124470495066e+02
-8.692953752632462283e+00 -1.549528925584779131e+02
-8.664405464446474525e+00 -1.549756750897298900e+02
-8.635857176260486767e+00 -1.549945952133753053e+02
-8.607308888074513220e+00 -1.550006783857701862e+02
-8.578760599888525462e+00 -1.549876178870896979e+02
-8.550212311702537704e+00 -1.549532375270657099e+02
-8.521664023516549946e+00 -1.549000429646572456e+02
-8.493115735330562188e+00 -1.548346384868011398e+02
-8.464567447144574430e+00 -1.547662671032105948e+02
-8.436019158958600883e+00 -1.546920741285671852e+02
-8.407470870772613125e+00 -1.546329460861846599e+02
-8.378922582586625367e+00 -1.545932059924375039e+02
-8.350374294400651820e+00 -1.545778979611618809e+02
-8.321826006214649851e+00 -1.545864123671302366e+02
-8.293277718028662093e+00 -1.546142504217853570e+02
-8.264729429842688546e+00 -1.546536523932604155e+02
-8.236181141656700788e+00 -1.546947845950944327e+02
-8.207632853470713030e+00 -1.547274684915718126e+02
-8.179084565284739483e+00 -1.547431826510124608e+02
-8.150536277098751725e+00 -1.547369839643011744e+02
-8.121987988912749756e+00 -1.547087086534150728e+02
-8.093439700726776209e+00 -1.546630709482633392e+02
-8.064891412540788451e+00 -1.546085916101312137e+02
-8.036343124354800693e+00 -1.545557519215971922e+02
-8.007794836168827146e+00 -1.545045758063242261e+02
-7.979246547982839388e+00 -1.544588033436623391e+02
-7.950698259796837419e+00 -1.544404740665517011e+02
-7.922149971610863872e+00 -1.544489886572380897e+02
-7.893601683424876114e+00 -1.544821135561818721e+02
-7.865053395238888356e+00 -1.545331750962780575e+02
-7.836505107052914809e+00 -1.545923764680060515e+02
-7.807956818866927051e+00 -1.546483427763997156e+02
-7.779408530680939293e+00 -1.546902022611625398e+02
-7.750860242494951535e+00 -1.547099204323874062e+02
-7.722311954308963777e+00 -1.547042014531322422e+02
-7.693763666122976019e+00 -1.546753746060161632e+02
-7.665215377937002472e+00 -1.546308701260846306e+02
-7.636667089751014714e+00 -1.545815391923008804e+02
-7.608118801565026956e+00 -1.545393454955181198e+02
-7.579570513379053409e+00 -1.545151350626635747e+02
-7.551022225193051440e+00 -1.544756091583712418e+02
-7.522473937007063682e+00 -1.544700410566060782e+02
-7.493925648821090135e+00 -1.544948724363029555e+02
-7.465377360635102377e+00 -1.545450934164168473e+02
-7.436829072449114619e+00 -1.546111041926247935e+02
-7.408280784263141072e+00 -1.546804261448906459e+02
-7.379732496077153314e+00 -1.547397735618820604e+02
-7.351184207891151345e+00 -1.547776770335281356e+02
-7.322635919705177798e+00 -1.547871050808776943e+02
-7.294087631519190040e+00 -1.547672538421375350e+02
-7.265539343333202282e+00 -1.547238004002438743e+02
-7.236991055147228735e+00 -1.546675195629596828e+02
-7.208442766961240977e+00 -1.546117881521116146e+02
-7.179894478775253219e+00 -1.545698497683678454e+02
-7.151346190589265461e+00 -1.545524837341693001e+02
-7.122797902403277703e+00 -1.545418439915568172e+02
-7.094249614217289945e+00 -1.545221266605414598e+02
-7.065701326031316398e+00 -1.545454921309726615e+02
-7.037153037845328640e+00 -1.545936754646106408e+02
-7.008604749659340882e+00 -1.546534070640539653e+02
-6.980056461473367335e+00 -1.547093121086375902e+02
-6.951508173287365366e+00 -1.547466528032624069e+02
-6.922959885101377608e+00 -1.547544698864213615e+02
-6.894411596915404061e+00 -1.547282292036733793e+02
-6.865863308729416303e+00 -1.546709665440048127e+02
-6.837315020543428545e+00 -1.545924242979760663e+02
-6.808766732357454998e+00 -1.545065503690995286e+02
-6.780218444171467240e+00 -1.544283285103896901e+02
-6.751670155985465271e+00 -1.543708861089309039e+02
-6.723121867799491724e+00 -1.543433879735150640e+02
-6.694573579613503966e+00 -1.543497714182786922e+02
-6.666025291427516208e+00 -1.543050273608833720e+02
-6.637477003241542661e+00 -1.542977181789834447e+02
-6.608928715055554903e+00 -1.543119578474744173e+02
-6.580380426869567145e+00 -1.543311087614125370e+02
-6.551832138683579387e+00 -1.543385578383143866e+02
-6.523283850497591629e+00 -1.543204237558406362e+02
-6.494735562311603871e+00 -1.542687389181849937e+02
-6.466187274125630324e+00 -1.541832583130988894e+02
-6.437638985939642566e+00 -1.540712614104694183e+02
-6.409090697753654808e+00 -1.539454177935010648e+02
-6.380542409567667050e+00 -1.538205942812359410e+02
-6.351994121381679292e+00 -1.537107026078818137e+02
-6.323445833195691534e+00 -1.536262722308242985e+02
-6.294897545009717987e+00 -1.535729565962091954e+02
-6.266349256823730229e+00 -1.535508391255792446e+02
-6.237800968637742471e+00 -1.535226872474106017e+02
-6.209252680451754713e+00 -1.534459794181651660e+02
-6.180704392265766955e+00 -1.534018695813294357e+02
-6.152156104079779197e+00 -1.533565255916678893e+02
-6.123607815893805650e+00 -1.532959876976212570e+02
-6.095059527707817892e+00 -1.532100997621348029e+02
-6.066511239521830134e+00 -1.530953676748272869e+02
-6.037962951335856587e+00 -1.529553359301070827e+02
-6.009414663149854618e+00 -1.527992164012715364e+02
-5.980866374963866861e+00 -1.526393171613169670e+02
-5.952318086777893313e+00 -1.524881686135757093e+02
-5.923769798591905555e+00 -1.523561065976905411e+02
-5.895221510405917797e+00 -1.522496425436867469e+02
-5.866673222219944250e+00 -1.521706253949814425e+02
-5.838124934033956492e+00 -1.521160706621172096e+02
-5.809576645847954524e+00 -1.520785838830295233e+02
-5.781028357661980976e+00 -1.519701540474451633e+02
-5.752480069475993218e+00 -1.518733613358435264e+02
-5.723931781290005461e+00 -1.517750246217389645e+02
-5.695383493104031913e+00 -1.516628137933425933e+02
-5.666835204918044155e+00 -1.515316580241595830e+02
-5.638286916732056397e+00 -1.513812168231080477e+02
-5.609738628546068639e+00 -1.512163230683537165e+02
-5.581190340360080882e+00 -1.510453396484887776e+02
-5.552642052174093124e+00 -1.508779767357688115e+02
-5.524093763988119576e+00 -1.507231789700877584e+02
-5.495545475802131818e+00 -1.505875000296254314e+02
-5.466997187616144060e+00 -1.504740925860834579e+02
-5.438448899430170513e+00 -1.503823143724332851e+02
-5.409900611244168545e+00 -1.503078667478520742e+02
-5.381352323058180787e+00 -1.502434441192063730e+02
-5.352804034872207239e+00 -1.501610377664561611e+02
-5.324255746686219481e+00 -1.500256410769700892e+02
-5.295707458500231724e+00 -1.499013904180029328e+02
-5.267159170314258176e+00 -1.497674349865507679e+02
-5.238610882128270418e+00 -1.496210808442760083e+02
-5.210062593942268450e+00 -1.494636804405997168e+02
-5.181514305756294902e+00 -1.492997628795363596e+02
-5.152966017570307145e+00 -1.491359357137365294e+02
-5.124417729384319387e+00 -1.489792378961824113e+02
-5.095869441198345839e+00 -1.488356562235011609e+02
-5.067321153012358081e+00 -1.487090349549658015e+02
-5.038772864826370323e+00 -1.486004585333531338e+02
-5.010224576640382566e+00 -1.485081011119482071e+02
-4.981676288454394808e+00 -1.484275127353027983e+02
-4.953128000268407050e+00 -1.483523145192778827e+02
-4.924579712082433502e+00 -1.482752523291601108e+02
-4.896031423896445745e+00 -1.481482832398058065e+02
-4.867483135710457987e+00 -1.480178868544326747e+02
-4.838934847524484439e+00 -1.478829860763147224e+02
-4.810386559338482471e+00 -1.477398350177536486e+02
-4.781838271152494713e+00 -1.475909856402562070e+02
-4.753289982966521166e+00 -1.474402748229476288e+02
-4.724741694780533408e+00 -1.472927680511356812e+02
-4.696193406594545650e+00 -1.471535235654018265e+02
-4.667645118408572102e+00 -1.470265249048702572e+02
-4.639096830222584344e+00 -1.469139278772050830e+02
-4.610548542036582376e+00 -1.468156775583187823e+02
-4.582000253850608829e+00 -1.467294983518251570e+02
-4.553451965664621071e+00 -1.466512378721854191e+02
-4.524903677478633313e+00 -1.465755283825133688e+02
-4.496355389292659765e+00 -1.464966939281441114e+02
-4.467807101106672008e+00 -1.464013440042900243e+02
-4.439258812920684250e+00 -1.462703722837506461e+02
-4.410710524734696492e+00 -1.461430393844608204e+02
-4.382162236548708734e+00 -1.460113510500064535e+02
-4.353613948362720976e+00 -1.458767406624394596e+02
-4.325065660176747429e+00 -1.457428338780483443e+02
-4.296517371990759671e+00 -1.456135641275739658e+02
-4.267969083804771913e+00 -1.454926405468208088e+02
-4.239420795618784155e+00 -1.453827510155108769e+02
-4.210872507432796397e+00 -1.452850220322014820e+02
-4.182324219246808639e+00 -1.451987842888991622e+02
-4.153775931060835092e+00 -1.451216440983657776e+02
-4.125227642874847334e+00 -1.450498437821701430e+02
-4.096679354688859576e+00 -1.449788676392655589e+02
-4.068131066502871818e+00 -1.449042130107064850e+02
-4.039582778316884060e+00 -1.448221990876580492e+02
-4.011034490130910513e+00 -1.447104141901037337e+02
-3.982486201944922755e+00 -1.445937434982435548e+02
-3.953937913758934997e+00 -1.444757361564862777e+02
-3.925389625572947239e+00 -1.443565004208610958e+02
-3.896841337386973692e+00 -1.442393842007084572e+02
-3.868293049200971723e+00 -1.441275202814762224e+02
-3.839744761014998176e+00 -1.440237047245059614e+02
-3.811196472829010418e+00 -1.439297771345837305e+02
-3.782648184643022660e+00 -1.438462242513440970e+02
-3.754099896457034902e+00 -1.437720406322256679e+02
-3.725551608271061355e+00 -1.437048491543031332e+02
-3.697003320085073597e+00 -1.436412604747044099e+02
-3.668455031899085839e+00 -1.435774239358846955e+02
-3.639906743713098081e+00 -1.435096883936645611e+02
-3.611358455527110323e+00 -1.434352561615334025e+02
-3.582810167341136776e+00 -1.433490259052431384e+02
-3.554261879155149018e+00 -1.432414931474366142e+02
-3.525713590969161260e+00 -1.431367938341268768e+02
-3.497165302783173502e+00 -1.430326049167958615e+02
-3.468617014597185744e+00 -1.429310998635033343e+02
-3.440068726411197986e+00 -1.428350785857562926e+02
-3.411520438225224439e+00 -1.427467062601015755e+02
-3.382972150039236681e+00 -1.426672520385456835e+02
-3.354423861853248923e+00 -1.425967903354160455e+02
-3.325875573667261165e+00 -1.425341265453990331e+02
-3.297327285481287618e+00 -1.424769478362410950e+02
-3.268778997295285649e+00 -1.424221750133526996e+02
-3.240230709109312102e+00 -1.423664658897324102e+02
-3.211682420923324344e+00 -1.423067903530852618e+02
-3.183134132737336586e+00 -1.422409714112791335e+02
-3.154585844551363039e+00 -1.421680790414541775e+02
-3.126037556365375281e+00 -1.420784048415043230e+02
-3.097489268179387523e+00 -1.419861622538978168e+02
-3.068940979993399765e+00 -1.418956871679799860e+02
-3.040392691807412007e+00 -1.418084277887567453e+02
-3.011844403621424249e+00 -1.417266855999747293e+02
-2.983296115435450702e+00 -1.416522017294604723e+02
-2.954747827249462944e+00 -1.415858487316543517e+02
-2.926199539063475186e+00 -1.415274243741424982e+02
-2.897651250877487428e+00 -1.414756233013344229e+02
-2.869102962691499670e+00 -1.414282073593277573e+02
-2.840554674505511912e+00 -1.413823483676962951e+02
-2.812006386319538365e+00 -1.413350925462239900e+02
-2.783458098133550607e+00 -1.412838696800234857e+02
-2.754909809947562849e+00 -1.412269509029674168e+02
-2.726361521761589302e+00 -1.411637593253562386e+02
-2.697813233575601544e+00 -1.410934238018292888e+02
-2.669264945389599575e+00 -1.410116404613558245e+02
-2.640716657203626028e+00 -1.409337278694657414e+02
-2.612168369017638270e+00 -1.408594555885314037e+02
-2.583620080831650512e+00 -1.407906631003591542e+02
-2.555071792645676965e+00 -1.407287861665193702e+02
-2.526523504459689207e+00 -1.406744121646552514e+02
-2.497975216273701449e+00 -1.406271447029781143e+02
-2.469426928087713691e+00 -1.405856090862248493e+02
-2.440878639901725933e+00 -1.405476361783288439e+02
-2.412330351715738175e+00 -1.405105967521551520e+02
-2.383782063529764628e+00 -1.404718349880294568e+02
-2.355233775343776870e+00 -1.404291270737423361e+02
-2.326685487157789112e+00 -1.403810769179799252e+02
-2.298137198971801354e+00 -1.403273653641957992e+02
-2.269588910785813596e+00 -1.402687971139269223e+02
-2.241040622599825838e+00 -1.402019922162805301e+02
-2.212492334413852291e+00 -1.401354674622619996e+02
-2.183944046227864533e+00 -1.400730783473480017e+02
-2.155395758041876775e+00 -1.400161614774623615e+02
-2.126847469855889017e+00 -1.399658731777901153e+02
-2.098299181669901259e+00 -1.399225884924009051e+02
-2.069750893483913501e+00 -1.398857678184831457e+02
-2.041202605297939954e+00 -1.398539880586137656e+02
-2.012654317111952196e+00 -1.398251369120712013e+02
-1.984106028925964438e+00 -1.397967406012151343e+02
-1.955557740739990891e+00 -1.397663734086087288e+02
-1.927009452553988922e+00 -1.397320774803321513e+02
-1.898461164368001164e+00 -1.396927112992244986e+02
-1.869912876182027617e+00 -1.396481529932594867e+02
-1.841364587996039859e+00 -1.395993132182203453e+02
-1.812816299810052101e+00 -1.395474039864876374e+02
-1.784268011624078554e+00 -1.394909090428818672e+02
-1.755719723438090796e+00 -1.394395665676934186e+02
-1.727171435252088827e+00 -1.393936903868695367e+02
-1.698623147066115280e+00 -1.393541935393801907e+02
-1.670074858880127522e+00 -1.393213086546085151e+02
-1.641526570694139764e+00 -1.392943849264516416e+02
-1.612978282508166217e+00 -1.392719606914228621e+02
-1.584429994322178459e+00 -1.392519666288531539e+02
-1.555881706136190701e+00 -1.392320490960077279e+02
-1.527333417950202943e+00 -1.392099615745785286e+02
-1.498785129764215185e+00 -1.391839546882997354e+02
-1.470236841578227427e+00 -1.391530881539409279e+02
-1.441688553392253880e+00 -1.391173983956777249e+02
-1.413140265206266122e+00 -1.390778846406813898e+02
-1.384591977020278364e+00 -1.390363172108462493e+02
-1.356043688834304817e+00 -1.389924216304812035e+02
-1.327495400648302848e+00 -1.389513263407473289e+02
-1.298947112462315090e+00 -1.389159320424179498e+02
-1.270398824276341543e+00 -1.388867751399383792e+02
-1.241850536090353785e+00 -1.388638611472342745e+02
-1.213302247904366027e+00 -1.388465110614675950e+02
-1.184753959718392480e+00 -1.388332237243002680e+02
-1.156205671532404722e+00 -1.388219537646743049e+02
-1.127657383346402753e+00 -1.388104329296907906e+02
-1.099109095160429206e+00 -1.387965485196213251e+02
-1.070560806974441448e+00 -1.387787107109464273e+02
-1.042012518788453690e+00 -1.387561359043318987e+02
-1.013464230602480143e+00 -1.387289855981745461e+02
-9.849159424164923848e-01 -1.386983299489088211e+02
-9.563676542305046269e-01 -1.386659445173425524e+02
-9.278193660445168689e-01 -1.386338753593975639e+02
-8.992710778585291109e-01 -1.386019947368857004e+02
-8.707227896725413530e-01 -1.385761491556077090e+02
-8.421745014865678058e-01 -1.385565953692832579e+02
-8.136262133005800479e-01 -1.385419720815505968e+02
-7.850779251145922899e-01 -1.385317758435620306e+02
-7.565296369286187428e-01 -1.385240468006935544e+02
-7.279813487426167740e-01 -1.385161724084452146e+02
-6.994330605566290160e-01 -1.385051767743874791e+02
-6.708847723706554689e-01 -1.384880643799087636e+02
-6.423364841846677109e-01 -1.384621563857133424e+02
-6.137881959986799529e-01 -1.384253544290019988e+02
-5.852399078127064058e-01 -1.383762796904814536e+02
-5.566916196267186479e-01 -1.383142643862687748e+02
-5.281433314407166790e-01 -1.382392115305046616e+02
-4.995950432547431319e-01 -1.381513751029148125e+02
-4.710467550687553739e-01 -1.380501364929968986e+02
-4.424984668827676160e-01 -1.379369659285314071e+02
-4.139501786967940689e-01 -1.378127271000736016e+02
-3.854018905108063109e-01 -1.376769211197754146e+02
-3.568536023248043421e-01 -1.375294208577836343e+02
-3.283053141388307949e-01 -1.373712664771368850e+02
-2.997570259528430370e-01 -1.372039610200738764e+02
-2.712087377668552790e-01 -1.370299691857247808e+02
-2.426604495808817319e-01 -1.368527608543203939e+02
-2.141121613948939739e-01 -1.366767016233028471e+02
-1.855638732088920051e-01 -1.365068090062560486e+02
-1.570155850229184580e-01 -1.363484214441947984e+02
-1.284672968369307000e-01 -1.362068377342462782e+02
-9.991900865094294204e-02 -1.360869777778429182e+02
-7.137072046496939492e-02 -1.359930984258674869e+02
-4.282243227898163695e-02 -1.359285792529661592e+02
-1.427414409299387898e-02 -1.358951594735838739e+02
1.427414409299387898e-02 -1.358951594735839024e+02
4.282243227898163695e-02 -1.359285792529660739e+02
7.137072046496939492e-02 -1.359930984258672026e+02
9.991900865094294204e-02 -1.360869777778438845e+02
1.284672968369307000e-01 -1.362068377342459655e+02
1.570155850229184580e-01 -1.363484214441951110e+02
1.855638732088920051e-01 -1.365068090062553949e+02
2.141121613948939739e-01 -1.366767016233028471e+02
2.426604495808817319e-01 -1.368527608543199108e+02
2.712087377668552790e-01 -1.370299691857243545e+02
2.997570259528430370e-01 -1.372039610200739332e+02
3.283053141388307949e-01 -1.373712664771372260e+02
3.568536023248043421e-01 -1.375294208577839470e+02
3.854018905107921000e-01 -1.376769211197753293e+02
4.139501786967940689e-01 -1.378127271000734027e+02
4.424984668827676160e-01 -1.379369659285309808e+02
4.710467550687553739e-01 -1.380501364929964723e+02
4.995950432547431319e-01 -1.381513751029141872e+02
5.281433314407166790e-01 -1.382392115305050027e+02
5.566916196267044370e-01 -1.383142643862682917e+02
5.852399078126921950e-01 -1.383762796904827326e+02
6.137881959986799529e-01 -1.384253544290009472e+02
6.423364841846677109e-01 -1.384621563857117508e+02
6.708847723706554689e-01 -1.384880643799075699e+02
6.994330605566290160e-01 -1.385051767743883886e+02
7.279813487426167740e-01 -1.385161724084449588e+02
7.565296369286045319e-01 -1.385240468006921049e+02
7.850779251145780790e-01 -1.385317758435604389e+02
8.136262133005800479e-01 -1.385419720815505968e+02
8.421745014865678058e-01 -1.385565953692815810e+02
8.707227896725413530e-01 -1.385761491556076237e+02
8.992710778585291109e-01 -1.386019947368853877e+02
9.278193660445168689e-01 -1.386338753593977344e+02
9.563676542304904160e-01 -1.386659445173411029e+02
9.849159424164781740e-01 -1.386983299489082242e+02
1.013464230602480143e+00 -1.387289855981758251e+02
1.042012518788453690e+00 -1.387561359043319271e+02
1.070560806974441448e+00 -1.387787107109470242e+02
1.099109095160429206e+00 -1.387965485196224904e+02
1.127657383346402753e+00 -1.388104329296904780e+02
1.156205671532390511e+00 -1.388219537646750439e+02
1.184753959718378269e+00 -1.388332237242997564e+02
1.213302247904366027e+00 -1.388465110614680498e+02
1.241850536090353785e+00 -1.388638611472343314e+02
1.270398824276341543e+00 -1.388867751399383792e+02
1.298947112462315090e+00 -1.389159320424179214e+02
1.327495400648302848e+00 -1.389513263407468742e+02
1.356043688834304817e+00 -1.389924216304814308e+02
1.384591977020264153e+00 -1.390363172108455387e+02
1.413140265206266122e+00 -1.390778846406816456e+02
1.441688553392253880e+00 -1.391173983956770712e+02
1.470236841578227427e+00 -1.391530881539408711e+02
1.498785129764215185e+00 -1.391839546882997070e+02
1.527333417950202943e+00 -1.392099615745789833e+02
1.555881706136190701e+00 -1.392320490960082964e+02
1.584429994322164248e+00 -1.392519666288539497e+02
1.612978282508166217e+00 -1.392719606914222936e+02
1.641526570694139764e+00 -1.392943849264519258e+02
1.670074858880127522e+00 -1.393213086546079467e+02
1.698623147066115280e+00 -1.393541935393801054e+02
1.727171435252088827e+00 -1.393936903868697925e+02
1.755719723438090796e+00 -1.394395665676936460e+02
1.784268011624064343e+00 -1.394909090428809861e+02
1.812816299810052101e+00 -1.395474039864872964e+02
1.841364587996039859e+00 -1.395993132182200611e+02
1.869912876182027617e+00 -1.396481529932605099e+02
1.898461164368001164e+00 -1.396927112992244417e+02
1.927009452553988922e+00 -1.397320774803318670e+02
1.955557740739976680e+00 -1.397663734086085867e+02
1.984106028925964438e+00 -1.397967406012137985e+02
2.012654317111952196e+00 -1.398251369120719119e+02
2.041202605297939954e+00 -1.398539880586124582e+02
2.069750893483913501e+00 -1.398857678184831457e+02
2.098299181669901259e+00 -1.399225884924011325e+02
2.126847469855889017e+00 -1.399658731777903711e+02
2.155395758041876775e+00 -1.400161614774629868e+02
2.183944046227864533e+00 -1.400730783473470638e+02
2.212492334413852291e+00 -1.401354674622631364e+02
2.241040622599825838e+00 -1.402019922162809848e+02
2.269588910785813596e+00 -1.402687971139274623e+02
2.298137198971801354e+00 -1.403273653641949181e+02
2.326685487157774901e+00 -1.403810769179788736e+02
2.355233775343776870e+00 -1.404291270737418245e+02
2.383782063529750417e+00 -1.404718349880277515e+02
2.412330351715738175e+00 -1.405105967521548394e+02
2.440878639901725933e+00 -1.405476361783296113e+02
2.469426928087713691e+00 -1.405856090862249062e+02
2.497975216273687238e+00 -1.406271447029763522e+02
2.526523504459674996e+00 -1.406744121646551093e+02
2.555071792645662754e+00 -1.407287861665190007e+02
2.583620080831650512e+00 -1.407906631003594953e+02
2.612168369017638270e+00 -1.408594555885310626e+02
2.640716657203626028e+00 -1.409337278694662530e+02
2.669264945389599575e+00 -1.410116404613555403e+02
2.697813233575587333e+00 -1.410934238018296298e+02
2.726361521761575091e+00 -1.411637593253561533e+02
2.754909809947562849e+00 -1.412269509029688095e+02
2.783458098133550607e+00 -1.412838696800237983e+02
2.812006386319524154e+00 -1.413350925462250700e+02
2.840554674505511912e+00 -1.413823483676960109e+02
2.869102962691499670e+00 -1.414282073593278142e+02
2.897651250877487428e+00 -1.414756233013367250e+02
2.926199539063460975e+00 -1.415274243741420150e+02
2.954747827249462944e+00 -1.415858487316540106e+02
2.983296115435436491e+00 -1.416522017294599607e+02
3.011844403621424249e+00 -1.417266855999745871e+02
3.040392691807412007e+00 -1.418084277887561200e+02
3.068940979993399765e+00 -1.418956871679805545e+02
3.097489268179373312e+00 -1.419861622538977031e+02
3.126037556365361070e+00 -1.420784048415039820e+02
3.154585844551348828e+00 -1.421680790414538649e+02
3.183134132737336586e+00 -1.422409714112788208e+02
3.211682420923324344e+00 -1.423067903530849492e+02
3.240230709109297891e+00 -1.423664658897325239e+02
3.268778997295285649e+00 -1.424221750133540922e+02
3.297327285481287618e+00 -1.424769478362417203e+02
3.325875573667261165e+00 -1.425341265453993458e+02
3.354423861853248923e+00 -1.425967903354167561e+02
3.382972150039236681e+00 -1.426672520385464793e+02
3.411520438225210228e+00 -1.427467062601025987e+02
3.440068726411197986e+00 -1.428350785857564631e+02
3.468617014597185744e+00 -1.429310998635057786e+02
3.497165302783173502e+00 -1.430326049167959752e+02
3.525713590969147049e+00 -1.431367938341275021e+02
3.554261879155149018e+00 -1.432414931474383195e+02
3.582810167341122565e+00 -1.433490259052435079e+02
3.611358455527110323e+00 -1.434352561615336299e+02
3.639906743713098081e+00 -1.435096883936649022e+02
3.668455031899071628e+00 -1.435774239358835587e+02
3.697003320085073597e+00 -1.436412604747053763e+02
3.725551608271047144e+00 -1.437048491543035880e+02
3.754099896457034902e+00 -1.437720406322260374e+02
3.782648184643022660e+00 -1.438462242513437559e+02
3.811196472829010418e+00 -1.439297771345840431e+02
3.839744761014983965e+00 -1.440237047245059330e+02
3.868293049200971723e+00 -1.441275202814763361e+02
3.896841337386973692e+00 -1.442393842007084288e+02
3.925389625572947239e+00 -1.443565004208604705e+02
3.953937913758934997e+00 -1.444757361564861924e+02
3.982486201944922755e+00 -1.445937434982437537e+02
4.011034490130896302e+00 -1.447104141901036485e+02
4.039582778316884060e+00 -1.448221990876587881e+02
4.068131066502871818e+00 -1.449042130107080197e+02
4.096679354688859576e+00 -1.449788676392657578e+02
4.125227642874847334e+00 -1.450498437821706261e+02
4.153775931060835092e+00 -1.451216440983672555e+02
4.182324219246808639e+00 -1.451987842889001001e+02
4.210872507432796397e+00 -1.452850220322023063e+02
4.239420795618784155e+00 -1.453827510155099105e+02
4.267969083804757702e+00 -1.454926405468210362e+02
4.296517371990759671e+00 -1.456135641275744490e+02
4.325065660176747429e+00 -1.457428338780485433e+02
4.353613948362720976e+00 -1.458767406624403122e+02
4.382162236548708734e+00 -1.460113510500073914e+02
4.410710524734696492e+00 -1.461430393844613604e+02
4.439258812920670039e+00 -1.462703722837509872e+02
4.467807101106657797e+00 -1.464013440042904506e+02
4.496355389292659765e+00 -1.464966939281451914e+02
4.524903677478633313e+00 -1.465755283825140793e+02
4.553451965664621071e+00 -1.466512378721858170e+02
4.582000253850608829e+00 -1.467294983518255549e+02
4.610548542036582376e+00 -1.468156775583191234e+02
4.639096830222570134e+00 -1.469139278772071862e+02
4.667645118408557892e+00 -1.470265249048690066e+02
4.696193406594545650e+00 -1.471535235654018265e+02
4.724741694780533408e+00 -1.472927680511347717e+02
4.753289982966521166e+00 -1.474402748229470319e+02
4.781838271152494713e+00 -1.475909856402560365e+02
4.810386559338482471e+00 -1.477398350177528812e+02
4.838934847524470229e+00 -1.478829860763134150e+02
4.867483135710443776e+00 -1.480178868544312820e+02
4.896031423896445745e+00 -1.481482832398053233e+02
4.924579712082433502e+00 -1.482752523291604518e+02
4.953128000268407050e+00 -1.483523145192783090e+02
4.981676288454394808e+00 -1.484275127353038783e+02
5.010224576640382566e+00 -1.485081011119472691e+02
5.038772864826356113e+00 -1.486004585333531622e+02
5.067321153012343871e+00 -1.487090349549660004e+02
5.095869441198345839e+00 -1.488356562235023546e+02
5.124417729384319387e+00 -1.489792378961829229e+02
5.152966017570307145e+00 -1.491359357137386326e+02
5.181514305756294902e+00 -1.492997628795359617e+02
5.210062593942268450e+00 -1.494636804406000010e+02
5.238610882128270418e+00 -1.496210808442744735e+02
5.267159170314243966e+00 -1.497674349865508816e+02
5.295707458500231724e+00 -1.499013904180034729e+02
5.324255746686219481e+00 -1.500256410769701176e+02
5.352804034872207239e+00 -1.501610377664563885e+02
5.381352323058180787e+00 -1.502434441192060603e+02
5.409900611244168545e+00 -1.503078667478520174e+02
5.438448899430170513e+00 -1.503823143724320914e+02
5.466997187616129850e+00 -1.504740925860830032e+02
5.495545475802131818e+00 -1.505875000296244650e+02
5.524093763988119576e+00 -1.507231789700869058e+02
5.552642052174093124e+00 -1.508779767357682715e+02
5.581190340360080882e+00 -1.510453396484880955e+02
5.609738628546068639e+00 -1.512163230683540291e+02
5.638286916732056397e+00 -1.513812168231074793e+02
5.666835204918029945e+00 -1.515316580241583893e+02
5.695383493104031913e+00 -1.516628137933410017e+02
5.723931781290005461e+00 -1.517750246217380266e+02
5.752480069475993218e+00 -1.518733613358445496e+02
5.781028357661980976e+00 -1.519701540474437707e+02
5.809576645847954524e+00 -1.520785838830284433e+02
5.838124934033956492e+00 -1.521160706621173802e+02
5.866673222219930040e+00 -1.521706253949811867e+02
5.895221510405917797e+00 -1.522496425436869458e+02
5.923769798591905555e+00 -1.523561065976908822e+02
5.952318086777893313e+00 -1.524881686135759935e+02
5.980866374963866861e+00 -1.526393171613170239e+02
6.009414663149854618e+00 -1.527992164012712237e+02
6.037962951335856587e+00 -1.529553359301072533e+02
6.066511239521830134e+00 -1.530953676748263774e+02
6.095059527707817892e+00 -1.532100997621346323e+02
6.123607815893805650e+00 -1.532959876976209728e+02
6.152156104079779197e+00 -1.533565255916680314e+02
6.180704392265766955e+00 -1.534018695813289241e+02
6.209252680451754713e+00 -1.534459794181660754e+02
6.237800968637742471e+00 -1.535226872474102038e+02
6.266349256823730229e+00 -1.535508391255794720e+02
6.294897545009717987e+00 -1.535729565962097070e+02
6.323445833195691534e+00 -1.536262722308239006e+02
6.351994121381679292e+00 -1.537107026078814158e+02
6.380542409567667050e+00 -1.538205942812357421e+02
6.409090697753640598e+00 -1.539454177934998995e+02
6.437638985939642566e+00 -1.540712614104702425e+02
6.466187274125630324e+00 -1.541832583130987757e+02
6.494735562311603871e+00 -1.542687389181849085e+02
6.523283850497591629e+00 -1.543204237558405794e+02
6.551832138683579387e+00 -1.543385578383149550e+02
6.580380426869552934e+00 -1.543311087614119685e+02
6.608928715055540692e+00 -1.543119578474741047e+02
6.637477003241542661e+00 -1.542977181789833026e+02
6.666025291427516208e+00 -1.543050273608831446e+02
6.694573579613503966e+00 -1.543497714182782374e+02
6.723121867799491724e+00 -1.543433879735145240e+02
6.751670155985465271e+00 -1.543708861089301649e+02
6.780218444171453029e+00 -1.544283285103893490e+02
6.808766732357440787e+00 -1.545065503690981359e+02
6.837315020543428545e+00 -1.545924242979758390e+02
6.865863308729416303e+00 -1.546709665440060348e+02
6.894411596915404061e+00 -1.547282292036736067e+02
6.922959885101377608e+00 -1.547544698864224415e+02
6.951508173287365366e+00 -1.547466528032627480e+02
6.980056461473353124e+00 -1.547093121086380165e+02
7.008604749659326671e+00 -1.546534070640548748e+02
7.037153037845328640e+00 -1.545936754646113229e+02
7.065701326031316398e+00 -1.545454921309724057e+02
7.094249614217289945e+00 -1.545221266605420567e+02
7.122797902403277703e+00 -1.545418439915569024e+02
7.151346190589265461e+00 -1.545524837341698969e+02
7.179894478775253219e+00 -1.545698497683681580e+02
7.208442766961226766e+00 -1.546117881521123536e+02
7.236991055147228735e+00 -1.546675195629603081e+02
7.265539343333202282e+00 -1.547238004002435048e+02
7.294087631519190040e+00 -1.547672538421376203e+02
7.322635919705177798e+00 -1.547871050808774669e+02
7.351184207891151345e+00 -1.547776770335279366e+02
7.379732496077153314e+00 -1.547397735618817478e+02
7.408280784263126861e+00 -1.546804261448907312e+02
7.436829072449114619e+00 -1.546111041926239693e+02
7.465377360635102377e+00 -1.545450934164161083e+02
7.493925648821090135e+00 -1.544948724363023302e+02
7.522473937007063682e+00 -1.544700410566060214e+02
7.551022225193051440e+00 -1.544756091583705597e+02
7.579570513379053409e+00 -1.545151350626639726e+02
7.608118801565012745e+00 -1.545393454955185462e+02
7.636667089751014714e+00 -1.545815391923005961e+02
7.665215377937002472e+00 -1.546308701260844884e+02
7.693763666122976019e+00 -1.546753746060172716e+02
7.722311954308963777e+00 -1.547042014531321570e+02
7.750860242494951535e+00 -1.547099204323889694e+02
7.779408530680939293e+00 -1.546902022611633640e+02
7.807956818866912840e+00 -1.546483427763997156e+02
7.836505107052914809e+00 -1.545923764680060515e+02
7.865053395238888356e+00 -1.545331750962779722e+02
7.893601683424876114e+00 -1.544821135561822700e+02
7.922149971610863872e+00 -1.544489886572384592e+02
7.950698259796837419e+00 -1.544404740665513032e+02
7.979246547982839388e+00 -1.544588033436624812e+02
8.007794836168827146e+00 -1.545045758063256471e+02
8.036343124354800693e+00 -1.545557519215985849e+02
8.064891412540788451e+00 -1.546085916101304178e+02
8.093439700726776209e+00 -1.546630709482637940e+02
8.121987988912749756e+00 -1.547087086534147886e+02
8.150536277098737514e+00 -1.547369839643018565e+02
8.179084565284739483e+00 -1.547431826510124893e+02
8.207632853470713030e+00 -1.547274684915720684e+02
8.236181141656700788e+00 -1.546947845950939211e+02
8.264729429842688546e+00 -1.546536523932598755e+02
8.293277718028662093e+00 -1.546142504217860676e+02
8.321826006214649851e+00 -1.545864123671290997e+02
8.350374294400637609e+00 -1.545778979611614261e+02
8.378922582586625367e+00 -1.545932059924383566e+02
8.407470870772613125e+00 -1.546329460861840630e+02
8.436019158958600883e+00 -1.546920741285673557e+02
8.464567447144574430e+00 -1.547662671032113053e+02
8.493115735330562188e+00 -1.548346384868000030e+02
8.521664023516549946e+00 -1.549000429646578993e+02
8.550212311702523493e+00 -1.549532375270661930e+02
8.578760599888525462e+00 -1.549876178870901526e+02
8.607308888074513220e+00 -1.550006783857707546e+02
8.635857176260486767e+00 -1.549945952133757032e+02
8.664405464446474525e+00 -1.549756750897302311e+02
8.692953752632462283e+00 -1.549528925584775436e+02
8.721502040818435830e+00 -1.549360124470500182e+02
8.750050329004423588e+00 -1.549337420053032304e+02
8.778598617190411346e+00 -1.549523077647146465e+02
8.807146905376399104e+00 -1.549944710192684170e+02
8.835695193562386862e+00 -1.550591748713813729e+02
8.864243481748374620e+00 -1.551416108530053179e+02
8.892791769934348167e+00 -1.552304284791242708e+02
8.921340058120335925e+00 -1.553184476833803842e+02
8.949888346306323683e+00 -1.553967737463752314e+02
8.978436634492311441e+00 -1.554594085031012867e+02
9.006984922678299199e+00 -1.555013458555064005e+02
9.035533210864286957e+00 -1.555220624611443725e+02
9.064081499050260504e+00 -1.555256291361935723e+02
9.092629787236248262e+00 -1.555197474955073176e+02
9.121178075422236020e+00 -1.555140140724780053e+02
9.149726363608209567e+00 -1.555180246243158990e+02
9.178274651794211536e+00 -1.555396736552440302e+02
9.206822939980185083e+00 -1.555837529873148242e+02
9.235371228166172841e+00 -1.556514006517754467e+02
9.263919516352160599e+00 -1.557398083867592504e+02
9.292467804538148357e+00 -1.558424996957194821e+02
9.321016092724136115e+00 -1.559486404656696550e+02
9.349564380910109662e+00 -1.560461597735127839e+02
9.378112669096097420e+00 -1.561304128480985298e+02
9.406660957282085178e+00 -1.561942291913613872e+02
9.435209245468072936e+00 -1.562343206604305408e+02
9.463757533654060694e+00 -1.562523284500795171e+02
9.492305821840034241e+00 -1.562544939229286172e+02
9.520854110026036210e+00 -1.562501725523753748e+02
9.549402398212009757e+00 -1.562496747881726549e+02
9.577950686397997515e+00 -1.562624833954440078e+02
9.606498974583985273e+00 -1.562954590829220365e+02
9.635047262769958820e+00 -1.563518656841914662e+02
9.663595550955946578e+00 -1.564309272021929189e+02
9.692143839141934336e+00 -1.565275314015760273e+02
9.720692127327922094e+00 -1.566333853593379786e+02
9.749240415513895641e+00 -1.567379929318377094e+02
9.777788703699897610e+00 -1.568257524893269022e+02
9.806336991885871157e+00 -1.568921850310665604e+02
9.834885280071858915e+00 -1.569339097285239575e+02
9.863433568257846673e+00 -1.569497763201235614e+02
9.891981856443834431e+00 -1.569442611679030790e+02
9.920530144629822189e+00 -1.569260529709868592e+02
9.949078432815809947e+00 -1.569059124858626149e+02
9.977626721001783494e+00 -1.568945467022950027e+02
1.000617500918777125e+01 -1.569005427442917266e+02
1.003472329737375901e+01 -1.569293333708502587e+02
1.006327158555973256e+01 -1.569819727753342704e+02
1.009181987374572032e+01 -1.570553754346488802e+02
1.012036816193172228e+01 -1.571425854228520791e+02
1.014891645011769583e+01 -1.572338552112232151e+02
1.017746473830368359e+01 -1.573179975900765726e+02
1.020601302648967135e+01 -1.573861720777756545e+02
1.023456131467564489e+01 -1.574245014566718055e+02
1.026310960286163265e+01 -1.574363435187279379e+02
1.029165789104762041e+01 -1.574248605964282888e+02
1.032020617923360817e+01 -1.573973912412100731e+02
1.034875446741959593e+01 -1.573641123936853319e+02
1.037730275560558368e+01 -1.573357093298755274e+02
1.040585104379155723e+01 -1.573229627632901213e+02
1.043439933197754499e+01 -1.573312945431804906e+02
1.046294762016353275e+01 -1.573644387593409135e+02
1.049149590834950629e+01 -1.574212876065059277e+02
1.052004419653550826e+01 -1.574966428417195630e+02
1.054859248472149602e+01 -1.575820277160887031e+02
1.057714077290746957e+01 -1.576668760431625174e+02
1.060568906109345733e+01 -1.577407393173471348e+02
1.063423734927944508e+01 -1.577951565338370870e+02
1.066278563746541863e+01 -1.578257349678101491e+02
1.069133392565140639e+01 -1.578250538006241470e+02
1.071988221383740836e+01 -1.578018598026098402e+02
1.074843050202338191e+01 -1.577680022499811514e+02
1.077697879020936966e+01 -1.577337731379535910e+02
1.080552707839535742e+01 -1.577094926561721309e+02
1.083407536658133097e+01 -1.577039593036334963e+02
1.086262365476731873e+01 -1.577203500831878955e+02
1.089117194295330648e+01 -1.577593133023548262e+02
1.091972023113929424e+01 -1.578192509374181611e+02
1.094826851932528200e+01 -1.578916047921482573e+02
1.097681680751126976e+01 -1.579667603739369497e+02
1.100536509569724331e+01 -1.580336917804222878e+02
1.103391338388323106e+01 -1.580820059442100387e+02
1.106246167206921882e+01 -1.581059135103506890e+02
1.109100996025519237e+01 -1.581039376408361647e+02
1.111955824844119434e+01 -1.580792311495253841e+02
1.114810653662718209e+01 -1.580256058218020314e+02
1.117665482481315564e+01 -1.579632402030958076e+02
1.120520311299914340e+01 -1.579034626776016239e+02
1.123375140118513116e+01 -1.578571513595550186e+02
1.126229968937111892e+01 -1.578281168230058427e+02
1.129084797755709246e+01 -1.578191276043489211e+02
1.131939626574309443e+01 -1.578288485292738699e+02
1.134794455392906798e+01 -1.578515353171577260e+02
1.137649284211505574e+01 -1.578791989975360082e+02
1.140504113030104349e+01 -1.579026051232034433e+02
1.143358941848701704e+01 -1.579118586705993437e+02
1.146213770667301901e+01 -1.579004818835308015e+02
1.149068599485899256e+01 -1.578654657353805248e+02
1.151923428304498032e+01 -1.578080378912781896e+02
1.154778257123096807e+01 -1.577357860818883069e+02
1.157633085941695583e+01 -1.576548849479379726e+02
1.160487914760292938e+01 -1.575272118899869724e+02
1.163342743578891714e+01 -1.573990624016017819e+02
1.166197572397491911e+01 -1.572764556828047660e+02
1.169052401216087844e+01 -1.571631372460002751e+02
1.171907230034688041e+01 -1.570613782412856949e+02
1.174762058853286817e+01 -1.569698976629642573e+02
1.177616887671884172e+01 -1.568880703938488068e+02
1.180471716490482947e+01 -1.568146723154433460e+02
1.183326545309081723e+01 -1.567450421095001332e+02
1.186181374127680499e+01 -1.566865892747418627e+02
1.189036202946279275e+01 -1.566388311599970677e+02
1.191891031764878051e+01 -1.566056107036808669e+02
1.194745860583475405e+01 -1.565855080182012102e+02
1.197600689402074181e+01 -1.565945342998095384e+02
1.200455518220672957e+01 -1.566260752731057551e+02
1.203310347039270312e+01 -1.566636398444275358e+02
1.206165175857870508e+01 -1.566885851236264955e+02
1.209020004676469284e+01 -1.567093937192985038e+02
1.211874833495066639e+01 -1.567086619450570595e+02
1.214729662313665415e+01 -1.566590313719387382e+02
1.217584491132264191e+01 -1.565442416180209477e+02
1.220439319950861545e+01 -1.563488851336407208e+02
1.223294148769460321e+01 -1.560692720776115721e+02
1.226148977588060518e+01 -1.557002034407033193e+02
1.229003806406657873e+01 -1.552871653832493166e+02
1.231858635225256648e+01 -1.548547707214167986e+02
1.234713464043855424e+01 -1.544060748455584360e+02
1.237568292862452779e+01 -1.539712869406928348e+02
1.240423121681051555e+01 -1.535723402944849170e+02
1.243277950499650331e+01 -1.532167185903393261e+02
1.246132779318249106e+01 -1.529265473129224802e+02
1.248987608136847882e+01 -1.526632117776209725e+02
1.251842436955446658e+01 -1.524520390862848558e+02
1.254697265774044013e+01 -1.522945522356794754e+02
1.257552094592642788e+01 -1.521679099473119550e+02
1.260406923411241564e+01 -1.520781094105389286e+02
1.263261752229838919e+01 -1.520082739944967329e+02
1.266116581048439116e+01 -1.519487148533837058e+02
1.268971409867037892e+01 -1.518921326213737757e+02
1.271826238685635246e+01 -1.518401304636006444e+02
1.274681067504234022e+01 -1.517767370685434116e+02
1.277535896322832798e+01 -1.517064773348565723e+02
1.280390725141430153e+01 -1.516331527209612773e+02
1.283245553960028928e+01 -1.515674027246082289e+02
1.286100382778629125e+01 -1.514995101476973787e+02
1.288955211597226480e+01 -1.514467960752112674e+02
1.291810040415825256e+01 -1.513992481252402911e+02
1.294664869234424032e+01 -1.513669561486799182e+02
1.297519698053021386e+01 -1.513422500016522179e+02
1.300374526871620162e+01 -1.513328499910941787e+02
1.303229355690218938e+01 -1.513278882681359789e+02
1.306084184508817714e+01 -1.513247910566675785e+02
1.308939013327416490e+01 -1.513229093972852297e+02
1.311793842146015265e+01 -1.513085825168722636e+02
1.314648670964612620e+01 -1.512841250660994490e+02
1.317503499783211396e+01 -1.512496795034032573e+02
1.320358328601811593e+01 -1.512102599986346263e+02
1.323213157420407526e+01 -1.511626004993277377e+02
1.326067986239007723e+01 -1.511200518210917778e+02
1.328922815057606499e+01 -1.510767321523574083e+02
1.331777643876203854e+01 -1.510440088026504952e+02
1.334632472694802630e+01 -1.510212161811697911e+02
1.337487301513401405e+01 -1.510077668947517679e+02
1.340342130332000181e+01 -1.510054590922847240e+02
1.343196959150597536e+01 -1.510092213102881828e+02
1.346051787969197733e+01 -1.510207324199410834e+02
1.348906616787795087e+01 -1.510288370115972896e+02
1.351761445606393863e+01 -1.510334105201078501e+02
1.354616274424992639e+01 -1.510300820518518492e+02
1.357471103243589994e+01 -1.510231037562295455e+02
1.360325932062190191e+01 -1.510033418754289869e+02
1.363180760880787545e+01 -1.509816648794418938e+02
1.366035589699386321e+01 -1.509501023290908677e+02
1.368890418517985097e+01 -1.509266183444166245e+02
1.371745247336583873e+01 -1.509049738647483707e+02
1.374600076155181227e+01 -1.508922008196335867e+02
1.377454904973780003e+01 -1.508887758079254411e+02
1.380309733792380200e+01 -1.508952866812089439e+02
1.383164562610976134e+01 -1.509132511227846578e+02
1.386019391429576331e+01 -1.509336275463302286e+02
1.388874220248175106e+01 -1.509569173213872944e+02
1.391729049066772461e+01 -1.509792819899815015e+02
1.394583877885371237e+01 -1.510009611836853765e+02
1.397438706703970013e+01 -1.510080755575216926e+02
1.400293535522568789e+01 -1.510153464287383827e+02
1.403148364341167564e+01 -1.510123910962817604e+02
1.406003193159766340e+01 -1.510038651398363072e+02
1.408858021978363695e+01 -1.509975619127836239e+02
1.411712850796962471e+01 -1.509895768342894939e+02
1.414567679615561246e+01 -1.509899951774539204e+02
1.417422508434158601e+01 -1.509964979542957906e+02
1.420277337252758798e+01 -1.510142573928986280e+02
1.423132166071357574e+01 -1.510401447361882958e+02
1.425986994889954929e+01 -1.510738181022550179e+02
