-1.425986994889954929e+01 -1.510733816430362140e+02
-1.423132166071357574e+01 -1.510396739870151066e+02
-1.420277337252758798e+01 -1.510137452752685192e+02
-1.417422508434160022e+01 -1.509959333705993458e+02
-1.414567679615561246e+01 -1.509893703880642022e+02
-1.411712850796962471e+01 -1.509888802059042803e+02
-1.408858021978363695e+01 -1.509967845883366238e+02
-1.406003193159766340e+01 -1.510029946161698149e+02
-1.403148364341167564e+01 -1.510114156822997415e+02
-1.400293535522568789e+01 -1.510142567778558202e+02
-1.397438706703971434e+01 -1.510068674064097536e+02
-1.394583877885371237e+01 -1.509996218161046500e+02
-1.391729049066772461e+01 -1.509778012456765452e+02
-1.388874220248175106e+01 -1.509552915159516999e+02
-1.386019391429576331e+01 -1.509318496145427844e+02
-1.383164562610977555e+01 -1.509113131454105599e+02
-1.380309733792380200e+01 -1.508931772269473868e+02
-1.377454904973780003e+01 -1.508864885538237672e+02
-1.374600076155181227e+01 -1.508897217636910000e+02
-1.371745247336583873e+01 -1.509022959809879580e+02
-1.368890418517985097e+01 -1.509237323124729073e+02
-1.366035589699386321e+01 -1.509470037310539965e+02
-1.363180760880788966e+01 -1.509783484258672104e+02
-1.360325932062190191e+01 -1.509998173813904430e+02
-1.357471103243589994e+01 -1.510193782023327742e+02
-1.354616274424992639e+01 -1.510261751869042826e+02
-1.351761445606393863e+01 -1.510293359146959915e+02
-1.348906616787795087e+01 -1.510246233203180566e+02
-1.346051787969197733e+01 -1.510163929157856728e+02
-1.343196959150598957e+01 -1.510047796931750952e+02
-1.340342130332000181e+01 -1.510009366473759940e+02
-1.337487301513401405e+01 -1.510031810310368598e+02
-1.334632472694802630e+01 -1.510165708217649865e+02
-1.331777643876203854e+01 -1.510393258837721930e+02
-1.328922815057606499e+01 -1.510720273111166705e+02
-1.326067986239007723e+01 -1.511153378305486399e+02
-1.323213157420408947e+01 -1.511579009772363520e+02
-1.320358328601811593e+01 -1.512055896456988648e+02
-1.317503499783211396e+01 -1.512450623530299936e+02
-1.314648670964612620e+01 -1.512795752295371017e+02
-1.311793842146015265e+01 -1.513041061758996761e+02
-1.308939013327416490e+01 -1.513185238287348113e+02
-1.306084184508817714e+01 -1.513204635109169374e+02
-1.303229355690220359e+01 -1.513235894113640256e+02
-1.300374526871621583e+01 -1.513284981612090689e+02
-1.297519698053021386e+01 -1.513377601334341023e+02
-1.294664869234424032e+01 -1.513621977993707617e+02
-1.291810040415825256e+01 -1.513940844425698060e+02
-1.288955211597226480e+01 -1.514406927280498678e+02
-1.286100382778629125e+01 -1.514916634411996768e+02
-1.283245553960030350e+01 -1.515565300247069445e+02
-1.280390725141431574e+01 -1.516173320300437695e+02
-1.277535896322832798e+01 -1.516828411187312895e+02
-1.274681067504234022e+01 -1.517412619993822602e+02
-1.271826238685635246e+01 -1.517870673694297352e+02
-1.268971409867037892e+01 -1.518146313981173421e+02
-1.266116581048439116e+01 -1.518375496860665805e+02
-1.263261752229840340e+01 -1.518513379449911156e+02
-1.260406923411241564e+01 -1.518619009627254570e+02
-1.257552094592642788e+01 -1.518743429125966031e+02
-1.254697265774044013e+01 -1.519019626514914023e+02
-1.251842436955446658e+01 -1.519369135439171430e+02
-1.248987608136847882e+01 -1.519934211224804130e+02
-1.246132779318249106e+01 -1.520666821997004945e+02
-1.243277950499651752e+01 -1.521312297987229840e+02
-1.240423121681051555e+01 -1.522154814381812287e+02
-1.237568292862452779e+01 -1.522999962313019751e+02
-1.234713464043855424e+01 -1.523801343589724411e+02
-1.231858635225256648e+01 -1.524463388085442546e+02
-1.229003806406657873e+01 -1.524903341789297997e+02
-1.226148977588060518e+01 -1.525266486048410002e+02
-1.223294148769461742e+01 -1.525515453686716398e+02
-1.220439319950861545e+01 -1.525611237622314320e+02
-1.217584491132264191e+01 -1.525746627435175640e+02
-1.214729662313665415e+01 -1.525887509982214851e+02
-1.211874833495066639e+01 -1.526241844175529252e+02
-1.209020004676469284e+01 -1.526770488074878926e+02
-1.206165175857870508e+01 -1.527405279604980706e+02
-1.203310347039271733e+01 -1.528326036440128917e+02
-1.200455518220672957e+01 -1.529293750954851987e+02
-1.197600689402074181e+01 -1.530244267174238644e+02
-1.194745860583475405e+01 -1.531159585324621162e+02
-1.191891031764878051e+01 -1.531983853214179589e+02
-1.189036202946279275e+01 -1.532586659871511188e+02
-1.186181374127680499e+01 -1.533000904427751721e+02
-1.183326545309081723e+01 -1.533165284402755617e+02
-1.180471716490482947e+01 -1.533239425793410362e+02
-1.177616887671884172e+01 -1.533161145680668938e+02
-1.174762058853286817e+01 -1.533193879151123440e+02
-1.171907230034688041e+01 -1.533320835938207267e+02
-1.169052401216089265e+01 -1.533555332994823743e+02
-1.166197572397491911e+01 -1.534081854803087310e+02
-1.163342743578891714e+01 -1.534883875949379899e+02
-1.160487914760292938e+01 -1.535823284785435305e+02
-1.157633085941695583e+01 -1.536938181830565782e+02
-1.154778257123096807e+01 -1.537835902220334390e+02
-1.151923428304498032e+01 -1.538661421383161212e+02
-1.149068599485900677e+01 -1.539275050874984174e+02
-1.146213770667301901e+01 -1.539588932328650515e+02
-1.143358941848701704e+01 -1.539671398339060602e+02
-1.140504113030104349e+01 -1.539451737915546232e+02
-1.137649284211505574e+01 -1.539129455559589701e+02
-1.134794455392906798e+01 -1.538687001248983961e+02
-1.131939626574309443e+01 -1.538425576401430703e+02
-1.129084797755710667e+01 -1.538281293722669716e+02
-1.126229968937111892e+01 -1.538461238418641415e+02
-1.123375140118513116e+01 -1.538827620585944942e+02
-1.120520311299914340e+01 -1.539513440605924757e+02
-1.117665482481315564e+01 -1.540296759605919021e+02
-1.114810653662718209e+01 -1.541127380528092772e+02
-1.111955824844119434e+01 -1.541889285265899048e+02
-1.109100996025520658e+01 -1.542328261373487521e+02
-1.106246167206923303e+01 -1.542470849900473979e+02
-1.103391338388323106e+01 -1.542221458183556706e+02
-1.100536509569724331e+01 -1.541726494124011708e+02
-1.097681680751126976e+01 -1.540943059939335171e+02
-1.094826851932528200e+01 -1.540046331786441272e+02
-1.091972023113929424e+01 -1.539274349952914065e+02
-1.089117194295332069e+01 -1.538555690546399433e+02
-1.086262365476733294e+01 -1.538199240277763806e+02
-1.083407536658134518e+01 -1.538014966803175128e+02
-1.080552707839535742e+01 -1.538220319401033578e+02
-1.077697879020936966e+01 -1.538532057905175350e+02
-1.074843050202338191e+01 -1.538964634071436421e+02
-1.071988221383740836e+01 -1.539400625050865017e+02
-1.069133392565142060e+01 -1.539731905338707918e+02
-1.066278563746543284e+01 -1.539691028183596586e+02
-1.063423734927944508e+01 -1.539251845953938300e+02
-1.060568906109345733e+01 -1.538458033724997165e+02
-1.057714077290746957e+01 -1.537357126462028987e+02
-1.054859248472149602e+01 -1.536207318685463576e+02
-1.052004419653550826e+01 -1.534930607590157479e+02
-1.049149590834952050e+01 -1.533892915752637123e+02
-1.046294762016353275e+01 -1.532951416111706351e+02
-1.043439933197754499e+01 -1.532290059616571511e+02
-1.040585104379157144e+01 -1.531930842965473687e+02
-1.037730275560558368e+01 -1.531922866383468147e+02
-1.034875446741959593e+01 -1.531995670513863956e+02
-1.032020617923360817e+01 -1.532097911481365315e+02
-1.029165789104763462e+01 -1.532137646257375820e+02
-1.026310960286163265e+01 -1.531997652793328371e+02
-1.023456131467565910e+01 -1.531479581770658172e+02
-1.020601302648967135e+01 -1.530759361907463472e+02
-1.017746473830368359e+01 -1.529594674091754030e+02
-1.014891645011769583e+01 -1.528370568730847481e+02
-1.012036816193172228e+01 -1.526962881160114591e+02
-1.009181987374573453e+01 -1.525748710465788065e+02
-1.006327158555974677e+01 -1.524580690022756642e+02
-1.003472329737375901e+01 -1.523677848843887830e+02
-1.000617500918777125e+01 -1.523049331373599671e+02
-9.977626721001797705e+00 -1.522784041852503947e+02
-9.949078432815809947e+00 -1.522616854444791556e+02
-9.920530144629822189e+00 -1.522566599849708382e+02
-9.891981856443834431e+00 -1.522471859577944429e+02
-9.863433568257846673e+00 -1.522294198662234805e+02
-9.834885280071858915e+00 -1.521926868004773041e+02
-9.806336991885885368e+00 -1.521218594740327603e+02
-9.777788703699897610e+00 -1.520258142051258119e+02
-9.749240415513909852e+00 -1.519219283516581527e+02
-9.720692127327922094e+00 -1.517909739714276043e+02
-9.692143839141934336e+00 -1.516726243791206059e+02
-9.663595550955946578e+00 -1.515546396992928635e+02
-9.635047262769973031e+00 -1.514578998923948348e+02
-9.606498974583985273e+00 -1.513870583352846779e+02
-9.577950686397997515e+00 -1.513410041434911193e+02
-9.549402398212023968e+00 -1.513192798974567950e+02
-9.520854110026036210e+00 -1.513091268678047356e+02
-9.492305821840034241e+00 -1.513071326462421666e+02
-9.463757533654060694e+00 -1.512951602482915803e+02
-9.435209245468072936e+00 -1.512746553764587532e+02
-9.406660957282085178e+00 -1.512250981035416260e+02
-9.378112669096111631e+00 -1.511616720458755196e+02
-9.349564380910123873e+00 -1.510690742325990641e+02
-9.321016092724136115e+00 -1.509645464524009810e+02
-9.292467804538148357e+00 -1.508545210817046609e+02
-9.263919516352160599e+00 -1.507560371546577755e+02
-9.235371228166172841e+00 -1.506631172147601490e+02
-9.206822939980199294e+00 -1.505938966258522953e+02
-9.178274651794211536e+00 -1.505464815968244068e+02
-9.149726363608223778e+00 -1.505249663741504378e+02
-9.121178075422250231e+00 -1.505212533429169355e+02
-9.092629787236248262e+00 -1.505245636360937738e+02
-9.064081499050260504e+00 -1.505265593460439959e+02
-9.035533210864286957e+00 -1.505260383770613259e+02
-9.006984922678299199e+00 -1.505045044336987132e+02
-8.978436634492311441e+00 -1.504676837618515322e+02
-8.949888346306337894e+00 -1.504020089215967459e+02
-8.921340058120350136e+00 -1.503212099309125165e+02
-8.892791769934348167e+00 -1.502338758435965644e+02
-8.864243481748374620e+00 -1.501432089143424662e+02
-8.835695193562386862e+00 -1.500601984173159735e+02
-8.807146905376399104e+00 -1.499962231336932064e+02
-8.778598617190425557e+00 -1.499547865483609144e+02
-8.750050329004437799e+00 -1.499362381292831685e+02
-8.721502040818450041e+00 -1.499402389898142189e+02
-8.692953752632462283e+00 -1.499562490578142899e+02
-8.664405464446474525e+00 -1.499819988366183452e+02
-8.635857176260486767e+00 -1.499983620806154079e+02
-8.607308888074513220e+00 -1.500014397062235503e+02
-8.578760599888525462e+00 -1.499900250670431205e+02
-8.550212311702537704e+00 -1.499595808936156800e+02
-8.521664023516549946e+00 -1.499035345215002053e+02
-8.493115735330562188e+00 -1.498399834892314288e+02
-8.464567447144574430e+00 -1.497690516762594655e+02
-8.436019158958600883e+00 -1.496935921952660919e+02
-8.407470870772613125e+00 -1.496347359595632724e+02
-8.378922582586625367e+00 -1.495948967086883101e+02
-8.350374294400651820e+00 -1.495790705364263431e+02
-8.321826006214649851e+00 -1.495884026934664348e+02
-8.293277718028662093e+00 -1.496140795881090071e+02
-8.264729429842688546e+00 -1.496589365677105548e+02
-8.236181141656700788e+00 -1.496981869925231763e+02
-8.207632853470713030e+00 -1.497279734566159846e+02
-8.179084565284739483e+00 -1.497404873540210986e+02
-8.150536277098751725e+00 -1.497379455671119217e+02
-8.121987988912749756e+00 -1.497068760399203597e+02
-8.093439700726776209e+00 -1.496682122094247518e+02
-8.064891412540788451e+00 -1.496113214194949137e+02
-8.036343124354800693e+00 -1.495574745794120872e+02
-8.007794836168827146e+00 -1.495061262701015039e+02
-7.979246547982839388e+00 -1.494607520411826727e+02
-7.950698259796837419e+00 -1.494433621215738981e+02
-7.922149971610863872e+00 -1.494506532656783122e+02
-7.893601683424876114e+00 -1.494823270614744217e+02
-7.865053395238888356e+00 -1.495302589464296545e+02
-7.836505107052914809e+00 -1.495962146815659253e+02
-7.807956818866927051e+00 -1.496506315259073290e+02
-7.779408530680939293e+00 -1.496889565415565357e+02
-7.750860242494951535e+00 -1.497121672836310324e+02
-7.722311954308963777e+00 -1.497033756727078639e+02
-7.693763666122976019e+00 -1.496785591600936698e+02
-7.665215377937002472e+00 -1.496319037823171243e+02
-7.636667089751014714e+00 -1.495833168902628358e+02
-7.608118801565026956e+00 -1.495402935043648256e+02
-7.579570513379053409e+00 -1.495150709139662695e+02
-7.551022225193051440e+00 -1.494803060887965955e+02
-7.522473937007063682e+00 -1.494731215972741438e+02
-7.493925648821090135e+00 -1.494948740027291763e+02
-7.465377360635102377e+00 -1.495441999908148887e+02
-7.436829072449114619e+00 -1.496140765385268310e+02
-7.408280784263141072e+00 -1.496789412910686394e+02
-7.379732496077153314e+00 -1.497368794867514339e+02
-7.351184207891151345e+00 -1.497819728375710895e+02
-7.322635919705177798e+00 -1.497872604277295920e+02
-7.294087631519190040e+00 -1.497694421841381143e+02
-7.265539343333202282e+00 -1.497235628954401250e+02
-7.236991055147228735e+00 -1.496680984070248428e+02
-7.208442766961240977e+00 -1.496120826349336141e+02
-7.179894478775253219e+00 -1.495699272860351527e+02
-7.151346190589265461e+00 -1.495492515109781664e+02
-7.122797902403277703e+00 -1.495488764881356474e+02
-7.094249614217289945e+00 -1.495251114145656857e+02
-7.065701326031316398e+00 -1.495433519131580908e+02
-7.037153037845328640e+00 -1.495952020189694736e+02
-7.008604749659340882e+00 -1.496562035736760095e+02
-6.980056461473367335e+00 -1.497152600670441984e+02
-6.951508173287365366e+00 -1.497476233201866478e+02
-6.922959885101377608e+00 -1.497514006206517365e+02
-6.894411596915404061e+00 -1.497270313168957045e+02
-6.865863308729416303e+00 -1.496691625626084772e+02
-6.837315020543428545e+00 -1.495937879431786541e+02
-6.808766732357454998e+00 -1.495091948170151852e+02
-6.780218444171467240e+00 -1.494333280011946670e+02
-6.751670155985465271e+00 -1.493718212898027673e+02
-6.723121867799491724e+00 -1.493467638825360950e+02
-6.694573579613503966e+00 -1.493482863633711304e+02
-6.666025291427516208e+00 -1.493079213758541925e+02
-6.637477003241542661e+00 -1.493031346020995613e+02
-6.608928715055554903e+00 -1.493114031467366090e+02
-6.580380426869567145e+00 -1.493321991433992650e+02
-6.551832138683579387e+00 -1.493352049091933793e+02
-6.523283850497591629e+00 -1.493262339921750197e+02
-6.494735562311603871e+00 -1.492725286322863383e+02
-6.466187274125630324e+00 -1.491851042524921240e+02
-6.437638985939642566e+00 -1.490689323652358667e+02
-6.409090697753654808e+00 -1.489462544343498962e+02
-6.380542409567667050e+00 -1.488217861643570927e+02
-6.351994121381679292e+00 -1.487059467671517723e+02
-6.323445833195691534e+00 -1.486284023636988536e+02
-6.294897545009717987e+00 -1.485760819447801566e+02
-6.266349256823730229e+00 -1.485478108797100845e+02
-6.237800968637742471e+00 -1.485204287400678140e+02
-6.209252680451754713e+00 -1.484389994204000800e+02
-6.180704392265766955e+00 -1.484084394753600122e+02
-6.152156104079779197e+00 -1.483602784656292215e+02
-6.123607815893805650e+00 -1.482982363416221290e+02
-6.095059527707817892e+00 -1.482084733732423274e+02
-6.066511239521830134e+00 -1.480984151773897679e+02
-6.037962951335856587e+00 -1.479547070073366513e+02
-6.009414663149854618e+00 -1.477934009273226366e+02
-5.980866374963866861e+00 -1.476457210886988207e+02
-5.952318086777893313e+00 -1.474896009959425953e+02
-5.923769798591905555e+00 -1.473568051009347073e+02
-5.895221510405917797e+00 -1.472449134250290399e+02
-5.866673222219944250e+00 -1.471773882925006944e+02
-5.838124934033956492e+00 -1.471221075267999936e+02
-5.809576645847954524e+00 -1.470812906981233539e+02
-5.781028357661980976e+00 -1.469720373460427254e+02
-5.752480069475993218e+00 -1.468731450421288969e+02
-5.723931781290005461e+00 -1.467758812175315484e+02
-5.695383493104031913e+00 -1.466608761932922391e+02
-5.666835204918044155e+00 -1.465278409580937762e+02
-5.638286916732056397e+00 -1.463842740757842193e+02
-5.609738628546068639e+00 -1.462159221894286816e+02
-5.581190340360080882e+00 -1.460434169918944463e+02
-5.552642052174093124e+00 -1.458716926633536843e+02
-5.524093763988119576e+00 -1.457312597411403488e+02
-5.495545475802131818e+00 -1.455918476520849651e+02
-5.466997187616144060e+00 -1.454768734893539488e+02
-5.438448899430170513e+00 -1.453825088384784010e+02
-5.409900611244168545e+00 -1.453064411360206805e+02
-5.381352323058180787e+00 -1.452417601140811030e+02
-5.352804034872207239e+00 -1.451583228221383592e+02
-5.324255746686219481e+00 -1.450208046200967829e+02
-5.295707458500231724e+00 -1.449008242649706517e+02
-5.267159170314258176e+00 -1.447660915050878430e+02
-5.238610882128270418e+00 -1.446172193198599700e+02
-5.210062593942268450e+00 -1.444567165157675959e+02
-5.181514305756294902e+00 -1.443044569528358352e+02
-5.152966017570307145e+00 -1.441380891420388082e+02
-5.124417729384319387e+00 -1.439800189158355010e+02
-5.095869441198345839e+00 -1.438341290396749059e+02
-5.067321153012358081e+00 -1.437061706161139227e+02
-5.038772864826370323e+00 -1.435967278843967847e+02
-5.010224576640382566e+00 -1.435033731392548475e+02
-4.981676288454394808e+00 -1.434214271844041093e+02
-4.953128000268407050e+00 -1.433485661896727379e+02
-4.924579712082433502e+00 -1.432811207207153643e+02
-4.896031423896445745e+00 -1.431512763621657029e+02
-4.867483135710457987e+00 -1.430183253989742127e+02
-4.838934847524484439e+00 -1.428899563338658538e+02
-4.810386559338482471e+00 -1.427392886799182463e+02
-4.781838271152494713e+00 -1.425894843784446095e+02
-4.753289982966521166e+00 -1.424371064349388121e+02
-4.724741694780533408e+00 -1.422884494356775349e+02
-4.696193406594545650e+00 -1.421479592855714600e+02
-4.667645118408572102e+00 -1.420201697848252138e+02
-4.639096830222584344e+00 -1.419191497594131874e+02
-4.610548542036582376e+00 -1.418212605864278260e+02
-4.582000253850608829e+00 -1.417338622348441390e+02
-4.553451965664621071e+00 -1.416540049249256299e+02
-4.524903677478633313e+00 -1.415764856930860560e+02
-4.496355389292659765e+00 -1.415015391338788504e+02
-4.467807101106672008e+00 -1.414049806498703958e+02
-4.439258812920684250e+00 -1.412722068524419115e+02
-4.410710524734696492e+00 -1.411431860368385003e+02
-4.382162236548708734e+00 -1.410094877244287659e+02
-4.353613948362720976e+00 -1.408701792384252087e+02
-4.325065660176747429e+00 -1.407467427852027129e+02
-4.296517371990759671e+00 -1.406167956637993939e+02
-4.267969083804771913e+00 -1.404957778849535543e+02
-4.239420795618784155e+00 -1.403852166646872490e+02
-4.210872507432796397e+00 -1.402866709567998385e+02
-4.182324219246808639e+00 -1.401993396338121443e+02
-4.153775931060835092e+00 -1.401243429572239449e+02
-4.125227642874847334e+00 -1.400518681828640979e+02
-4.096679354688859576e+00 -1.399797931940967430e+02
-4.068131066502871818e+00 -1.399040254868978366e+02
-4.039582778316884060e+00 -1.398205867659177386e+02
-4.011034490130910513e+00 -1.397155647314243936e+02
-3.982486201944922755e+00 -1.395980943507431675e+02
-3.953937913758934997e+00 -1.394764292673137334e+02
-3.925389625572947239e+00 -1.393568849941846679e+02
-3.896841337386973692e+00 -1.392398166547994549e+02
-3.868293049200971723e+00 -1.391275727853648050e+02
-3.839744761014998176e+00 -1.390232377800601853e+02
-3.811196472829010418e+00 -1.389303783083385895e+02
-3.782648184643022660e+00 -1.388465265682592644e+02
-3.754099896457034902e+00 -1.387718944404531101e+02
-3.725551608271061355e+00 -1.387041212965198156e+02
-3.697003320085073597e+00 -1.386396507143243184e+02
-3.668455031899085839e+00 -1.385802123379525881e+02
-3.639906743713098081e+00 -1.385121677893056926e+02
-3.611358455527110323e+00 -1.384373041986817725e+02
-3.582810167341136776e+00 -1.383505041214321807e+02
-3.554261879155149018e+00 -1.382424703819102092e+02
-3.525713590969161260e+00 -1.381351115297478600e+02
-3.497165302783173502e+00 -1.380308070311788811e+02
-3.468617014597185744e+00 -1.379298280063977700e+02
-3.440068726411197986e+00 -1.378337654528103542e+02
-3.411520438225224439e+00 -1.377452969622766261e+02
-3.382972150039236681e+00 -1.376656437386201617e+02
-3.354423861853248923e+00 -1.375973230136473546e+02
-3.325875573667261165e+00 -1.375346532366231145e+02
-3.297327285481287618e+00 -1.374776005065371578e+02
-3.268778997295285649e+00 -1.374227637122801866e+02
-3.240230709109312102e+00 -1.373668569905941581e+02
-3.211682420923324344e+00 -1.373068969749181747e+02
-3.183134132737336586e+00 -1.372406820100119944e+02
-3.154585844551363039e+00 -1.371673333328708964e+02
-3.126037556365375281e+00 -1.370755993573918943e+02
-3.097489268179387523e+00 -1.369834752773774937e+02
-3.068940979993399765e+00 -1.368930768992137530e+02
-3.040392691807412007e+00 -1.368058456193454617e+02
-3.011844403621424249e+00 -1.367252770739833636e+02
-2.983296115435450702e+00 -1.366510512358297262e+02
-2.954747827249462944e+00 -1.365849203013835904e+02
-2.926199539063475186e+00 -1.365265648949486206e+02
-2.897651250877487428e+00 -1.364749144529165790e+02
-2.869102962691499670e+00 -1.364275028777335592e+02
-2.840554674505511912e+00 -1.363815252471746930e+02
-2.812006386319538365e+00 -1.363340364360422257e+02
-2.783458098133550607e+00 -1.362826026673881188e+02
-2.754909809947562849e+00 -1.362253801146019612e+02
-2.726361521761589302e+00 -1.361602139681387769e+02
-2.697813233575601544e+00 -1.360900202817680906e+02
-2.669264945389599575e+00 -1.360088759954502109e+02
-2.640716657203626028e+00 -1.359312323202231028e+02
-2.612168369017638270e+00 -1.358572320492221195e+02
-2.583620080831650512e+00 -1.357886959797577049e+02
-2.555071792645676965e+00 -1.357270442471036631e+02
-2.526523504459689207e+00 -1.356728324339849792e+02
-2.497975216273701449e+00 -1.356257124937061747e+02
-2.469426928087713691e+00 -1.355870295644957650e+02
-2.440878639901725933e+00 -1.355494763756962300e+02
-2.412330351715738175e+00 -1.355127495262820503e+02
-2.383782063529764628e+00 -1.354742101491415269e+02
-2.355233775343776870e+00 -1.354316434403684468e+02
-2.326685487157789112e+00 -1.353824438526297342e+02
-2.298137198971801354e+00 -1.353292091805950577e+02
-2.269588910785813596e+00 -1.352710197831720507e+02
-2.241040622599825838e+00 -1.352044889361851574e+02
-2.212492334413852291e+00 -1.351329015391970927e+02
-2.183944046227864533e+00 -1.350707560794139681e+02
-2.155395758041876775e+00 -1.350152703526503615e+02
-2.126847469855889017e+00 -1.349655477511779225e+02
-2.098299181669901259e+00 -1.349227548805770596e+02
-2.069750893483913501e+00 -1.348863544164574364e+02
-2.041202605297939954e+00 -1.348549390710900866e+02
-2.012654317111952196e+00 -1.348263521364643225e+02
-1.984106028925964438e+00 -1.347982073285191404e+02
-1.955557740739990891e+00 -1.347663798832793987e+02
-1.927009452553988922e+00 -1.347327001594397871e+02
-1.898461164368001164e+00 -1.346937605232613748e+02
-1.869912876182027617e+00 -1.346495340591980892e+02
-1.841364587996039859e+00 -1.346013817864064208e+02
-1.812816299810052101e+00 -1.345497903075564068e+02
-1.784268011624078554e+00 -1.344892615018412130e+02
-1.755719723438090796e+00 -1.344384939939853325e+02
-1.727171435252088827e+00 -1.343930761904393592e+02
-1.698623147066115280e+00 -1.343539849075974359e+02
-1.670074858880127522e+00 -1.343214434467344631e+02
-1.641526570694139764e+00 -1.342948115466700472e+02
-1.612978282508166217e+00 -1.342726051606650230e+02
-1.584429994322178459e+00 -1.342527656462297045e+02
-1.555881706136190701e+00 -1.342316929704135191e+02
-1.527333417950202943e+00 -1.342101883422968740e+02
-1.498785129764215185e+00 -1.341846982881468193e+02
-1.470236841578227427e+00 -1.341541830191644351e+02
-1.441688553392253880e+00 -1.341187967238349472e+02
-1.413140265206266122e+00 -1.340795386317761313e+02
-1.384591977020278364e+00 -1.340346090908983570e+02
-1.356043688834304817e+00 -1.339914067126123882e+02
-1.327495400648302848e+00 -1.339506712785168929e+02
-1.298947112462315090e+00 -1.339155960284134324e+02
-1.270398824276341543e+00 -1.338867027090705903e+02
-1.241850536090353785e+00 -1.338639916411724755e+02
-1.213302247904366027e+00 -1.338467842237937759e+02
-1.184753959718392480e+00 -1.338336155313029963e+02
-1.156205671532404722e+00 -1.338215398424080718e+02
-1.127657383346402753e+00 -1.338106018493322438e+02
-1.099109095160429206e+00 -1.337970126358526102e+02
-1.070560806974441448e+00 -1.337794262351771692e+02
-1.042012518788453690e+00 -1.337570648615483435e+02
-1.013464230602480143e+00 -1.337300881712779983e+02
-9.849159424164923848e-01 -1.336966670425955215e+02
-9.563676542305046269e-01 -1.336651434385017581e+02
-9.278193660445168689e-01 -1.336333324864138490e+02
-8.992710778585291109e-01 -1.336016705410896179e+02
-8.707227896725413530e-01 -1.335759935537543015e+02
-8.421745014865678058e-01 -1.335565728303949982e+02
-8.136262133005800479e-01 -1.335420126018453004e+02
-7.850779251145922899e-01 -1.335318262457853109e+02
-7.565296369286187428e-01 -1.335236365794196445e+02
-7.279813487426167740e-01 -1.335163176923209676e+02
-6.994330605566290160e-01 -1.335054861690153700e+02
-6.708847723706554689e-01 -1.334884938191100332e+02
-6.423364841846677109e-01 -1.334626596193909336e+02
-6.137881959986799529e-01 -1.334259031444610173e+02
-5.852399078127064058e-01 -1.333754928587055701e+02
-5.566916196267186479e-01 -1.333136159055364089e+02
-5.281433314407166790e-01 -1.332386736619595240e+02
-4.995950432547431319e-01 -1.331509228042363304e+02
-4.710467550687553739e-01 -1.330497342017324343e+02
-4.424984668827676160e-01 -1.329365831689100332e+02
-4.139501786967940689e-01 -1.328123392176927950e+02
-3.854018905108063109e-01 -1.326762459645245542e+02
-3.568536023248043421e-01 -1.325290290421489487e+02
-3.283053141388307949e-01 -1.323714458806777543e+02
-2.997570259528430370e-01 -1.322043376181795509e+02
-2.712087377668552790e-01 -1.320305095828203150e+02
-2.426604495808817319e-01 -1.318534504407517431e+02
-2.141121613948939739e-01 -1.316775184691583149e+02
-1.855638732088920051e-01 -1.315063221323979121e+02
-1.570155850229184580e-01 -1.313482005517032007e+02
-1.284672968369307000e-01 -1.312068465384604394e+02
-9.991900865094294204e-02 -1.310871648823332691e+02
-7.137072046496939492e-02 -1.309930762437793703e+02
-4.282243227898163695e-02 -1.309285292924357407e+02
-1.427414409299387898e-02 -1.308949930608967236e+02
1.427414409299387898e-02 -1.308949930608967520e+02
4.282243227898163695e-02 -1.309285292924356554e+02
7.137072046496939492e-02 -1.309930762437791429e+02
9.991900865094294204e-02 -1.310871648823339513e+02
1.284672968369307000e-01 -1.312068465384601836e+02
1.570155850229184580e-01 -1.313482005517034281e+02
1.855638732088920051e-01 -1.315063221323974290e+02
2.141121613948939739e-01 -1.316775184691583149e+02
2.426604495808817319e-01 -1.318534504407513168e+02
2.712087377668552790e-01 -1.320305095828199171e+02
2.997570259528430370e-01 -1.322043376181794940e+02
3.283053141388307949e-01 -1.323714458806780101e+02
3.568536023248043421e-01 -1.325290290421491477e+02
3.854018905107921000e-01 -1.326762459645243553e+02
4.139501786967940689e-01 -1.328123392176925961e+02
4.424984668827676160e-01 -1.329365831689097490e+02
4.710467550687553739e-01 -1.330497342017321500e+02
4.995950432547431319e-01 -1.331509228042358757e+02
5.281433314407166790e-01 -1.332386736619597514e+02
5.566916196267044370e-01 -1.333136159055359258e+02
5.852399078126921950e-01 -1.333754928587064796e+02
6.137881959986799529e-01 -1.334259031444602499e+02
6.423364841846677109e-01 -1.334626596193896546e+02
6.708847723706554689e-01 -1.334884938191090100e+02
6.994330605566290160e-01 -1.335054861690159385e+02
7.279813487426167740e-01 -1.335163176923207971e+02
7.565296369286045319e-01 -1.335236365794185929e+02
7.850779251145780790e-01 -1.335318262457843161e+02
8.136262133005800479e-01 -1.335420126018452720e+02
8.421745014865678058e-01 -1.335565728303937476e+02
8.707227896725413530e-01 -1.335759935537541878e+02
8.992710778585291109e-01 -1.336016705410893337e+02
9.278193660445168689e-01 -1.336333324864139058e+02
9.563676542304904160e-01 -1.336651434385007349e+02
9.849159424164781740e-01 -1.336966670425952373e+02
1.013464230602480143e+00 -1.337300881712789362e+02
1.042012518788453690e+00 -1.337570648615483719e+02
1.070560806974441448e+00 -1.337794262351774535e+02
1.099109095160429206e+00 -1.337970126358532639e+02
1.127657383346402753e+00 -1.338106018493316469e+02
1.156205671532390511e+00 -1.338215398424084697e+02
1.184753959718378269e+00 -1.338336155313023141e+02
1.213302247904366027e+00 -1.338467842237939749e+02
1.241850536090353785e+00 -1.338639916411724187e+02
1.270398824276341543e+00 -1.338867027090701356e+02
1.298947112462315090e+00 -1.339155960284132902e+02
1.327495400648302848e+00 -1.339506712785161540e+02
1.356043688834304817e+00 -1.339914067126122461e+02
1.384591977020264153e+00 -1.340346090908973906e+02
1.413140265206266122e+00 -1.340795386317760460e+02
1.441688553392253880e+00 -1.341187967238342935e+02
1.470236841578227427e+00 -1.341541830191640372e+02
1.498785129764215185e+00 -1.341846982881466772e+02
1.527333417950202943e+00 -1.342101883422968172e+02
1.555881706136190701e+00 -1.342316929704137465e+02
1.584429994322164248e+00 -1.342527656462299319e+02
1.612978282508166217e+00 -1.342726051606640283e+02
1.641526570694139764e+00 -1.342948115466699903e+02
1.670074858880127522e+00 -1.343214434467336389e+02
1.698623147066115280e+00 -1.343539849075969812e+02
1.727171435252088827e+00 -1.343930761904390465e+02
1.755719723438090796e+00 -1.344384939939850483e+02
1.784268011624064343e+00 -1.344892615018401898e+02
1.812816299810052101e+00 -1.345497903075559236e+02
1.841364587996039859e+00 -1.346013817864057955e+02
1.869912876182027617e+00 -1.346495340591985439e+02
1.898461164368001164e+00 -1.346937605232609485e+02
1.927009452553988922e+00 -1.347327001594390481e+02
1.955557740739976680e+00 -1.347663798832788871e+02
1.984106028925964438e+00 -1.347982073285178899e+02
2.012654317111952196e+00 -1.348263521364644930e+02
2.041202605297939954e+00 -1.348549390710888645e+02
2.069750893483913501e+00 -1.348863544164573227e+02
2.098299181669901259e+00 -1.349227548805768606e+02
2.126847469855889017e+00 -1.349655477511778088e+02
2.155395758041876775e+00 -1.350152703526505320e+02
2.183944046227864533e+00 -1.350707560794128881e+02
2.212492334413852291e+00 -1.351329015391975190e+02
2.241040622599825838e+00 -1.352044889361851858e+02
2.269588910785813596e+00 -1.352710197831720791e+02
2.298137198971801354e+00 -1.353292091805939208e+02
2.326685487157774901e+00 -1.353824438526288247e+02
2.355233775343776870e+00 -1.354316434403677647e+02
2.383782063529750417e+00 -1.354742101491399069e+02
2.412330351715738175e+00 -1.355127495262814250e+02
2.440878639901725933e+00 -1.355494763756965710e+02
2.469426928087713691e+00 -1.355870295644954808e+02
2.497975216273687238e+00 -1.356257124937048957e+02
2.526523504459674996e+00 -1.356728324339844391e+02
2.555071792645662754e+00 -1.357270442471028673e+02
2.583620080831650512e+00 -1.357886959797576480e+02
2.612168369017638270e+00 -1.358572320492215795e+02
2.640716657203626028e+00 -1.359312323202231596e+02
2.669264945389599575e+00 -1.360088759954494151e+02
2.697813233575587333e+00 -1.360900202817680906e+02
2.726361521761575091e+00 -1.361602139681383221e+02
2.754909809947562849e+00 -1.362253801146026433e+02
2.783458098133550607e+00 -1.362826026673880904e+02
2.812006386319524154e+00 -1.363340364360427088e+02
2.840554674505511912e+00 -1.363815252471739257e+02
2.869102962691499670e+00 -1.364275028777329339e+02
2.897651250877487428e+00 -1.364749144529178864e+02
2.926199539063460975e+00 -1.365265648949477963e+02
2.954747827249462944e+00 -1.365849203013828230e+02
2.983296115435436491e+00 -1.366510512358287883e+02
3.011844403621424249e+00 -1.367252770739829089e+02
3.040392691807412007e+00 -1.368058456193446375e+02
3.068940979993399765e+00 -1.368930768992138098e+02
3.097489268179373312e+00 -1.369834752773768400e+02
3.126037556365361070e+00 -1.370755993573911553e+02
3.154585844551348828e+00 -1.371673333328700437e+02
3.183134132737336586e+00 -1.372406820100111133e+02
3.211682420923324344e+00 -1.373068969749171515e+02
3.240230709109297891e+00 -1.373668569905934476e+02
3.268778997295285649e+00 -1.374227637122804708e+02
3.297327285481287618e+00 -1.374776005065367031e+02
3.325875573667261165e+00 -1.375346532366226882e+02
3.354423861853248923e+00 -1.375973230136471557e+02
3.382972150039236681e+00 -1.376656437386201617e+02
3.411520438225210228e+00 -1.377452969622766261e+02
3.440068726411197986e+00 -1.378337654528095584e+02
3.468617014597185744e+00 -1.379298280063989068e+02
3.497165302783173502e+00 -1.380308070311780853e+02
3.525713590969147049e+00 -1.381351115297478600e+02
3.554261879155149018e+00 -1.382424703819106071e+02
3.582810167341122565e+00 -1.383505041214317259e+02
3.611358455527110323e+00 -1.384373041986812041e+02
3.639906743713098081e+00 -1.385121677893050958e+02
3.668455031899071628e+00 -1.385802123379511954e+02
3.697003320085073597e+00 -1.386396507143243184e+02
3.725551608271047144e+00 -1.387041212965197019e+02
3.754099896457034902e+00 -1.387718944404525416e+02
3.782648184643022660e+00 -1.388465265682583833e+02
3.811196472829010418e+00 -1.389303783083383905e+02
3.839744761014983965e+00 -1.390232377800597021e+02
3.868293049200971723e+00 -1.391275727853641513e+02
3.896841337386973692e+00 -1.392398166547989717e+02
3.925389625572947239e+00 -1.393568849941837300e+02
3.953937913758934997e+00 -1.394764292673129091e+02
3.982486201944922755e+00 -1.395980943507427412e+02
4.011034490130896302e+00 -1.397155647314232567e+02
4.039582778316884060e+00 -1.398205867659174544e+02
4.068131066502871818e+00 -1.399040254868981776e+02
4.096679354688859576e+00 -1.399797931940961178e+02
4.125227642874847334e+00 -1.400518681828637000e+02
4.153775931060835092e+00 -1.401243429572241155e+02
4.182324219246808639e+00 -1.401993396338120306e+02
4.210872507432796397e+00 -1.402866709567998669e+02
4.239420795618784155e+00 -1.403852166646856290e+02
4.267969083804757702e+00 -1.404957778849531564e+02
4.296517371990759671e+00 -1.406167956637988254e+02
4.325065660176747429e+00 -1.407467427852021729e+02
4.353613948362720976e+00 -1.408701792384252087e+02
4.382162236548708734e+00 -1.410094877244287375e+02
4.410710524734696492e+00 -1.411431860368381592e+02
4.439258812920670039e+00 -1.412722068524416272e+02
4.467807101106657797e+00 -1.414049806498701969e+02
4.496355389292659765e+00 -1.415015391338789357e+02
4.524903677478633313e+00 -1.415764856930859423e+02
4.553451965664621071e+00 -1.416540049249254594e+02
4.582000253850608829e+00 -1.417338622348439685e+02
4.610548542036582376e+00 -1.418212605864275986e+02
4.639096830222570134e+00 -1.419191497594143527e+02
4.667645118408557892e+00 -1.420201697848242475e+02
4.696193406594545650e+00 -1.421479592855710052e+02
4.724741694780533408e+00 -1.422884494356761991e+02
4.753289982966521166e+00 -1.424371064349378457e+02
4.781838271152494713e+00 -1.425894843784438706e+02
4.810386559338482471e+00 -1.427392886799169105e+02
4.838934847524470229e+00 -1.428899563338646033e+02
4.867483135710443776e+00 -1.430183253989725642e+02
4.896031423896445745e+00 -1.431512763621645092e+02
4.924579712082433502e+00 -1.432811207207146822e+02
4.953128000268407050e+00 -1.433485661896720842e+02
4.981676288454394808e+00 -1.434214271844041093e+02
5.010224576640382566e+00 -1.435033731392534833e+02
5.038772864826356113e+00 -1.435967278843961310e+02
5.067321153012343871e+00 -1.437061706161131553e+02
5.095869441198345839e+00 -1.438341290396749343e+02
5.124417729384319387e+00 -1.439800189158349610e+02
5.152966017570307145e+00 -1.441380891420392913e+02
5.181514305756294902e+00 -1.443044569528347267e+02
5.210062593942268450e+00 -1.444567165157671127e+02
5.238610882128270418e+00 -1.446172193198582363e+02
5.267159170314243966e+00 -1.447660915050876156e+02
5.295707458500231724e+00 -1.449008242649705664e+02
5.324255746686219481e+00 -1.450208046200966123e+02
5.352804034872207239e+00 -1.451583228221383877e+02
5.381352323058180787e+00 -1.452417601140802503e+02
5.409900611244168545e+00 -1.453064411360205668e+02
5.438448899430170513e+00 -1.453825088384772926e+02
5.466997187616129850e+00 -1.454768734893537783e+02
5.495545475802131818e+00 -1.455918476520842546e+02
5.524093763988119576e+00 -1.457312597411393256e+02
5.552642052174093124e+00 -1.458716926633527464e+02
5.581190340360080882e+00 -1.460434169918937926e+02
5.609738628546068639e+00 -1.462159221894283689e+02
5.638286916732056397e+00 -1.463842740757833951e+02
5.666835204918029945e+00 -1.465278409580927246e+02
5.695383493104031913e+00 -1.466608761932907328e+02
5.723931781290005461e+00 -1.467758812175303547e+02
5.752480069475993218e+00 -1.468731450421288685e+02
5.781028357661980976e+00 -1.469720373460409348e+02
5.809576645847954524e+00 -1.470812906981218475e+02
5.838124934033956492e+00 -1.471221075267990273e+02
5.866673222219930040e+00 -1.471773882924998418e+02
5.895221510405917797e+00 -1.472449134250280167e+02
5.923769798591905555e+00 -1.473568051009338546e+02
5.952318086777893313e+00 -1.474896009959416290e+02
5.980866374963866861e+00 -1.476457210886978260e+02
6.009414663149854618e+00 -1.477934009273211302e+02
6.037962951335856587e+00 -1.479547070073357986e+02
6.066511239521830134e+00 -1.480984151773879489e+02
6.095059527707817892e+00 -1.482084733732408495e+02
6.123607815893805650e+00 -1.482982363416205942e+02
6.152156104079779197e+00 -1.483602784656281415e+02
6.180704392265766955e+00 -1.484084394753583638e+02
6.209252680451754713e+00 -1.484389994203994831e+02
6.237800968637742471e+00 -1.485204287400665066e+02
6.266349256823730229e+00 -1.485478108797089476e+02
6.294897545009717987e+00 -1.485760819447796450e+02
6.323445833195691534e+00 -1.486284023636975462e+02
6.351994121381679292e+00 -1.487059467671507775e+02
6.380542409567667050e+00 -1.488217861643559559e+02
6.409090697753640598e+00 -1.489462544343485035e+02
6.437638985939642566e+00 -1.490689323652358951e+02
6.466187274125630324e+00 -1.491851042524914988e+02
6.494735562311603871e+00 -1.492725286322859688e+02
6.523283850497591629e+00 -1.493262339921749060e+02
6.551832138683579387e+00 -1.493352049091938056e+02
6.580380426869552934e+00 -1.493321991433987819e+02
6.608928715055540692e+00 -1.493114031467363247e+02
6.637477003241542661e+00 -1.493031346020995613e+02
6.666025291427516208e+00 -1.493079213758542210e+02
6.694573579613503966e+00 -1.493482863633709599e+02
6.723121867799491724e+00 -1.493467638825357255e+02
6.751670155985465271e+00 -1.493718212898023125e+02
6.780218444171453029e+00 -1.494333280011942975e+02
6.808766732357440787e+00 -1.495091948170138494e+02
6.837315020543428545e+00 -1.495937879431781710e+02
6.865863308729416303e+00 -1.496691625626094435e+02
6.894411596915404061e+00 -1.497270313168955909e+02
6.922959885101377608e+00 -1.497514006206523902e+02
6.951508173287365366e+00 -1.497476233201866762e+02
6.980056461473353124e+00 -1.497152600670440847e+02
7.008604749659326671e+00 -1.496562035736766347e+02
7.037153037845328640e+00 -1.495952020189693883e+02
7.065701326031316398e+00 -1.495433519131574656e+02
7.094249614217289945e+00 -1.495251114145660836e+02
7.122797902403277703e+00 -1.495488764881351926e+02
7.151346190589265461e+00 -1.495492515109782801e+02
7.179894478775253219e+00 -1.495699272860352096e+02
7.208442766961226766e+00 -1.496120826349342110e+02
7.236991055147228735e+00 -1.496680984070254112e+02
7.265539343333202282e+00 -1.497235628954398123e+02
7.294087631519190040e+00 -1.497694421841383985e+02
7.322635919705177798e+00 -1.497872604277297341e+02
7.351184207891151345e+00 -1.497819728375712884e+02
7.379732496077153314e+00 -1.497368794867514339e+02
7.408280784263126861e+00 -1.496789412910691510e+02
7.436829072449114619e+00 -1.496140765385264615e+02
7.465377360635102377e+00 -1.495441999908145192e+02
7.493925648821090135e+00 -1.494948740027288920e+02
7.522473937007063682e+00 -1.494731215972743712e+02
7.551022225193051440e+00 -1.494803060887960839e+02
7.579570513379053409e+00 -1.495150709139668663e+02
7.608118801565012745e+00 -1.495402935043653656e+02
7.636667089751014714e+00 -1.495833168902626085e+02
7.665215377937002472e+00 -1.496319037823168969e+02
7.693763666122976019e+00 -1.496785591600946077e+02
7.722311954308963777e+00 -1.497033756727077218e+02
7.750860242494951535e+00 -1.497121672836323114e+02
7.779408530680939293e+00 -1.496889565415571610e+02
7.807956818866912840e+00 -1.496506315259071584e+02
7.836505107052914809e+00 -1.495962146815658116e+02
7.865053395238888356e+00 -1.495302589464294556e+02
7.893601683424876114e+00 -1.494823270614746775e+02
7.922149971610863872e+00 -1.494506532656784827e+02
7.950698259796837419e+00 -1.494433621215733297e+02
7.979246547982839388e+00 -1.494607520411827011e+02
8.007794836168827146e+00 -1.495061262701028966e+02
8.036343124354800693e+00 -1.495574745794133946e+02
8.064891412540788451e+00 -1.496113214194941463e+02
8.093439700726776209e+00 -1.496682122094251781e+02
8.121987988912749756e+00 -1.497068760399201324e+02
8.150536277098737514e+00 -1.497379455671125470e+02
8.179084565284739483e+00 -1.497404873540211554e+02
8.207632853470713030e+00 -1.497279734566161835e+02
8.236181141656700788e+00 -1.496981869925226647e+02
8.264729429842688546e+00 -1.496589365677100147e+02
8.293277718028662093e+00 -1.496140795881097176e+02
8.321826006214649851e+00 -1.495884026934652695e+02
8.350374294400637609e+00 -1.495790705364258031e+02
8.378922582586625367e+00 -1.495948967086890207e+02
8.407470870772613125e+00 -1.496347359595625619e+02
8.436019158958600883e+00 -1.496935921952659214e+02
8.464567447144574430e+00 -1.497690516762599486e+02
8.493115735330562188e+00 -1.498399834892301783e+02
8.521664023516549946e+00 -1.499035345215004895e+02
8.550212311702523493e+00 -1.499595808936158789e+02
8.578760599888525462e+00 -1.499900250670431774e+02
8.607308888074513220e+00 -1.500014397062238629e+02
8.635857176260486767e+00 -1.499983620806154079e+02
8.664405464446474525e+00 -1.499819988366183736e+02
8.692953752632462283e+00 -1.499562490578136646e+02
8.721502040818435830e+00 -1.499402389898144747e+02
8.750050329004423588e+00 -1.499362381292825148e+02
8.778598617190411346e+00 -1.499547865483615396e+02
8.807146905376399104e+00 -1.499962231336925242e+02
8.835695193562386862e+00 -1.500601984173152346e+02
8.864243481748374620e+00 -1.501432089143420399e+02
8.892791769934348167e+00 -1.502338758435956265e+02
8.921340058120335925e+00 -1.503212099309133691e+02
8.949888346306323683e+00 -1.504020089215961775e+02
8.978436634492311441e+00 -1.504676837618501111e+02
9.006984922678299199e+00 -1.505045044336977753e+02
9.035533210864286957e+00 -1.505260383770601038e+02
9.064081499050260504e+00 -1.505265593460430580e+02
9.092629787236248262e+00 -1.505245636360942854e+02
9.121178075422236020e+00 -1.505212533429162249e+02
9.149726363608209567e+00 -1.505249663741512052e+02
9.178274651794211536e+00 -1.505464815968236678e+02
9.206822939980185083e+00 -1.505938966258522953e+02
9.235371228166172841e+00 -1.506631172147600637e+02
9.263919516352160599e+00 -1.507560371546576903e+02
9.292467804538148357e+00 -1.508545210817050588e+02
9.321016092724136115e+00 -1.509645464524012652e+02
9.349564380910109662e+00 -1.510690742325986093e+02
9.378112669096097420e+00 -1.511616720458759175e+02
9.406660957282085178e+00 -1.512250981035416544e+02
9.435209245468072936e+00 -1.512746553764589521e+02
9.463757533654060694e+00 -1.512951602482917508e+02
9.492305821840034241e+00 -1.513071326462417119e+02
9.520854110026036210e+00 -1.513091268678049346e+02
9.549402398212009757e+00 -1.513192798974568518e+02
9.577950686397997515e+00 -1.513410041434911193e+02
9.606498974583985273e+00 -1.513870583352845927e+02
9.635047262769958820e+00 -1.514578998923954032e+02
9.663595550955946578e+00 -1.515546396992930909e+02
9.692143839141934336e+00 -1.516726243791201227e+02
9.720692127327922094e+00 -1.517909739714273485e+02
9.749240415513895641e+00 -1.519219283516570442e+02
9.777788703699897610e+00 -1.520258142051251866e+02
9.806336991885871157e+00 -1.521218594740317087e+02
9.834885280071858915e+00 -1.521926868004758546e+02
9.863433568257846673e+00 -1.522294198662225142e+02
9.891981856443834431e+00 -1.522471859577938744e+02
9.920530144629822189e+00 -1.522566599849703550e+02
9.949078432815809947e+00 -1.522616854444785872e+02
9.977626721001783494e+00 -1.522784041852510768e+02
1.000617500918777125e+01 -1.523049331373594839e+02
1.003472329737375901e+01 -1.523677848843881861e+02
1.006327158555973256e+01 -1.524580690022757494e+02
1.009181987374572032e+01 -1.525748710465793749e+02
1.012036816193172228e+01 -1.526962881160115728e+02
1.014891645011769583e+01 -1.528370568730844354e+02
1.017746473830368359e+01 -1.529594674091750335e+02
1.020601302648967135e+01 -1.530759361907462335e+02
1.023456131467564489e+01 -1.531479581770654477e+02
1.026310960286163265e+01 -1.531997652793329507e+02
1.029165789104762041e+01 -1.532137646257374968e+02
1.032020617923360817e+01 -1.532097911481365600e+02
1.034875446741959593e+01 -1.531995670513862819e+02
1.037730275560558368e+01 -1.531922866383477242e+02
1.040585104379155723e+01 -1.531930842965474540e+02
1.043439933197754499e+01 -1.532290059616566396e+02
1.046294762016353275e+01 -1.532951416111697824e+02
1.049149590834950629e+01 -1.533892915752634849e+02
1.052004419653550826e+01 -1.534930607590151794e+02
1.054859248472149602e+01 -1.536207318685461019e+02
1.057714077290746957e+01 -1.537357126462028418e+02
1.060568906109345733e+01 -1.538458033724988638e+02
1.063423734927944508e+01 -1.539251845953938584e+02
1.066278563746541863e+01 -1.539691028183592039e+02
1.069133392565140639e+01 -1.539731905338695981e+02
1.071988221383740836e+01 -1.539400625050866154e+02
1.074843050202338191e+01 -1.538964634071430169e+02
1.077697879020936966e+01 -1.538532057905170234e+02
1.080552707839535742e+01 -1.538220319401030451e+02
1.083407536658133097e+01 -1.538014966803170296e+02
1.086262365476731873e+01 -1.538199240277766933e+02
1.089117194295330648e+01 -1.538555690546397159e+02
1.091972023113929424e+01 -1.539274349952906960e+02
1.094826851932528200e+01 -1.540046331786440987e+02
1.097681680751126976e+01 -1.540943059939341424e+02
1.100536509569724331e+01 -1.541726494124012561e+02
1.103391338388323106e+01 -1.542221458183552727e+02
1.106246167206921882e+01 -1.542470849900465737e+02
1.109100996025519237e+01 -1.542328261373487237e+02
1.111955824844119434e+01 -1.541889285265895069e+02
1.114810653662718209e+01 -1.541127380528089930e+02
1.117665482481315564e+01 -1.540296759605912484e+02
1.120520311299914340e+01 -1.539513440605925894e+02
1.123375140118513116e+01 -1.538827620585946079e+02
1.126229968937111892e+01 -1.538461238418645962e+02
1.129084797755709246e+01 -1.538281293722671421e+02
1.131939626574309443e+01 -1.538425576401432124e+02
1.134794455392906798e+01 -1.538687001248980550e+02
1.137649284211505574e+01 -1.539129455559584585e+02
1.140504113030104349e+01 -1.539451737915543390e+02
1.143358941848701704e+01 -1.539671398339065718e+02
1.146213770667301901e+01 -1.539588932328663589e+02
1.149068599485899256e+01 -1.539275050874991564e+02
1.151923428304498032e+01 -1.538661421383158938e+02
1.154778257123096807e+01 -1.537835902220330127e+02
1.157633085941695583e+01 -1.536938181830566919e+02
1.160487914760292938e+01 -1.535823284785436158e+02
1.163342743578891714e+01 -1.534883875949382741e+02
1.166197572397491911e+01 -1.534081854803090152e+02
1.169052401216087844e+01 -1.533555332994823459e+02
1.171907230034688041e+01 -1.533320835938206983e+02
1.174762058853286817e+01 -1.533193879151116619e+02
1.177616887671884172e+01 -1.533161145680674338e+02
1.180471716490482947e+01 -1.533239425793415194e+02
1.183326545309081723e+01 -1.533165284402747091e+02
1.186181374127680499e+01 -1.533000904427746605e+02
1.189036202946279275e+01 -1.532586659871509767e+02
1.191891031764878051e+01 -1.531983853214174758e+02
1.194745860583475405e+01 -1.531159585324614341e+02
1.197600689402074181e+01 -1.530244267174240349e+02
1.200455518220672957e+01 -1.529293750954856819e+02
1.203310347039270312e+01 -1.528326036440132327e+02
1.206165175857870508e+01 -1.527405279604983548e+02
1.209020004676469284e+01 -1.526770488074881200e+02
1.211874833495066639e+01 -1.526241844175533515e+02
1.214729662313665415e+01 -1.525887509982214567e+02
1.217584491132264191e+01 -1.525746627435196388e+02
1.220439319950861545e+01 -1.525611237622306362e+02
1.223294148769460321e+01 -1.525515453686721798e+02
1.226148977588060518e+01 -1.525266486048414265e+02
1.229003806406657873e+01 -1.524903341789296007e+02
1.231858635225256648e+01 -1.524463388085441977e+02
1.234713464043855424e+01 -1.523801343589729811e+02
1.237568292862452779e+01 -1.522999962313023445e+02
1.240423121681051555e+01 -1.522154814381812002e+02
1.243277950499650331e+01 -1.521312297987232114e+02
1.246132779318249106e+01 -1.520666821997018019e+02
1.248987608136847882e+01 -1.519934211224809246e+02
1.251842436955446658e+01 -1.519369135439173704e+02
1.254697265774044013e+01 -1.519019626514922265e+02
1.257552094592642788e+01 -1.518743429125973705e+02
1.260406923411241564e+01 -1.518619009627255707e+02
1.263261752229838919e+01 -1.518513379449918261e+02
1.266116581048439116e+01 -1.518375496860669500e+02
1.268971409867037892e+01 -1.518146313981184790e+02
1.271826238685635246e+01 -1.517870673694304742e+02
1.274681067504234022e+01 -1.517412619993825729e+02
1.277535896322832798e+01 -1.516828411187324548e+02
1.280390725141430153e+01 -1.516173320300441105e+02
1.283245553960028928e+01 -1.515565300247070013e+02
1.286100382778629125e+01 -1.514916634412003589e+02
1.288955211597226480e+01 -1.514406927280502373e+02
1.291810040415825256e+01 -1.513940844425702039e+02
1.294664869234424032e+01 -1.513621977993705059e+02
1.297519698053021386e+01 -1.513377601334343296e+02
1.300374526871620162e+01 -1.513284981612090689e+02
1.303229355690218938e+01 -1.513235894113647930e+02
1.306084184508817714e+01 -1.513204635109175911e+02
1.308939013327416490e+01 -1.513185238287338450e+02
1.311793842146015265e+01 -1.513041061758997614e+02
1.314648670964612620e+01 -1.512795752295368459e+02
1.317503499783211396e+01 -1.512450623530304199e+02
1.320358328601811593e+01 -1.512055896456983817e+02
1.323213157420407526e+01 -1.511579009772364373e+02
1.326067986239007723e+01 -1.511153378305480146e+02
1.328922815057606499e+01 -1.510720273111156757e+02
1.331777643876203854e+01 -1.510393258837724773e+02
1.334632472694802630e+01 -1.510165708217657539e+02
1.337487301513401405e+01 -1.510031810310371156e+02
1.340342130332000181e+01 -1.510009366473753971e+02
1.343196959150597536e+01 -1.510047796931751805e+02
1.346051787969197733e+01 -1.510163929157864686e+02
1.348906616787795087e+01 -1.510246233203190798e+02
1.351761445606393863e+01 -1.510293359146957926e+02
1.354616274424992639e+01 -1.510261751869047657e+02
1.357471103243589994e+01 -1.510193782023339963e+02
1.360325932062190191e+01 -1.509998173813904145e+02
1.363180760880787545e+01 -1.509783484258676651e+02
1.366035589699386321e+01 -1.509470037310550481e+02
1.368890418517985097e+01 -1.509237323124727084e+02
1.371745247336583873e+01 -1.509022959809882138e+02
1.374600076155181227e+01 -1.508897217636910568e+02
1.377454904973780003e+01 -1.508864885538237672e+02
1.380309733792380200e+01 -1.508931772269467046e+02
1.383164562610976134e+01 -1.509113131454105030e+02
1.386019391429576331e+01 -1.509318496145431823e+02
1.388874220248175106e+01 -1.509552915159513304e+02
1.391729049066772461e+01 -1.509778012456766021e+02
1.394583877885371237e+01 -1.509996218161051615e+02
1.397438706703970013e+01 -1.510068674064093273e+02
1.400293535522568789e+01 -1.510142567778558202e+02
1.403148364341167564e+01 -1.510114156822992868e+02
1.406003193159766340e+01 -1.510029946161700423e+02
1.408858021978363695e+01 -1.509967845883368511e+02
1.411712850796962471e+01 -1.509888802059039676e+02
1.414567679615561246e+01 -1.509893703880628379e+02
1.417422508434158601e+01 -1.509959333706000564e+02
1.420277337252758798e+01 -1.510137452752678939e+02
1.423132166071357574e+01 -1.510396739870143392e+02
1.425986994889954929e+01 -1.510733816430360719e+02
