-1.425986994889954929e+01 -1.510733963514620370e+02
-1.423132166071357574e+01 -1.510396887045280891e+02
-1.420277337252758798e+01 -1.510137600298111522e+02
-1.417422508434160022e+01 -1.509959481908902603e+02
-1.414567679615561246e+01 -1.509893853352634778e+02
-1.411712850796962471e+01 -1.509888952976010330e+02
-1.408858021978363695e+01 -1.509967998785817827e+02
-1.406003193159766340e+01 -1.510030100966324369e+02
-1.403148364341167564e+01 -1.510114313816614811e+02
-1.400293535522568789e+01 -1.510142726812779586e+02
-1.397438706703971434e+01 -1.510068834827276021e+02
-1.394583877885371237e+01 -1.509996380756281553e+02
-1.391729049066772461e+01 -1.509778176393401736e+02
-1.388874220248175106e+01 -1.509553080521112634e+02
-1.386019391429576331e+01 -1.509318662900619188e+02
-1.383164562610977555e+01 -1.509113299843560014e+02
-1.380309733792380200e+01 -1.508931942453937722e+02
-1.377454904973780003e+01 -1.508865057985908322e+02
-1.374600076155181227e+01 -1.508897392771381476e+02
-1.371745247336583873e+01 -1.509023138167969478e+02
-1.368890418517985097e+01 -1.509237505041486997e+02
-1.366035589699386321e+01 -1.509470223094007508e+02
-1.363180760880788966e+01 -1.509783674280968739e+02
-1.360325932062190191e+01 -1.509998367773124244e+02
-1.357471103243589994e+01 -1.510193979848258721e+02
-1.354616274424992639e+01 -1.510261953007251634e+02
-1.351761445606393863e+01 -1.510293563625590991e+02
-1.348906616787795087e+01 -1.510246440711664206e+02
-1.346051787969197733e+01 -1.510164139604123932e+02
-1.343196959150598957e+01 -1.510048010060783668e+02
-1.340342130332000181e+01 -1.510009582706145750e+02
-1.337487301513401405e+01 -1.510032029992886180e+02
-1.334632472694802630e+01 -1.510165931832070214e+02
-1.331777643876203854e+01 -1.510393486926224966e+02
-1.328922815057606499e+01 -1.510720506098671194e+02
-1.326067986239007723e+01 -1.511153616894912375e+02
-1.323213157420408947e+01 -1.511579253878558973e+02
-1.320358328601811593e+01 -1.512056146523682401e+02
-1.317503499783211396e+01 -1.512450879021147330e+02
-1.314648670964612620e+01 -1.512796012875299425e+02
-1.311793842146015265e+01 -1.513041326786366483e+02
-1.308939013327416490e+01 -1.513185507079533920e+02
-1.306084184508817714e+01 -1.513204906823384874e+02
-1.303229355690220359e+01 -1.513236168743417522e+02
-1.300374526871621583e+01 -1.513285259021162119e+02
-1.297519698053021386e+01 -1.513377881883974965e+02
-1.294664869234424032e+01 -1.513622262537894585e+02
-1.291810040415825256e+01 -1.513941133461142670e+02
-1.288955211597226480e+01 -1.514407221582007423e+02
-1.286100382778629125e+01 -1.514916934268439377e+02
-1.283245553960030350e+01 -1.515565606508715746e+02
-1.280390725141431574e+01 -1.516173632791891066e+02
-1.277535896322832798e+01 -1.516828729910185416e+02
-1.274681067504234022e+01 -1.517412944440463036e+02
-1.271826238685635246e+01 -1.517871002762432227e+02
-1.268971409867037892e+01 -1.518146646137488176e+02
-1.266116581048439116e+01 -1.518375831607584701e+02
-1.263261752229840340e+01 -1.518513715845299998e+02
-1.260406923411241564e+01 -1.518619347330886740e+02
-1.257552094592642788e+01 -1.518743768030016099e+02
-1.254697265774044013e+01 -1.519019967660642294e+02
-1.251842436955446658e+01 -1.519369479267105874e+02
-1.248987608136847882e+01 -1.519934559350813288e+02
-1.246132779318249106e+01 -1.520667175620135652e+02
-1.243277950499651752e+01 -1.521312656540934256e+02
-1.240423121681051555e+01 -1.522155179764033335e+02
-1.237568292862452779e+01 -1.523000334268179472e+02
-1.234713464043855424e+01 -1.523801721940300240e+02
-1.231858635225256648e+01 -1.524463771492331148e+02
-1.229003806406657873e+01 -1.524903728488916670e+02
-1.226148977588060518e+01 -1.525266875382308456e+02
-1.223294148769461742e+01 -1.525515844495543263e+02
-1.220439319950861545e+01 -1.525611628714635231e+02
-1.217584491132264191e+01 -1.525747019168253473e+02
-1.214729662313665415e+01 -1.525887902597448829e+02
-1.211874833495066639e+01 -1.526242239757318941e+02
-1.209020004676469284e+01 -1.526770888578722349e+02
-1.206165175857870508e+01 -1.527405686281850876e+02
-1.203310347039271733e+01 -1.528326452382033267e+02
-1.200455518220672957e+01 -1.529294177122244776e+02
-1.197600689402074181e+01 -1.530244704070417185e+02
-1.194745860583475405e+01 -1.531160033439179529e+02
-1.191891031764878051e+01 -1.531984312537497601e+02
-1.189036202946279275e+01 -1.532587128601223299e+02
-1.186181374127680499e+01 -1.533001381585782781e+02
-1.183326545309081723e+01 -1.533165767972590174e+02
-1.180471716490482947e+01 -1.533239915543887548e+02
-1.177616887671884172e+01 -1.533161640291285437e+02
-1.174762058853286817e+01 -1.533194380805582000e+02
-1.171907230034688041e+01 -1.533321346366112152e+02
-1.169052401216089265e+01 -1.533555854446835554e+02
-1.166197572397491911e+01 -1.534082392058550397e+02
-1.163342743578891714e+01 -1.534884432874634967e+02
-1.160487914760292938e+01 -1.535823865145943330e+02
-1.157633085941695583e+01 -1.536938789820002285e+02
-1.154778257123096807e+01 -1.537836536569371901e+02
-1.151923428304498032e+01 -1.538662082358290775e+02
-1.149068599485900677e+01 -1.539275737581500039e+02
-1.146213770667301901e+01 -1.539589641054571416e+02
-1.143358941848701704e+01 -1.539672125663885822e+02
-1.140504113030104349e+01 -1.539452480276847837e+02
-1.137649284211505574e+01 -1.539130211537060404e+02
-1.134794455392906798e+01 -1.538687769522019551e+02
-1.131939626574309443e+01 -1.538426360513653037e+02
-1.129084797755710667e+01 -1.538282095560600737e+02
-1.126229968937111892e+01 -1.538462064786739631e+02
-1.123375140118513116e+01 -1.538828475667816633e+02
-1.120520311299914340e+01 -1.539514331752043290e+02
-1.117665482481315564e+01 -1.540297689693417453e+02
-1.114810653662718209e+01 -1.541128351703796397e+02
-1.111955824844119434e+01 -1.541890296863139724e+02
-1.109100996025520658e+01 -1.542329306983404251e+02
-1.106246167206923303e+01 -1.542471922350186446e+02
-1.103391338388323106e+01 -1.542222547027120640e+02
-1.100536509569724331e+01 -1.541727592428546814e+02
-1.097681680751126976e+01 -1.540944159547416632e+02
-1.094826851932528200e+01 -1.540047427705833627e+02
-1.091972023113929424e+01 -1.539275444623710314e+02
-1.089117194295332069e+01 -1.538556784302222127e+02
-1.086262365476733294e+01 -1.538200340806170914e+02
-1.083407536658134518e+01 -1.538016077217352233e+02
-1.080552707839535742e+01 -1.538221448513290284e+02
-1.077697879020936966e+01 -1.538533206538215552e+02
-1.074843050202338191e+01 -1.538965805659941850e+02
-1.071988221383740836e+01 -1.539401817896289515e+02
-1.069133392565142060e+01 -1.539733114454950851e+02
-1.066278563746543284e+01 -1.539692242842459962e+02
-1.063423734927944508e+01 -1.539253053475864590e+02
-1.060568906109345733e+01 -1.538459222661898878e+02
-1.057714077290746957e+01 -1.537358287668787398e+02
-1.054859248472149602e+01 -1.536208450557798528e+02
-1.052004419653550826e+01 -1.534931706492935746e+02
-1.049149590834952050e+01 -1.533893987515184847e+02
-1.046294762016353275e+01 -1.532952463319635399e+02
-1.043439933197754499e+01 -1.532291088613248462e+02
-1.040585104379157144e+01 -1.531931860617953589e+02
-1.037730275560558368e+01 -1.531923881602400854e+02
-1.034875446741959593e+01 -1.531996684573518621e+02
-1.032020617923360817e+01 -1.532098925967633534e+02
-1.029165789104763462e+01 -1.532138660016927361e+02
-1.026310960286163265e+01 -1.531998662349690221e+02
-1.023456131467565910e+01 -1.531480580416507848e+02
-1.020601302648967135e+01 -1.530760346194009855e+02
-1.017746473830368359e+01 -1.529595635961402138e+02
-1.014891645011769583e+01 -1.528371509441562637e+02
-1.012036816193172228e+01 -1.526963798676603119e+02
-1.009181987374573453e+01 -1.525749612465562564e+02
-1.006327158555974677e+01 -1.524581579994826370e+02
-1.003472329737375901e+01 -1.523678735138953471e+02
-1.000617500918777125e+01 -1.523050221814017675e+02
-9.977626721001797705e+00 -1.522784947270474447e+02
-9.949078432815809947e+00 -1.522617780100937352e+02
-9.920530144629822189e+00 -1.522567550488342931e+02
-9.891981856443834431e+00 -1.522472838587163437e+02
-9.863433568257846673e+00 -1.522295207533417454e+02
-9.834885280071858915e+00 -1.521927905259247211e+02
-9.806336991885885368e+00 -1.521219656269234974e+02
-9.777788703699897610e+00 -1.520259222910907226e+02
-9.749240415513909852e+00 -1.519220383593033716e+02
-9.720692127327922094e+00 -1.517910855008152282e+02
-9.692143839141934336e+00 -1.516727377120519122e+02
-9.663595550955946578e+00 -1.515547550373900378e+02
-9.635047262769973031e+00 -1.514580177920576887e+02
-9.606498974583985273e+00 -1.513871795064597450e+02
-9.577950686397997515e+00 -1.513411294226874588e+02
-9.549402398212023968e+00 -1.513194099997037085e+02
-9.520854110026036210e+00 -1.513092621822439696e+02
-9.492305821840034241e+00 -1.513072734715612739e+02
-9.463757533654060694e+00 -1.512953063240508129e+02
-9.435209245468072936e+00 -1.512748061841070921e+02
-9.406660957282085178e+00 -1.512252525064975544e+02
-9.378112669096111631e+00 -1.511618293772108359e+02
-9.349564380910123873e+00 -1.510692330609135468e+02
-9.321016092724136115e+00 -1.509647060143616955e+02
-9.292467804538148357e+00 -1.508546807046204492e+02
-9.263919516352160599e+00 -1.507561969258785837e+02
-9.235371228166172841e+00 -1.506632769236236697e+02
-9.206822939980199294e+00 -1.505940566902588671e+02
-9.178274651794211536e+00 -1.505466424369838307e+02
-9.149726363608223778e+00 -1.505251283465049426e+02
-9.121178075422250231e+00 -1.505214167765519733e+02
-9.092629787236248262e+00 -1.505247283896597992e+02
-9.064081499050260504e+00 -1.505267248239344440e+02
-9.035533210864286957e+00 -1.505262042755424261e+02
-9.006984922678299199e+00 -1.505046693087346910e+02
-8.978436634492311441e+00 -1.504678469652316437e+02
-8.949888346306337894e+00 -1.504021687911091192e+02
-8.921340058120350136e+00 -1.503213658212986275e+02
-8.892791769934348167e+00 -1.502340274736338017e+02
-8.864243481748374620e+00 -1.501433561544525332e+02
-8.835695193562386862e+00 -1.500603415455543939e+02
-8.807146905376399104e+00 -1.499963630021223366e+02
-8.778598617190425557e+00 -1.499549240427543566e+02
-8.750050329004437799e+00 -1.499363743847009687e+02
-8.721502040818450041e+00 -1.499403752081744301e+02
-8.692953752632462283e+00 -1.499563860007339144e+02
-8.664405464446474525e+00 -1.499821376640108781e+02
-8.635857176260486767e+00 -1.499985032782465737e+02
-8.607308888074513220e+00 -1.500015837839295045e+02
-8.578760599888525462e+00 -1.499901728760817150e+02
-8.550212311702537704e+00 -1.499597331320105695e+02
-8.521664023516549946e+00 -1.499036914907123332e+02
-8.493115735330562188e+00 -1.498401462535211124e+02
-8.464567447144574430e+00 -1.497692214994323763e+02
-8.436019158958600883e+00 -1.496937703871352880e+02
-8.407470870772613125e+00 -1.496349251186170193e+02
-8.378922582586625367e+00 -1.495950988314424706e+02
-8.350374294400651820e+00 -1.495792888933355300e+02
-8.321826006214649851e+00 -1.495886401186452588e+02
-8.293277718028662093e+00 -1.496143396086561381e+02
-8.264729429842688546e+00 -1.496592228714075361e+02
-8.236181141656700788e+00 -1.496985016915586186e+02
-8.207632853470713030e+00 -1.497283182038126483e+02
-8.179084565284739483e+00 -1.497408629704059422e+02
-8.150536277098751725e+00 -1.497383525693802540e+02
-8.121987988912749756e+00 -1.497073130861182619e+02
-8.093439700726776209e+00 -1.496686793285959425e+02
-8.064891412540788451e+00 -1.496118175531789234e+02
-8.036343124354800693e+00 -1.495579998890466129e+02
-8.007794836168827146e+00 -1.495066807427191691e+02
-7.979246547982839388e+00 -1.494613360746221815e+02
-7.950698259796837419e+00 -1.494439787009888789e+02
-7.922149971610863872e+00 -1.494513056307289958e+02
-7.893601683424876114e+00 -1.494830183136016331e+02
-7.865053395238888356e+00 -1.495309911340242479e+02
-7.836505107052914809e+00 -1.495969901470573120e+02
-7.807956818866927051e+00 -1.496514472509741154e+02
-7.779408530680939293e+00 -1.496898079643333972e+02
-7.750860242494951535e+00 -1.497130483888270760e+02
-7.722311954308963777e+00 -1.497042779260334555e+02
-7.693763666122976019e+00 -1.496794753120584005e+02
-7.665215377937002472e+00 -1.496328250952757912e+02
-7.636667089751014714e+00 -1.495842400173384874e+02
-7.608118801565026956e+00 -1.495412153347971014e+02
-7.579570513379053409e+00 -1.495159912851029276e+02
-7.551022225193051440e+00 -1.494812207474486740e+02
-7.522473937007063682e+00 -1.494740323307473773e+02
-7.493925648821090135e+00 -1.494957842443128584e+02
-7.465377360635102377e+00 -1.495451132007846411e+02
-7.436829072449114619e+00 -1.496149952730349924e+02
-7.408280784263141072e+00 -1.496798635068912802e+02
-7.379732496077153314e+00 -1.497378042778343570e+02
-7.351184207891151345e+00 -1.497828958551527023e+02
-7.322635919705177798e+00 -1.497881767993634412e+02
-7.294087631519190040e+00 -1.497703500437077935e+02
-7.265539343333202282e+00 -1.497244609484806972e+02
-7.236991055147228735e+00 -1.496689906223566027e+02
-7.208442766961240977e+00 -1.496129772646073377e+02
-7.179894478775253219e+00 -1.495708341745039434e+02
-7.151346190589265461e+00 -1.495501858714114860e+02
-7.122797902403277703e+00 -1.495498526084300863e+02
-7.094249614217289945e+00 -1.495261379848237198e+02
-7.065701326031316398e+00 -1.495444528090174003e+02
-7.037153037845328640e+00 -1.495964033776590725e+02
-7.008604749659340882e+00 -1.496575270495781922e+02
-6.980056461473367335e+00 -1.497167288760682879e+02
-6.951508173287365366e+00 -1.497492472713390157e+02
-6.922959885101377608e+00 -1.497531896503363384e+02
-6.894411596915404061e+00 -1.497289960035122931e+02
-6.865863308729416303e+00 -1.496712990497053681e+02
-6.837315020543428545e+00 -1.495961051459934765e+02
-6.808766732357454998e+00 -1.495116921535386894e+02
-6.780218444171467240e+00 -1.494360220872603691e+02
-6.751670155985465271e+00 -1.493747265347030293e+02
-6.723121867799491724e+00 -1.493499078883143909e+02
-6.694573579613503966e+00 -1.493516981652069262e+02
-6.666025291427516208e+00 -1.493115706888394811e+02
-6.637477003241542661e+00 -1.493070498257142447e+02
-6.608928715055554903e+00 -1.493155941367129458e+02
-6.580380426869567145e+00 -1.493366733441211522e+02
-6.551832138683579387e+00 -1.493399401468069811e+02
-6.523283850497591629e+00 -1.493311963378141911e+02
-6.494735562311603871e+00 -1.492776520145412746e+02
-6.466187274125630324e+00 -1.491903176985937591e+02
-6.437638985939642566e+00 -1.490741688186739680e+02
-6.409090697753654808e+00 -1.489514791706135952e+02
-6.380542409567667050e+00 -1.488269554871423566e+02
-6.351994121381679292e+00 -1.487110493852285060e+02
-6.323445833195691534e+00 -1.486334445878561041e+02
-6.294897545009717987e+00 -1.485810623450827279e+02
-6.266349256823730229e+00 -1.485527373301856073e+02
-6.237800968637742471e+00 -1.485252695890542611e+02
-6.209252680451754713e+00 -1.484436725130469199e+02
-6.180704392265766955e+00 -1.484129860741674065e+02
-6.152156104079779197e+00 -1.483646762382795714e+02
-6.123607815893805650e+00 -1.483024706191725954e+02
-6.095059527707817892e+00 -1.482125378297770055e+02
-6.066511239521830134e+00 -1.481023148501254241e+02
-6.037962951335856587e+00 -1.479584614165179914e+02
-6.009414663149854618e+00 -1.477970492571967327e+02
-5.980866374963866861e+00 -1.476493519231335654e+02
-5.952318086777893313e+00 -1.474932832736816124e+02
-5.923769798591905555e+00 -1.473606630279988110e+02
-5.895221510405917797e+00 -1.472490720899403414e+02
-5.866673222219944250e+00 -1.471820116958070628e+02
-5.838124934033956492e+00 -1.471273778786794821e+02
-5.809576645847954524e+00 -1.470874069276376019e+02
-5.781028357661980976e+00 -1.469790638456703675e+02
-5.752480069475993218e+00 -1.468812218524062132e+02
-5.723931781290005461e+00 -1.467857007206844173e+02
-5.695383493104031913e+00 -1.466745263817395255e+02
-5.666835204918044155e+00 -1.465469209517584090e+02
-5.638286916732056397e+00 -1.464107325462788083e+02
-5.609738628546068639e+00 -1.462519217098364095e+02
-5.581190340360080882e+00 -1.460914680249798039e+02
-5.552642052174093124e+00 -1.459345144559550249e+02
-5.524093763988119576e+00 -1.458121218359379441e+02
-5.495545475802131818e+00 -1.456934804948022872e+02
-5.466997187616144060e+00 -1.456021278459148789e+02
-5.438448899430170513e+00 -1.455335875627573614e+02
-5.409900611244168545e+00 -1.454844284497519311e+02
-5.381352323058180787e+00 -1.454458533495482584e+02
-5.352804034872207239e+00 -1.453834856675600236e+02
-5.324255746686219481e+00 -1.452579849388942819e+02
-5.295707458500231724e+00 -1.451417730136285513e+02
-5.267159170314258176e+00 -1.449998120202129428e+02
-5.238610882128270418e+00 -1.448338733328305068e+02
-5.210062593942268450e+00 -1.446464664317077506e+02
-5.181514305756294902e+00 -1.444595525092605897e+02
-5.152966017570307145e+00 -1.442570410462276698e+02
-5.124417729384319387e+00 -1.440651007715777041e+02
-5.095869441198345839e+00 -1.438966358143639184e+02
-5.067321153012358081e+00 -1.437630865378706062e+02
-5.038772864826370323e+00 -1.436739027023972710e+02
-5.010224576640382566e+00 -1.436360134244905566e+02
-4.981676288454394808e+00 -1.436543419117620033e+02
-4.953128000268407050e+00 -1.437318348364768497e+02
-4.924579712082433502e+00 -1.438813548233605104e+02
-4.896031423896445745e+00 -1.440277742766537585e+02
-4.867483135710457987e+00 -1.442382817994678135e+02
-4.838934847524484439e+00 -1.445118031111209405e+02
-4.810386559338482471e+00 -1.448335100128225577e+02
-4.781838271152494713e+00 -1.452140732433921642e+02
-4.753289982966521166e+00 -1.456371238929114895e+02
-4.724741694780533408e+00 -1.460944691317741899e+02
-4.696193406594545650e+00 -1.465770026682279763e+02
-4.667645118408572102e+00 -1.470747053480480986e+02
-4.639096830222584344e+00 -1.475764239447647981e+02
-4.610548542036582376e+00 -1.480703953620992195e+02
-4.582000253850608829e+00 -1.485435275337977430e+02
-4.553451965664621071e+00 -1.489829463539406902e+02
-4.524903677478633313e+00 -1.493761527361526760e+02
-4.496355389292659765e+00 -1.497117153851681906e+02
-4.467807101106672008e+00 -1.499230108239879655e+02
-4.439258812920684250e+00 -1.498791305132629930e+02
-4.410710524734696492e+00 -1.498720877123382138e+02
-4.382162236548708734e+00 -1.498549540375507831e+02
-4.353613948362720976e+00 -1.498286265297759030e+02
-4.325065660176747429e+00 -1.497957986703978008e+02
-4.296517371990759671e+00 -1.497601257827261918e+02
-4.267969083804771913e+00 -1.497248728387885137e+02
-4.239420795618784155e+00 -1.496928788407407467e+02
-4.210872507432796397e+00 -1.496657383970226078e+02
-4.182324219246808639e+00 -1.496435096712294524e+02
-4.153775931060835092e+00 -1.496247892397375097e+02
-4.125227642874847334e+00 -1.496062777484072512e+02
-4.096679354688859576e+00 -1.495846619201631142e+02
-4.068131066502871818e+00 -1.495551455465745789e+02
-4.039582778316884060e+00 -1.495150183027136563e+02
-4.011034490130910513e+00 -1.494430484068056444e+02
-3.982486201944922755e+00 -1.493623280051173765e+02
-3.953937913758934997e+00 -1.492764279490223771e+02
-3.925389625572947239e+00 -1.491857211275469695e+02
-3.896841337386973692e+00 -1.490937135338105577e+02
-3.868293049200971723e+00 -1.490037603060681590e+02
-3.839744761014998176e+00 -1.489189379086886333e+02
-3.811196472829010418e+00 -1.488413446112170675e+02
-3.782648184643022660e+00 -1.487718761148478848e+02
-3.754099896457034902e+00 -1.487097770501096647e+02
-3.725551608271061355e+00 -1.486529569201324534e+02
-3.697003320085073597e+00 -1.485982488670603061e+02
-3.668455031899085839e+00 -1.485420280529380364e+02
-3.639906743713098081e+00 -1.484807891196303444e+02
-3.611358455527110323e+00 -1.484118654847394794e+02
-3.582810167341136776e+00 -1.483302819224103359e+02
-3.554261879155149018e+00 -1.482266474709102226e+02
-3.525713590969161260e+00 -1.481251051647371071e+02
-3.497165302783173502e+00 -1.480234463504692997e+02
-3.468617014597185744e+00 -1.479239091318121950e+02
-3.440068726411197986e+00 -1.478294532494850273e+02
-3.411520438225224439e+00 -1.477422836417374583e+02
-3.382972150039236681e+00 -1.476637334081592883e+02
-3.354423861853248923e+00 -1.475939174904318634e+02
-3.325875573667261165e+00 -1.475317312269368699e+02
-3.297327285481287618e+00 -1.474748814843290745e+02
-3.268778997295285649e+00 -1.474203204929687843e+02
-3.240230709109312102e+00 -1.473647398617214037e+02
-3.211682420923324344e+00 -1.473051350794724783e+02
-3.183134132737336586e+00 -1.472393469210097408e+02
-3.154585844551363039e+00 -1.471664578145355904e+02
-3.126037556365375281e+00 -1.470767816603178346e+02
-3.097489268179387523e+00 -1.469845291262627995e+02
-3.068940979993399765e+00 -1.468940485313384556e+02
-3.040392691807412007e+00 -1.468067852207986448e+02
-3.011844403621424249e+00 -1.467250501942158962e+02
-2.983296115435450702e+00 -1.466505818310843665e+02
-2.954747827249462944e+00 -1.465842512459539932e+02
-2.926199539063475186e+00 -1.465258590966542158e+02
-2.897651250877487428e+00 -1.464741004344794533e+02
-2.869102962691499670e+00 -1.464267356267802711e+02
-2.840554674505511912e+00 -1.463809348421708307e+02
-2.812006386319538365e+00 -1.463337461315106793e+02
-2.783458098133550607e+00 -1.462825961127668677e+02
-2.754909809947562849e+00 -1.462257558671097684e+02
-2.726361521761589302e+00 -1.461626462157127548e+02
-2.697813233575601544e+00 -1.460923935790593191e+02
-2.669264945389599575e+00 -1.460106921570099132e+02
-2.640716657203626028e+00 -1.459328585935313072e+02
-2.612168369017638270e+00 -1.458586596598719609e+02
-2.583620080831650512e+00 -1.457899346638897953e+02
-2.555071792645676965e+00 -1.457281180789594828e+02
-2.526523504459689207e+00 -1.456737969123947778e+02
-2.497975216273701449e+00 -1.456265763071610024e+02
-2.469426928087713691e+00 -1.455850812006669628e+02
-2.440878639901725933e+00 -1.455471416983726272e+02
-2.412330351715738175e+00 -1.455101310159750483e+02
-2.383782063529764628e+00 -1.454713925754311958e+02
-2.355233775343776870e+00 -1.454287044180886426e+02
-2.326685487157789112e+00 -1.453806693594475234e+02
-2.298137198971801354e+00 -1.453269697377603222e+02
-2.269588910785813596e+00 -1.452684110251765617e+02
-2.241040622599825838e+00 -1.452016131025493735e+02
-2.212492334413852291e+00 -1.451350937434160926e+02
-2.183944046227864533e+00 -1.450727078707347459e+02
-2.155395758041876775e+00 -1.450157927147035366e+02
-2.126847469855889017e+00 -1.449655053937617595e+02
-2.098299181669901259e+00 -1.449222204714306201e+02
-2.069750893483913501e+00 -1.448853995635870149e+02
-2.041202605297939954e+00 -1.448536195398958739e+02
-2.012654317111952196e+00 -1.448247686610741312e+02
-1.984106028925964438e+00 -1.447963739827806080e+02
-1.955557740739990891e+00 -1.447660093731785480e+02
-1.927009452553988922e+00 -1.447317177048146846e+02
-1.898461164368001164e+00 -1.446923575792513645e+02
-1.869912876182027617e+00 -1.446478068926321043e+02
-1.841364587996039859e+00 -1.445989765744674571e+02
-1.812816299810052101e+00 -1.445470778145979978e+02
-1.784268011624078554e+00 -1.444905947509837745e+02
-1.755719723438090796e+00 -1.444392646241660714e+02
-1.727171435252088827e+00 -1.443934011484270457e+02
-1.698623147066115280e+00 -1.443539170956264002e+02
-1.670074858880127522e+00 -1.443210450476274787e+02
-1.641526570694139764e+00 -1.442941342505556861e+02
-1.612978282508166217e+00 -1.442717226372616892e+02
-1.584429994322178459e+00 -1.442517411344372817e+02
-1.555881706136190701e+00 -1.442318361215009475e+02
-1.527333417950202943e+00 -1.442097609745668478e+02
-1.498785129764215185e+00 -1.441837661825776706e+02
-1.470236841578227427e+00 -1.441529112842001723e+02
-1.441688553392253880e+00 -1.441172328819116615e+02
-1.413140265206266122e+00 -1.440777296584318776e+02
-1.384591977020278364e+00 -1.440361721999691724e+02
-1.356043688834304817e+00 -1.439922855222163491e+02
-1.327495400648302848e+00 -1.439511985070984110e+02
-1.298947112462315090e+00 -1.439158111898530024e+02
-1.270398824276341543e+00 -1.438866602208917413e+02
-1.241850536090353785e+00 -1.438637512363955011e+02
-1.213302247904366027e+00 -1.438464052551101133e+02
-1.184753959718392480e+00 -1.438331212203497103e+02
-1.156205671532404722e+00 -1.438218538480965663e+02
-1.127657383346402753e+00 -1.438103349985583179e+02
-1.099109095160429206e+00 -1.437964520284066623e+02
-1.070560806974441448e+00 -1.437786153167209875e+02
-1.042012518788453690e+00 -1.437560413409359228e+02
-1.013464230602480143e+00 -1.437288915638196158e+02
-9.849159424164923848e-01 -1.436982362833950617e+02
-9.563676542305046269e-01 -1.436658510182591613e+02
-9.278193660445168689e-01 -1.436337819537428402e+02
-8.992710778585291109e-01 -1.436019012570533846e+02
-8.707227896725413530e-01 -1.435760554199987098e+02
-8.421745014865678058e-01 -1.435565014002006592e+02
-8.136262133005800479e-01 -1.435418778601720931e+02
-7.850779251145922899e-01 -1.435316813964476523e+02
-7.565296369286187428e-01 -1.435239522451447840e+02
-7.279813487426167740e-01 -1.435160779318055120e+02
-6.994330605566290160e-01 -1.435050827229534320e+02
-6.708847723706554689e-01 -1.434879710132462094e+02
-6.423364841846677109e-01 -1.434620641374687295e+02
-6.137881959986799529e-01 -1.434252637642034927e+02
-5.852399078127064058e-01 -1.433761910774782962e+02
-5.566916196267186479e-01 -1.433141782778118341e+02
-5.281433314407166790e-01 -1.432391282794376366e+02
-4.995950432547431319e-01 -1.431512950471586407e+02
-4.710467550687553739e-01 -1.430500598994943857e+02
-4.424984668827676160e-01 -1.429368930030817637e+02
-4.139501786967940689e-01 -1.428126579437193300e+02
-3.854018905108063109e-01 -1.426768558297456195e+02
-3.568536023248043421e-01 -1.425293594617659778e+02
-3.283053141388307949e-01 -1.423712089425313536e+02
-2.997570259528430370e-01 -1.422039071912375903e+02
-2.712087377668552790e-01 -1.420299189523346968e+02
-2.426604495808817319e-01 -1.418527139637884886e+02
-2.141121613948939739e-01 -1.416766577954420825e+02
-1.855638732088920051e-01 -1.415067678893527159e+02
-1.570155850229184580e-01 -1.413483826918237583e+02
-1.284672968369307000e-01 -1.412068009885267657e+02
-9.991900865094294204e-02 -1.410869426362595220e+02
-7.137072046496939492e-02 -1.409930644783687228e+02
-4.282243227898163695e-02 -1.409285461286756345e+02
-1.427414409299387898e-02 -1.408951267204278963e+02
1.427414409299387898e-02 -1.408951267204279247e+02
4.282243227898163695e-02 -1.409285461286755208e+02
7.137072046496939492e-02 -1.409930644783684670e+02
9.991900865094294204e-02 -1.410869426362604599e+02
1.284672968369307000e-01 -1.412068009885264814e+02
1.570155850229184580e-01 -1.413483826918240425e+02
1.855638732088920051e-01 -1.415067678893520906e+02
2.141121613948939739e-01 -1.416766577954420541e+02
2.426604495808817319e-01 -1.418527139637880623e+02
2.712087377668552790e-01 -1.420299189523342704e+02
2.997570259528430370e-01 -1.422039071912376471e+02
3.283053141388307949e-01 -1.423712089425316947e+02
3.568536023248043421e-01 -1.425293594617662905e+02
3.854018905107921000e-01 -1.426768558297455627e+02
4.139501786967940689e-01 -1.428126579437191026e+02
4.424984668827676160e-01 -1.429368930030813374e+02
4.710467550687553739e-01 -1.430500598994939594e+02
4.995950432547431319e-01 -1.431512950471580154e+02
5.281433314407166790e-01 -1.432391282794379777e+02
5.566916196267044370e-01 -1.433141782778113225e+02
5.852399078126921950e-01 -1.433761910774795751e+02
6.137881959986799529e-01 -1.434252637642024411e+02
6.423364841846677109e-01 -1.434620641374671095e+02
6.708847723706554689e-01 -1.434879710132450157e+02
6.994330605566290160e-01 -1.435050827229543415e+02
7.279813487426167740e-01 -1.435160779318052846e+02
7.565296369286045319e-01 -1.435239522451433629e+02
7.850779251145780790e-01 -1.435316813964460607e+02
8.136262133005800479e-01 -1.435418778601720646e+02
8.421745014865678058e-01 -1.435565014001989539e+02
8.707227896725413530e-01 -1.435760554199986245e+02
8.992710778585291109e-01 -1.436019012570530720e+02
9.278193660445168689e-01 -1.436337819537429823e+02
9.563676542304904160e-01 -1.436658510182577402e+02
9.849159424164781740e-01 -1.436982362833944649e+02
1.013464230602480143e+00 -1.437288915638208948e+02
1.042012518788453690e+00 -1.437560413409359512e+02
1.070560806974441448e+00 -1.437786153167215843e+02
1.099109095160429206e+00 -1.437964520284077992e+02
1.127657383346402753e+00 -1.438103349985580053e+02
1.156205671532390511e+00 -1.438218538480972768e+02
1.184753959718378269e+00 -1.438331212203491987e+02
1.213302247904366027e+00 -1.438464052551105681e+02
1.241850536090353785e+00 -1.438637512363955580e+02
1.270398824276341543e+00 -1.438866602208917129e+02
1.298947112462315090e+00 -1.439158111898529739e+02
1.327495400648302848e+00 -1.439511985070979279e+02
1.356043688834304817e+00 -1.439922855222166049e+02
1.384591977020264153e+00 -1.440361721999684619e+02
1.413140265206266122e+00 -1.440777296584321334e+02
1.441688553392253880e+00 -1.441172328819110078e+02
1.470236841578227427e+00 -1.441529112842001439e+02
1.498785129764215185e+00 -1.441837661825776422e+02
1.527333417950202943e+00 -1.442097609745673026e+02
1.555881706136190701e+00 -1.442318361215015159e+02
1.584429994322164248e+00 -1.442517411344380776e+02
1.612978282508166217e+00 -1.442717226372611208e+02
1.641526570694139764e+00 -1.442941342505559703e+02
1.670074858880127522e+00 -1.443210450476269386e+02
1.698623147066115280e+00 -1.443539170956263149e+02
1.727171435252088827e+00 -1.443934011484273015e+02
1.755719723438090796e+00 -1.444392646241662987e+02
1.784268011624064343e+00 -1.444905947509828934e+02
1.812816299810052101e+00 -1.445470778145976851e+02
1.841364587996039859e+00 -1.445989765744671445e+02
1.869912876182027617e+00 -1.446478068926330991e+02
1.898461164368001164e+00 -1.446923575792513077e+02
1.927009452553988922e+00 -1.447317177048143719e+02
1.955557740739976680e+00 -1.447660093731783775e+02
1.984106028925964438e+00 -1.447963739827792722e+02
2.012654317111952196e+00 -1.448247686610748133e+02
2.041202605297939954e+00 -1.448536195398945665e+02
2.069750893483913501e+00 -1.448853995635870433e+02
2.098299181669901259e+00 -1.449222204714308475e+02
2.126847469855889017e+00 -1.449655053937619869e+02
2.155395758041876775e+00 -1.450157927147041619e+02
2.183944046227864533e+00 -1.450727078707337796e+02
2.212492334413852291e+00 -1.451350937434172295e+02
2.241040622599825838e+00 -1.452016131025498282e+02
2.269588910785813596e+00 -1.452684110251771017e+02
2.298137198971801354e+00 -1.453269697377594412e+02
2.326685487157774901e+00 -1.453806693594464718e+02
2.355233775343776870e+00 -1.454287044180881310e+02
2.383782063529750417e+00 -1.454713925754294905e+02
2.412330351715738175e+00 -1.455101310159747641e+02
2.440878639901725933e+00 -1.455471416983734230e+02
2.469426928087713691e+00 -1.455850812006670196e+02
2.497975216273687238e+00 -1.456265763071592403e+02
2.526523504459674996e+00 -1.456737969123946357e+02
2.555071792645662754e+00 -1.457281180789590849e+02
2.583620080831650512e+00 -1.457899346638901648e+02
2.612168369017638270e+00 -1.458586596598716199e+02
2.640716657203626028e+00 -1.459328585935318472e+02
2.669264945389599575e+00 -1.460106921570096290e+02
2.697813233575587333e+00 -1.460923935790596886e+02
2.726361521761575091e+00 -1.461626462157126412e+02
2.754909809947562849e+00 -1.462257558671111610e+02
2.783458098133550607e+00 -1.462825961127671519e+02
2.812006386319524154e+00 -1.463337461315117878e+02
2.840554674505511912e+00 -1.463809348421705181e+02
2.869102962691499670e+00 -1.464267356267803279e+02
2.897651250877487428e+00 -1.464741004344817554e+02
2.926199539063460975e+00 -1.465258590966537042e+02
2.954747827249462944e+00 -1.465842512459536522e+02
2.983296115435436491e+00 -1.466505818310838265e+02
3.011844403621424249e+00 -1.467250501942157541e+02
3.040392691807412007e+00 -1.468067852207980479e+02
3.068940979993399765e+00 -1.468940485313389956e+02
3.097489268179373312e+00 -1.469845291262626858e+02
3.126037556365361070e+00 -1.470767816603174651e+02
3.154585844551348828e+00 -1.471664578145352777e+02
3.183134132737336586e+00 -1.472393469210094565e+02
3.211682420923324344e+00 -1.473051350794721657e+02
3.240230709109297891e+00 -1.473647398617214890e+02
3.268778997295285649e+00 -1.474203204929701769e+02
3.297327285481287618e+00 -1.474748814843296998e+02
3.325875573667261165e+00 -1.475317312269371826e+02
3.354423861853248923e+00 -1.475939174904325739e+02
3.382972150039236681e+00 -1.476637334081601125e+02
3.411520438225210228e+00 -1.477422836417384815e+02
3.440068726411197986e+00 -1.478294532494851978e+02
3.468617014597185744e+00 -1.479239091318146109e+02
3.497165302783173502e+00 -1.480234463504694418e+02
3.525713590969147049e+00 -1.481251051647377608e+02
3.554261879155149018e+00 -1.482266474709119279e+02
3.582810167341122565e+00 -1.483302819224106770e+02
3.611358455527110323e+00 -1.484118654847397067e+02
3.639906743713098081e+00 -1.484807891196306855e+02
3.668455031899071628e+00 -1.485420280529369279e+02
3.697003320085073597e+00 -1.485982488670612724e+02
3.725551608271047144e+00 -1.486529569201328798e+02
3.754099896457034902e+00 -1.487097770501100058e+02
3.782648184643022660e+00 -1.487718761148475437e+02
3.811196472829010418e+00 -1.488413446112173517e+02
3.839744761014983965e+00 -1.489189379086886049e+02
3.868293049200971723e+00 -1.490037603060682727e+02
3.896841337386973692e+00 -1.490937135338105008e+02
3.925389625572947239e+00 -1.491857211275463442e+02
3.953937913758934997e+00 -1.492764279490222918e+02
3.982486201944922755e+00 -1.493623280051175755e+02
4.011034490130896302e+00 -1.494430484068055591e+02
4.039582778316884060e+00 -1.495150183027143100e+02
4.068131066502871818e+00 -1.495551455465759716e+02
4.096679354688859576e+00 -1.495846619201632848e+02
4.125227642874847334e+00 -1.496062777484076491e+02
4.153775931060835092e+00 -1.496247892397387318e+02
4.182324219246808639e+00 -1.496435096712302197e+02
4.210872507432796397e+00 -1.496657383970232615e+02
4.239420795618784155e+00 -1.496928788407398656e+02
4.267969083804757702e+00 -1.497248728387886558e+02
4.296517371990759671e+00 -1.497601257827265044e+02
4.325065660176747429e+00 -1.497957986703978577e+02
4.353613948362720976e+00 -1.498286265297764714e+02
4.382162236548708734e+00 -1.498549540375514084e+02
4.410710524734696492e+00 -1.498720877123385833e+02
4.439258812920670039e+00 -1.498791305132631635e+02
4.467807101106657797e+00 -1.499230108239882497e+02
4.496355389292659765e+00 -1.497117153851684748e+02
4.524903677478633313e+00 -1.493761527361518233e+02
4.553451965664621071e+00 -1.489829463539399512e+02
4.582000253850608829e+00 -1.485435275337968619e+02
4.610548542036582376e+00 -1.480703953620984805e+02
4.639096830222570134e+00 -1.475764239447650539e+02
4.667645118408557892e+00 -1.470747053480466491e+02
4.696193406594545650e+00 -1.465770026682268394e+02
4.724741694780533408e+00 -1.460944691317722572e+02
4.753289982966521166e+00 -1.456371238929095284e+02
4.781838271152494713e+00 -1.452140732433908283e+02
4.810386559338482471e+00 -1.448335100128204260e+02
4.838934847524470229e+00 -1.445118031111194341e+02
4.867483135710443776e+00 -1.442382817994655966e+02
4.896031423896445745e+00 -1.440277742766522522e+02
4.924579712082433502e+00 -1.438813548233597146e+02
4.953128000268407050e+00 -1.437318348364761107e+02
4.981676288454394808e+00 -1.436543419117620033e+02
5.010224576640382566e+00 -1.436360134244891640e+02
5.038772864826356113e+00 -1.436739027023965889e+02
5.067321153012343871e+00 -1.437630865378698104e+02
5.095869441198345839e+00 -1.438966358143638899e+02
5.124417729384319387e+00 -1.440651007715771357e+02
5.152966017570307145e+00 -1.442570410462281245e+02
5.181514305756294902e+00 -1.444595525092594244e+02
5.210062593942268450e+00 -1.446464664317072675e+02
5.238610882128270418e+00 -1.448338733328287162e+02
5.267159170314243966e+00 -1.449998120202127154e+02
5.295707458500231724e+00 -1.451417730136285229e+02
5.324255746686219481e+00 -1.452579849388941398e+02
5.352804034872207239e+00 -1.453834856675599667e+02
5.381352323058180787e+00 -1.454458533495473773e+02
5.409900611244168545e+00 -1.454844284497517322e+02
5.438448899430170513e+00 -1.455335875627561677e+02
5.466997187616129850e+00 -1.456021278459147084e+02
5.495545475802131818e+00 -1.456934804948015483e+02
5.524093763988119576e+00 -1.458121218359368925e+02
5.552642052174093124e+00 -1.459345144559540586e+02
5.581190340360080882e+00 -1.460914680249791218e+02
5.609738628546068639e+00 -1.462519217098360684e+02
5.638286916732056397e+00 -1.464107325462779556e+02
5.666835204918029945e+00 -1.465469209517573574e+02
5.695383493104031913e+00 -1.466745263817380192e+02
5.723931781290005461e+00 -1.467857007206832236e+02
5.752480069475993218e+00 -1.468812218524062132e+02
5.781028357661980976e+00 -1.469790638456685770e+02
5.809576645847954524e+00 -1.470874069276361240e+02
5.838124934033956492e+00 -1.471273778786784590e+02
5.866673222219930040e+00 -1.471820116958062101e+02
5.895221510405917797e+00 -1.472490720899392898e+02
5.923769798591905555e+00 -1.473606630279979868e+02
5.952318086777893313e+00 -1.474932832736806461e+02
5.980866374963866861e+00 -1.476493519231325706e+02
6.009414663149854618e+00 -1.477970492571952263e+02
6.037962951335856587e+00 -1.479584614165171388e+02
6.066511239521830134e+00 -1.481023148501236335e+02
6.095059527707817892e+00 -1.482125378297755276e+02
6.123607815893805650e+00 -1.483024706191710322e+02
6.152156104079779197e+00 -1.483646762382784914e+02
6.180704392265766955e+00 -1.484129860741657581e+02
6.209252680451754713e+00 -1.484436725130462946e+02
6.237800968637742471e+00 -1.485252695890529253e+02
6.266349256823730229e+00 -1.485527373301844420e+02
6.294897545009717987e+00 -1.485810623450822163e+02
6.323445833195691534e+00 -1.486334445878547967e+02
6.351994121381679292e+00 -1.487110493852274828e+02
6.380542409567667050e+00 -1.488269554871412197e+02
6.409090697753640598e+00 -1.489514791706122026e+02
6.437638985939642566e+00 -1.490741688186739964e+02
6.466187274125630324e+00 -1.491903176985931339e+02
6.494735562311603871e+00 -1.492776520145409052e+02
6.523283850497591629e+00 -1.493311963378140774e+02
6.551832138683579387e+00 -1.493399401468074075e+02
6.580380426869552934e+00 -1.493366733441206691e+02
6.608928715055540692e+00 -1.493155941367126616e+02
6.637477003241542661e+00 -1.493070498257142162e+02
6.666025291427516208e+00 -1.493115706888395096e+02
6.694573579613503966e+00 -1.493516981652067273e+02
6.723121867799491724e+00 -1.493499078883140498e+02
6.751670155985465271e+00 -1.493747265347025461e+02
6.780218444171453029e+00 -1.494360220872599712e+02
6.808766732357440787e+00 -1.495116921535373535e+02
6.837315020543428545e+00 -1.495961051459929934e+02
6.865863308729416303e+00 -1.496712990497063629e+02
6.894411596915404061e+00 -1.497289960035121794e+02
6.922959885101377608e+00 -1.497531896503369921e+02
6.951508173287365366e+00 -1.497492472713390725e+02
6.980056461473353124e+00 -1.497167288760681743e+02
7.008604749659326671e+00 -1.496575270495788459e+02
7.037153037845328640e+00 -1.495964033776589588e+02
7.065701326031316398e+00 -1.495444528090167751e+02
7.094249614217289945e+00 -1.495261379848241177e+02
7.122797902403277703e+00 -1.495498526084296600e+02
7.151346190589265461e+00 -1.495501858714115997e+02
7.179894478775253219e+00 -1.495708341745040286e+02
7.208442766961226766e+00 -1.496129772646079346e+02
7.236991055147228735e+00 -1.496689906223571427e+02
7.265539343333202282e+00 -1.497244609484804130e+02
7.294087631519190040e+00 -1.497703500437080777e+02
7.322635919705177798e+00 -1.497881767993636117e+02
7.351184207891151345e+00 -1.497828958551529013e+02
7.379732496077153314e+00 -1.497378042778343570e+02
7.408280784263126861e+00 -1.496798635068917633e+02
7.436829072449114619e+00 -1.496149952730346513e+02
7.465377360635102377e+00 -1.495451132007843285e+02
7.493925648821090135e+00 -1.494957842443125458e+02
7.522473937007063682e+00 -1.494740323307476046e+02
7.551022225193051440e+00 -1.494812207474481340e+02
7.579570513379053409e+00 -1.495159912851034960e+02
7.608118801565012745e+00 -1.495412153347976130e+02
7.636667089751014714e+00 -1.495842400173382885e+02
7.665215377937002472e+00 -1.496328250952755639e+02
7.693763666122976019e+00 -1.496794753120593384e+02
7.722311954308963777e+00 -1.497042779260333134e+02
7.750860242494951535e+00 -1.497130483888283834e+02
7.779408530680939293e+00 -1.496898079643340225e+02
7.807956818866912840e+00 -1.496514472509739733e+02
7.836505107052914809e+00 -1.495969901470571699e+02
7.865053395238888356e+00 -1.495309911340240490e+02
7.893601683424876114e+00 -1.494830183136018604e+02
7.922149971610863872e+00 -1.494513056307291947e+02
7.950698259796837419e+00 -1.494439787009883389e+02
7.979246547982839388e+00 -1.494613360746222384e+02
8.007794836168827146e+00 -1.495066807427205333e+02
8.036343124354800693e+00 -1.495579998890478919e+02
8.064891412540788451e+00 -1.496118175531781844e+02
8.093439700726776209e+00 -1.496686793285963404e+02
8.121987988912749756e+00 -1.497073130861180061e+02
8.150536277098737514e+00 -1.497383525693809077e+02
8.179084565284739483e+00 -1.497408629704059706e+02
8.207632853470713030e+00 -1.497283182038128473e+02
8.236181141656700788e+00 -1.496985016915581355e+02
8.264729429842688546e+00 -1.496592228714069677e+02
8.293277718028662093e+00 -1.496143396086568487e+02
8.321826006214649851e+00 -1.495886401186440366e+02
8.350374294400637609e+00 -1.495792888933349900e+02
8.378922582586625367e+00 -1.495950988314431527e+02
8.407470870772613125e+00 -1.496349251186163372e+02
8.436019158958600883e+00 -1.496937703871350891e+02
8.464567447144574430e+00 -1.497692214994328594e+02
8.493115735330562188e+00 -1.498401462535198618e+02
8.521664023516549946e+00 -1.499036914907126175e+02
8.550212311702523493e+00 -1.499597331320107685e+02
8.578760599888525462e+00 -1.499901728760817434e+02
8.607308888074513220e+00 -1.500015837839298172e+02
8.635857176260486767e+00 -1.499985032782465453e+02
8.664405464446474525e+00 -1.499821376640109065e+02
8.692953752632462283e+00 -1.499563860007333176e+02
8.721502040818435830e+00 -1.499403752081746859e+02
8.750050329004423588e+00 -1.499363743847002866e+02
8.778598617190411346e+00 -1.499549240427550103e+02
8.807146905376399104e+00 -1.499963630021216545e+02
8.835695193562386862e+00 -1.500603415455536265e+02
8.864243481748374620e+00 -1.501433561544521069e+02
8.892791769934348167e+00 -1.502340274736328638e+02
8.921340058120335925e+00 -1.503213658212994517e+02
8.949888346306323683e+00 -1.504021687911085507e+02
8.978436634492311441e+00 -1.504678469652301942e+02
9.006984922678299199e+00 -1.505046693087337246e+02
9.035533210864286957e+00 -1.505262042755412040e+02
9.064081499050260504e+00 -1.505267248239335061e+02
9.092629787236248262e+00 -1.505247283896603108e+02
9.121178075422236020e+00 -1.505214167765512343e+02
9.149726363608209567e+00 -1.505251283465057099e+02
9.178274651794211536e+00 -1.505466424369830918e+02
9.206822939980185083e+00 -1.505940566902588955e+02
9.235371228166172841e+00 -1.506632769236235845e+02
9.263919516352160599e+00 -1.507561969258784984e+02
9.292467804538148357e+00 -1.508546807046208755e+02
9.321016092724136115e+00 -1.509647060143619797e+02
9.349564380910109662e+00 -1.510692330609131204e+02
9.378112669096097420e+00 -1.511618293772112338e+02
9.406660957282085178e+00 -1.512252525064976112e+02
9.435209245468072936e+00 -1.512748061841073195e+02
9.463757533654060694e+00 -1.512953063240510119e+02
9.492305821840034241e+00 -1.513072734715607908e+02
9.520854110026036210e+00 -1.513092621822441401e+02
9.549402398212009757e+00 -1.513194099997037938e+02
9.577950686397997515e+00 -1.513411294226874304e+02
9.606498974583985273e+00 -1.513871795064596597e+02
9.635047262769958820e+00 -1.514580177920582287e+02
9.663595550955946578e+00 -1.515547550373902652e+02
9.692143839141934336e+00 -1.516727377120514006e+02
9.720692127327922094e+00 -1.517910855008149724e+02
9.749240415513895641e+00 -1.519220383593022632e+02
9.777788703699897610e+00 -1.520259222910901258e+02
9.806336991885871157e+00 -1.521219656269224458e+02
9.834885280071858915e+00 -1.521927905259232716e+02
9.863433568257846673e+00 -1.522295207533407790e+02
9.891981856443834431e+00 -1.522472838587157753e+02
9.920530144629822189e+00 -1.522567550488337815e+02
9.949078432815809947e+00 -1.522617780100931668e+02
9.977626721001783494e+00 -1.522784947270481268e+02
1.000617500918777125e+01 -1.523050221814012275e+02
1.003472329737375901e+01 -1.523678735138947502e+02
1.006327158555973256e+01 -1.524581579994826939e+02
1.009181987374572032e+01 -1.525749612465567964e+02
1.012036816193172228e+01 -1.526963798676604256e+02
1.014891645011769583e+01 -1.528371509441559510e+02
1.017746473830368359e+01 -1.529595635961398443e+02
1.020601302648967135e+01 -1.530760346194008719e+02
1.023456131467564489e+01 -1.531480580416504154e+02
1.026310960286163265e+01 -1.531998662349691642e+02
1.029165789104762041e+01 -1.532138660016926508e+02
1.032020617923360817e+01 -1.532098925967633818e+02
1.034875446741959593e+01 -1.531996684573517484e+02
1.037730275560558368e+01 -1.531923881602409949e+02
1.040585104379155723e+01 -1.531931860617954442e+02
1.043439933197754499e+01 -1.532291088613243346e+02
1.046294762016353275e+01 -1.532952463319627157e+02
1.049149590834950629e+01 -1.533893987515182573e+02
1.052004419653550826e+01 -1.534931706492930061e+02
1.054859248472149602e+01 -1.536208450557795686e+02
1.057714077290746957e+01 -1.537358287668786829e+02
1.060568906109345733e+01 -1.538459222661890351e+02
1.063423734927944508e+01 -1.539253053475865158e+02
1.066278563746541863e+01 -1.539692242842455130e+02
1.069133392565140639e+01 -1.539733114454938914e+02
1.071988221383740836e+01 -1.539401817896290652e+02
1.074843050202338191e+01 -1.538965805659935597e+02
1.077697879020936966e+01 -1.538533206538210152e+02
1.080552707839535742e+01 -1.538221448513287442e+02
1.083407536658133097e+01 -1.538016077217347402e+02
1.086262365476731873e+01 -1.538200340806173756e+02
1.089117194295330648e+01 -1.538556784302219853e+02
1.091972023113929424e+01 -1.539275444623703493e+02
1.094826851932528200e+01 -1.540047427705833059e+02
1.097681680751126976e+01 -1.540944159547422885e+02
1.100536509569724331e+01 -1.541727592428547950e+02
1.103391338388323106e+01 -1.542222547027116946e+02
1.106246167206921882e+01 -1.542471922350178488e+02
1.109100996025519237e+01 -1.542329306983404251e+02
1.111955824844119434e+01 -1.541890296863135461e+02
1.114810653662718209e+01 -1.541128351703793840e+02
1.117665482481315564e+01 -1.540297689693410632e+02
1.120520311299914340e+01 -1.539514331752044427e+02
1.123375140118513116e+01 -1.538828475667818338e+02
1.126229968937111892e+01 -1.538462064786744463e+02
1.129084797755709246e+01 -1.538282095560602443e+02
1.131939626574309443e+01 -1.538426360513654458e+02
1.134794455392906798e+01 -1.538687769522016424e+02
1.137649284211505574e+01 -1.539130211537055288e+02
1.140504113030104349e+01 -1.539452480276844994e+02
1.143358941848701704e+01 -1.539672125663890938e+02
1.146213770667301901e+01 -1.539589641054584490e+02
1.149068599485899256e+01 -1.539275737581507428e+02
1.151923428304498032e+01 -1.538662082358288501e+02
1.154778257123096807e+01 -1.537836536569367922e+02
1.157633085941695583e+01 -1.536938789820003421e+02
1.160487914760292938e+01 -1.535823865145943898e+02
1.163342743578891714e+01 -1.534884432874637810e+02
1.166197572397491911e+01 -1.534082392058553239e+02
1.169052401216087844e+01 -1.533555854446834985e+02
1.171907230034688041e+01 -1.533321346366111584e+02
1.174762058853286817e+01 -1.533194380805575179e+02
1.177616887671884172e+01 -1.533161640291290553e+02
1.180471716490482947e+01 -1.533239915543892380e+02
1.183326545309081723e+01 -1.533165767972581079e+02
1.186181374127680499e+01 -1.533001381585777949e+02
1.189036202946279275e+01 -1.532587128601221877e+02
1.191891031764878051e+01 -1.531984312537492485e+02
1.194745860583475405e+01 -1.531160033439172992e+02
1.197600689402074181e+01 -1.530244704070418891e+02
1.200455518220672957e+01 -1.529294177122249891e+02
1.203310347039270312e+01 -1.528326452382036678e+02
1.206165175857870508e+01 -1.527405686281853718e+02
1.209020004676469284e+01 -1.526770888578724623e+02
1.211874833495066639e+01 -1.526242239757323205e+02
1.214729662313665415e+01 -1.525887902597448260e+02
1.217584491132264191e+01 -1.525747019168274505e+02
1.220439319950861545e+01 -1.525611628714627557e+02
1.223294148769460321e+01 -1.525515844495548663e+02
1.226148977588060518e+01 -1.525266875382312719e+02
1.229003806406657873e+01 -1.524903728488914680e+02
1.231858635225256648e+01 -1.524463771492330295e+02
1.234713464043855424e+01 -1.523801721940305640e+02
1.237568292862452779e+01 -1.523000334268183451e+02
1.240423121681051555e+01 -1.522155179764032766e+02
1.243277950499650331e+01 -1.521312656540936530e+02
1.246132779318249106e+01 -1.520667175620148726e+02
1.248987608136847882e+01 -1.519934559350818120e+02
1.251842436955446658e+01 -1.519369479267108147e+02
1.254697265774044013e+01 -1.519019967660650821e+02
1.257552094592642788e+01 -1.518743768030023773e+02
1.260406923411241564e+01 -1.518619347330887877e+02
1.263261752229838919e+01 -1.518513715845307104e+02
1.266116581048439116e+01 -1.518375831607588111e+02
1.268971409867037892e+01 -1.518146646137499545e+02
1.271826238685635246e+01 -1.517871002762439616e+02
1.274681067504234022e+01 -1.517412944440465878e+02
1.277535896322832798e+01 -1.516828729910197069e+02
1.280390725141430153e+01 -1.516173632791894192e+02
1.283245553960028928e+01 -1.515565606508716314e+02
1.286100382778629125e+01 -1.514916934268446482e+02
1.288955211597226480e+01 -1.514407221582011118e+02
1.291810040415825256e+01 -1.513941133461146649e+02
1.294664869234424032e+01 -1.513622262537892027e+02
1.297519698053021386e+01 -1.513377881883976954e+02
1.300374526871620162e+01 -1.513285259021161835e+02
1.303229355690218938e+01 -1.513236168743425196e+02
1.306084184508817714e+01 -1.513204906823391696e+02
1.308939013327416490e+01 -1.513185507079524257e+02
1.311793842146015265e+01 -1.513041326786367620e+02
1.314648670964612620e+01 -1.512796012875296867e+02
1.317503499783211396e+01 -1.512450879021151593e+02
1.320358328601811593e+01 -1.512056146523677285e+02
1.323213157420407526e+01 -1.511579253878560110e+02
1.326067986239007723e+01 -1.511153616894906122e+02
1.328922815057606499e+01 -1.510720506098661247e+02
1.331777643876203854e+01 -1.510393486926227808e+02
1.334632472694802630e+01 -1.510165931832077604e+02
1.337487301513401405e+01 -1.510032029992888454e+02
1.340342130332000181e+01 -1.510009582706139781e+02
1.343196959150597536e+01 -1.510048010060784520e+02
1.346051787969197733e+01 -1.510164139604131890e+02
1.348906616787795087e+01 -1.510246440711674438e+02
1.351761445606393863e+01 -1.510293563625589002e+02
1.354616274424992639e+01 -1.510261953007256750e+02
1.357471103243589994e+01 -1.510193979848270942e+02
1.360325932062190191e+01 -1.509998367773123960e+02
1.363180760880787545e+01 -1.509783674280973287e+02
1.366035589699386321e+01 -1.509470223094018024e+02
1.368890418517985097e+01 -1.509237505041485292e+02
1.371745247336583873e+01 -1.509023138167972036e+02
1.374600076155181227e+01 -1.508897392771382044e+02
1.377454904973780003e+01 -1.508865057985908038e+02
1.380309733792380200e+01 -1.508931942453930901e+02
1.383164562610976134e+01 -1.509113299843559162e+02
1.386019391429576331e+01 -1.509318662900623167e+02
1.388874220248175106e+01 -1.509553080521109223e+02
1.391729049066772461e+01 -1.509778176393402020e+02
1.394583877885371237e+01 -1.509996380756286669e+02
1.397438706703970013e+01 -1.510068834827271758e+02
1.400293535522568789e+01 -1.510142726812779586e+02
1.403148364341167564e+01 -1.510114313816609979e+02
1.406003193159766340e+01 -1.510030100966326643e+02
1.408858021978363695e+01 -1.509967998785819816e+02
1.411712850796962471e+01 -1.509888952976007204e+02
1.414567679615561246e+01 -1.509893853352621136e+02
1.417422508434158601e+01 -1.509959481908909709e+02
1.420277337252758798e+01 -1.510137600298104985e+02
1.423132166071357574e+01 -1.510396887045273502e+02
1.425986994889954929e+01 -1.510733963514619234e+02
