-1.425986994889954929e+01 -1.510734048585822222e+02
-1.423132166071357574e+01 -1.510396973758355443e+02
-1.420277337252758798e+01 -1.510137688708715871e+02
-1.417422508434160022e+01 -1.509959572071540208e+02
-1.414567679615561246e+01 -1.509893945464571345e+02
-1.411712850796962471e+01 -1.509889047021320891e+02
-1.408858021978363695e+01 -1.509968094811112564e+02
-1.406003193159766340e+01 -1.510030198989767030e+02
-1.403148364341167564e+01 -1.510114413774619777e+02
-1.400293535522568789e+01 -1.510142828508977857e+02
-1.397438706703971434e+01 -1.510068937864150200e+02
-1.394583877885371237e+01 -1.509996484962695718e+02
-1.391729049066772461e+01 -1.509778281263349982e+02
-1.388874220248175106e+01 -1.509553185878373256e+02
-1.386019391429576331e+01 -1.509318768561465447e+02
-1.383164562610977555e+01 -1.509113405656105442e+02
-1.380309733792380200e+01 -1.508932048306724880e+02
-1.377454904973780003e+01 -1.508865163955953221e+02
-1.374600076155181227e+01 -1.508897498897056835e+02
-1.371745247336583873e+01 -1.509023244508548487e+02
-1.368890418517985097e+01 -1.509237611515853246e+02
-1.366035589699386321e+01 -1.509470329612066450e+02
-1.363180760880788966e+01 -1.509783780816724459e+02
-1.360325932062190191e+01 -1.509998473804869263e+02
-1.357471103243589994e+01 -1.510194085177404020e+02
-1.354616274424992639e+01 -1.510262057016188351e+02
-1.351761445606393863e+01 -1.510293666040041387e+02
-1.348906616787795087e+01 -1.510246541227989496e+02
-1.346051787969197733e+01 -1.510164237843849548e+02
-1.343196959150598957e+01 -1.510048105767057223e+02
-1.340342130332000181e+01 -1.510009675889672565e+02
-1.337487301513401405e+01 -1.510032120606966259e+02
-1.334632472694802630e+01 -1.510166019945453399e+02
-1.331777643876203854e+01 -1.510393572489200267e+02
-1.328922815057606499e+01 -1.510720589117500481e+02
-1.326067986239007723e+01 -1.511153697530671138e+02
-1.323213157420408947e+01 -1.511579331878685934e+02
-1.320358328601811593e+01 -1.512056221741064803e+02
-1.317503499783211396e+01 -1.512450951280572724e+02
-1.314648670964612620e+01 -1.512796082030104117e+02
-1.311793842146015265e+01 -1.513041392541306323e+02
-1.308939013327416490e+01 -1.513185569387039493e+02
-1.306084184508817714e+01 -1.513204965445445964e+02
-1.303229355690220359e+01 -1.513236223863791565e+02
-1.300374526871621583e+01 -1.513285310701581352e+02
-1.297519698053021386e+01 -1.513377930206854955e+02
-1.294664869234424032e+01 -1.513622307996914174e+02
-1.291810040415825256e+01 -1.513941176339226615e+02
-1.288955211597226480e+01 -1.514407262218626897e+02
-1.286100382778629125e+01 -1.514916972878483250e+02
-1.283245553960030350e+01 -1.515565643604342654e+02
-1.280390725141431574e+01 -1.516173668615199119e+02
-1.277535896322832798e+01 -1.516828764842506700e+02
-1.274681067504234022e+01 -1.517412979030846429e+02
-1.271826238685635246e+01 -1.517871037354764781e+02
-1.268971409867037892e+01 -1.518146681134897165e+02
-1.266116581048439116e+01 -1.518375867600006472e+02
-1.263261752229840340e+01 -1.518513753404004376e+02
-1.260406923411241564e+01 -1.518619387099889195e+02
-1.257552094592642788e+01 -1.518743810695508785e+02
-1.254697265774044013e+01 -1.519020014137804253e+02
-1.251842436955446658e+01 -1.519369530637149808e+02
-1.248987608136847882e+01 -1.519934616518417556e+02
-1.246132779318249106e+01 -1.520667239985181425e+02
-1.243277950499651752e+01 -1.521312728812881119e+02
-1.240423121681051555e+01 -1.522155261551383774e+02
-1.237568292862452779e+01 -1.523000426811059924e+02
-1.234713464043855424e+01 -1.523801826064585043e+02
-1.231858635225256648e+01 -1.524463888344482996e+02
-1.229003806406657873e+01 -1.524903858570114892e+02
-1.226148977588060518e+01 -1.525267019445884671e+02
-1.223294148769461742e+01 -1.525516003440355632e+02
-1.220439319950861545e+01 -1.525611802388725948e+02
-1.217584491132264191e+01 -1.525747208621625077e+02
-1.214729662313665415e+01 -1.525888108604268893e+02
-1.211874833495066639e+01 -1.526242463625870300e+02
-1.209020004676469284e+01 -1.526771132530527382e+02
-1.206165175857870508e+01 -1.527405951374379640e+02
-1.203310347039271733e+01 -1.528326741283724459e+02
-1.200455518220672957e+01 -1.529294491427456251e+02
-1.197600689402074181e+01 -1.530245044579479270e+02
-1.194745860583475405e+01 -1.531160400641692547e+02
-1.191891031764878051e+01 -1.531984706256051822e+02
-1.189036202946279275e+01 -1.532587547064193814e+02
-1.186181374127680499e+01 -1.533001822845989182e+02
-1.183326545309081723e+01 -1.533166228945994476e+02
-1.180471716490482947e+01 -1.533240394854373960e+02
-1.177616887671884172e+01 -1.533162134658053617e+02
-1.174762058853286817e+01 -1.533194890553781704e+02
-1.171907230034688041e+01 -1.533321870897664496e+02
-1.169052401216089265e+01 -1.533556393829765341e+02
-1.166197572397491911e+01 -1.534082948382025506e+02
-1.163342743578891714e+01 -1.534885007851412695e+02
-1.160487914760292938e+01 -1.535824459399743205e+02
-1.157633085941695583e+01 -1.536939404144454784e+02
-1.154778257123096807e+01 -1.537837166076201356e+02
-1.151923428304498032e+01 -1.538662724038619274e+02
-1.149068599485900677e+01 -1.539276385723592284e+02
-1.146213770667301901e+01 -1.539590287989765329e+02
-1.143358941848701704e+01 -1.539672766001312425e+02
-1.140504113030104349e+01 -1.539453106294024280e+02
-1.137649284211505574e+01 -1.539130820177955172e+02
-1.134794455392906798e+01 -1.538688356362876277e+02
-1.131939626574309443e+01 -1.538426925957328990e+02
-1.129084797755710667e+01 -1.538282639255031654e+02
-1.126229968937111892e+01 -1.538462588945081109e+02
-1.123375140118513116e+01 -1.538828980679907659e+02
-1.120520311299914340e+01 -1.539514819515429735e+02
-1.117665482481315564e+01 -1.540298159552839081e+02
-1.114810653662718209e+01 -1.541128802661340842e+02
-1.111955824844119434e+01 -1.541890725757092468e+02
-1.109100996025520658e+01 -1.542329711369353333e+02
-1.106246167206923303e+01 -1.542472298505308288e+02
-1.103391338388323106e+01 -1.542222893647710293e+02
-1.100536509569724331e+01 -1.541727909359506157e+02
-1.097681680751126976e+01 -1.540944447408627127e+02
-1.094826851932528200e+01 -1.540047690325332326e+02
-1.091972023113929424e+01 -1.539275686062196087e+02
-1.089117194295332069e+01 -1.538557009233142878e+02
-1.086262365476733294e+01 -1.538200555669895664e+02
-1.083407536658134518e+01 -1.538016287484754798e+02
-1.080552707839535742e+01 -1.538221661588448796e+02
-1.077697879020936966e+01 -1.538533428587343792e+02
-1.074843050202338191e+01 -1.538966044048741253e+02
-1.071988221383740836e+01 -1.539402079255461615e+02
-1.069133392565142060e+01 -1.539733406416229116e+02
-1.066278563746543284e+01 -1.539692571104826300e+02
-1.063423734927944508e+01 -1.539253421991749633e+02
-1.060568906109345733e+01 -1.538459635008252633e+02
-1.057714077290746957e+01 -1.537358746541738697e+02
-1.054859248472149602e+01 -1.536208960145062292e+02
-1.052004419653550826e+01 -1.534932269195915069e+02
-1.049149590834952050e+01 -1.533894609840421595e+02
-1.046294762016353275e+01 -1.532953152194016297e+02
-1.043439933197754499e+01 -1.532291849208792769e+02
-1.040585104379157144e+01 -1.531932703462225049e+02
-1.037730275560558368e+01 -1.531924816323558787e+02
-1.034875446741959593e+01 -1.531997719066747550e+02
-1.032020617923360817e+01 -1.532100063442754845e+02
-1.029165789104763462e+01 -1.532139902633158783e+02
-1.026310960286163265e+01 -1.532000006128644145e+02
-1.023456131467565910e+01 -1.531482012617460100e+02
-1.020601302648967135e+01 -1.530761856776793479e+02
-1.017746473830368359e+01 -1.529597204040005067e+02
-1.014891645011769583e+01 -1.528373126553660484e+02
-1.012036816193172228e+01 -1.526965450931686803e+02
-1.009181987374573453e+01 -1.525751297286700208e+02
-1.006327158555974677e+01 -1.524583291943405925e+02
-1.003472329737375901e+01 -1.523680473818856740e+02
-1.000617500918777125e+01 -1.523051990987456179e+02
-9.977626721001797705e+00 -1.522786751812592456e+02
-9.949078432815809947e+00 -1.522619614304219624e+02
-9.920530144629822189e+00 -1.522569407942401369e+02
-9.891981856443834431e+00 -1.522474708069849498e+02
-9.863433568257846673e+00 -1.522297073469912050e+02
-9.834885280071858915e+00 -1.521929749154413116e+02
-9.806336991885885368e+00 -1.521221453169195001e+02
-9.777788703699897610e+00 -1.520260950779289715e+02
-9.749240415513909852e+00 -1.519222034098633571e+02
-9.720692127327922094e+00 -1.517912409041393289e+02
-9.692143839141934336e+00 -1.516728837195733490e+02
-9.663595550955946578e+00 -1.515548910771397288e+02
-9.635047262769973031e+00 -1.514581443667797203e+02
-9.606498974583985273e+00 -1.513872971761493318e+02
-9.577950686397997515e+00 -1.513412387751481845e+02
-9.549402398212023968e+00 -1.513195116634024657e+02
-9.520854110026036210e+00 -1.513093564402260256e+02
-9.492305821840034241e+00 -1.513073608552276141e+02
-9.463757533654060694e+00 -1.512953873579388357e+02
-9.435209245468072936e+00 -1.512748815501883541e+02
-9.406660957282085178e+00 -1.512253227321281486e+02
-9.378112669096111631e+00 -1.511618959506939746e+02
-9.349564380910123873e+00 -1.510692971302519823e+02
-9.321016092724136115e+00 -1.509647692031356030e+02
-9.292467804538148357e+00 -1.508547452132756632e+02
-9.263919516352160599e+00 -1.507562651831083258e+02
-9.235371228166172841e+00 -1.506633513751050089e+02
-9.206822939980199294e+00 -1.505941402331092434e+02
-9.178274651794211536e+00 -1.505467386449395235e+02
-9.149726363608223778e+00 -1.505252402515915264e+02
-9.121178075422250231e+00 -1.505215479901187052e+02
-9.092629787236248262e+00 -1.505248831238346838e+02
-9.064081499050260504e+00 -1.505269059711717716e+02
-9.035533210864286957e+00 -1.505264160455411115e+02
-9.006984922678299199e+00 -1.505049141677777982e+02
-8.978436634492311441e+00 -1.504681261878017722e+02
-8.949888346306337894e+00 -1.504024839531594466e+02
-8.921340058120350136e+00 -1.503217177009394732e+02
-8.892791769934348167e+00 -1.502344168737212158e+02
-8.864243481748374620e+00 -1.501437836165052602e+02
-8.835695193562386862e+00 -1.500608089968677632e+02
-8.807146905376399104e+00 -1.499968723733992420e+02
-8.778598617190425557e+00 -1.499554777428922137e+02
-8.750050329004437799e+00 -1.499369759819326475e+02
-8.721502040818450041e+00 -1.499410278427261005e+02
-8.692953752632462283e+00 -1.499570912193788956e+02
-8.664405464446474525e+00 -1.499828970363975316e+02
-8.635857176260486767e+00 -1.499993137670114436e+02
-8.607308888074513220e+00 -1.500024409406338464e+02
-8.578760599888525462e+00 -1.499910699095116797e+02
-8.550212311702537704e+00 -1.499606626378275109e+02
-8.521664023516549946e+00 -1.499046436244280756e+02
-8.493115735330562188e+00 -1.498411129813360105e+02
-8.464567447144574430e+00 -1.497701943988425626e+02
-8.436019158958600883e+00 -1.496947427985963373e+02
-8.407470870772613125e+00 -1.496358949349558145e+02
-8.378922582586625367e+00 -1.495960622045295167e+02
-8.350374294400651820e+00 -1.495802460764605257e+02
-8.321826006214649851e+00 -1.495895883634198924e+02
-8.293277718028662093e+00 -1.496152759467899500e+02
-8.264729429842688546e+00 -1.496601460900025415e+02
-8.236181141656700788e+00 -1.496994025046048193e+02
-8.207632853470713030e+00 -1.497291885313656223e+02
-8.179084565284739483e+00 -1.497416941478312538e+02
-8.150536277098751725e+00 -1.497391377837726338e+02
-8.121987988912749756e+00 -1.497080449592118327e+02
-8.093439700726776209e+00 -1.496693550630393474e+02
-8.064891412540788451e+00 -1.496124364101877120e+02
-8.036343124354800693e+00 -1.495585665155983293e+02
-8.007794836168827146e+00 -1.495072002217458476e+02
-7.979246547982839388e+00 -1.494618156234404296e+02
-7.950698259796837419e+00 -1.494444300590930368e+02
-7.922149971610863872e+00 -1.494517429685328977e+02
-7.893601683424876114e+00 -1.494834562822858004e+02
-7.865053395238888356e+00 -1.495314472521650089e+02
-7.836505107052914809e+00 -1.495974853066548178e+02
-7.807956818866927051e+00 -1.496520023114054254e+02
-7.779408530680939293e+00 -1.496904457205125141e+02
-7.750860242494951535e+00 -1.497137936072096807e+02
-7.722311954308963777e+00 -1.497051520786191077e+02
-7.693763666122976019e+00 -1.496805043331767138e+02
-7.665215377937002472e+00 -1.496340310536303377e+02
-7.636667089751014714e+00 -1.495856532788384357e+02
-7.608118801565026956e+00 -1.495428590703352825e+02
-7.579570513379053409e+00 -1.495179036678958084e+02
-7.551022225193051440e+00 -1.494834176113795934e+02
-7.522473937007063682e+00 -1.494765564474442101e+02
-7.493925648821090135e+00 -1.494986742610570047e+02
-7.465377360635102377e+00 -1.495484211880167322e+02
-7.436829072449114619e+00 -1.496187667741748442e+02
-7.408280784263141072e+00 -1.496841218866146619e+02
-7.379732496077153314e+00 -1.497425643989348316e+02
-7.351184207891151345e+00 -1.497881571949371846e+02
-7.322635919705177798e+00 -1.497938961461520648e+02
-7.294087631519190040e+00 -1.497764796244931347e+02
-7.265539343333202282e+00 -1.497309351878609220e+02
-7.236991055147228735e+00 -1.496757636650207246e+02
-7.208442766961240977e+00 -1.496199945252943166e+02
-7.179894478775253219e+00 -1.495780765043631959e+02
-7.151346190589265461e+00 -1.495576300063771953e+02
-7.122797902403277703e+00 -1.495574695265542005e+02
-7.094249614217289945e+00 -1.495338303312090602e+02
-7.065701326031316398e+00 -1.495522127857411476e+02
-7.037153037845328640e+00 -1.496042126484386472e+02
-7.008604749659340882e+00 -1.496653435545035791e+02
-6.980056461473367335e+00 -1.497244539393846026e+02
-6.951508173287365366e+00 -1.497567558533224314e+02
-6.922959885101377608e+00 -1.497603619917425704e+02
-6.894411596915404061e+00 -1.497357332955911318e+02
-6.865863308729416303e+00 -1.496775209285530082e+02
-6.837315020543428545e+00 -1.496017868497697805e+02
-6.808766732357454998e+00 -1.495168462145583419e+02
-6.780218444171467240e+00 -1.494407257447290363e+02
-6.751670155985465271e+00 -1.493790821335892645e+02
-6.723121867799491724e+00 -1.493540933074148143e+02
-6.694573579613503966e+00 -1.493559182586400595e+02
-6.666025291427516208e+00 -1.493160212381481529e+02
-6.637477003241542661e+00 -1.493120287276957470e+02
-6.608928715055554903e+00 -1.493219686746980415e+02
-6.580380426869567145e+00 -1.493460965459457839e+02
-6.551832138683579387e+00 -1.493548592263313708e+02
-6.523283850497591629e+00 -1.493552129573932064e+02
-6.494735562311603871e+00 -1.493153848840140938e+02
-6.466187274125630324e+00 -1.492481676647341828e+02
-6.437638985939642566e+00 -1.491598921469700088e+02
-6.409090697753654808e+00 -1.490743360368557262e+02
-6.380542409567667050e+00 -1.489986932358131355e+02
-6.351994121381679292e+00 -1.489450972789758225e+02
-6.323445833195691534e+00 -1.489469085540124524e+02
-6.294897545009717987e+00 -1.489927417631130595e+02
-6.266349256823730229e+00 -1.490831040195789683e+02
-6.237800968637742471e+00 -1.491917807026058824e+02
-6.209252680451754713e+00 -1.492490940683753422e+02
-6.180704392265766955e+00 -1.493723989973809978e+02
-6.152156104079779197e+00 -1.494730258449369273e+02
-6.123607815893805650e+00 -1.495409637803358862e+02
-6.095059527707817892e+00 -1.495426235336665854e+02
-6.066511239521830134e+00 -1.494708932082627939e+02
-6.037962951335856587e+00 -1.493052636609021704e+02
-6.009414663149854618e+00 -1.490654362751054123e+02
-5.980866374963866861e+00 -1.487948923418492768e+02
-5.952318086777893313e+00 -1.484887983117635315e+02
-5.923769798591905555e+00 -1.481924438073434374e+02
-5.895221510405917797e+00 -1.479300346716814545e+02
-5.866673222219944250e+00 -1.477383451036247948e+02
-5.838124934033956492e+00 -1.475923791479892770e+02
-5.809576645847954524e+00 -1.475193261188256884e+02
-5.781028357661980976e+00 -1.474382184115407881e+02
-5.752480069475993218e+00 -1.474533192235984416e+02
-5.723931781290005461e+00 -1.475614424297293397e+02
-5.695383493104031913e+00 -1.477574965031758438e+02
-5.666835204918044155e+00 -1.480380790456010232e+02
-5.638286916732056397e+00 -1.483981653668421927e+02
-5.609738628546068639e+00 -1.488334467463186854e+02
-5.581190340360080882e+00 -1.493393154191478800e+02
-5.552642052174093124e+00 -1.499108606387406155e+02
-5.524093763988119576e+00 -1.505426778019660503e+02
-5.495545475802131818e+00 -1.512287927568877990e+02
-5.466997187616144060e+00 -1.519621986528138962e+02
-5.438448899430170513e+00 -1.527360244430554985e+02
-5.409900611244168545e+00 -1.535406392285582342e+02
-5.381352323058180787e+00 -1.543667467370077873e+02
-5.352804034872207239e+00 -1.550181058015623137e+02
-5.324255746686219481e+00 -1.551192010292595569e+02
-5.295707458500231724e+00 -1.553372058878770758e+02
-5.267159170314258176e+00 -1.555694161370930146e+02
-5.238610882128270418e+00 -1.558114162426799680e+02
-5.210062593942268450e+00 -1.560634454936084978e+02
-5.181514305756294902e+00 -1.563251533602872030e+02
-5.152966017570307145e+00 -1.565963992987815345e+02
-5.124417729384319387e+00 -1.568768597953622930e+02
-5.095869441198345839e+00 -1.571664965250046748e+02
-5.067321153012358081e+00 -1.574651528523039019e+02
-5.038772864826370323e+00 -1.577755704704810000e+02
-5.010224576640382566e+00 -1.580949817878113492e+02
-4.981676288454394808e+00 -1.584250768782738703e+02
-4.953128000268407050e+00 -1.587676442923944080e+02
-4.924579712082433502e+00 -1.591229442562444092e+02
-4.896031423896445745e+00 -1.594902282333465848e+02
-4.867483135710457987e+00 -1.598731731343265778e+02
-4.838934847524484439e+00 -1.602676707976553132e+02
-4.810386559338482471e+00 -1.606743430468879126e+02
-4.781838271152494713e+00 -1.610925143886252044e+02
-4.753289982966521166e+00 -1.615202311044237149e+02
-4.724741694780533408e+00 -1.619554847031906775e+02
-4.696193406594545650e+00 -1.623967707857460141e+02
-4.667645118408572102e+00 -1.628427785253331876e+02
-4.639096830222584344e+00 -1.632912700513983850e+02
-4.610548542036582376e+00 -1.637514079571718071e+02
-4.582000253850608829e+00 -1.642112293262437106e+02
-4.553451965664621071e+00 -1.646778302657226050e+02
-4.524903677478633313e+00 -1.651531905591594409e+02
-4.496355389292659765e+00 -1.656374220989200694e+02
-4.467807101106672008e+00 -1.661304122140695938e+02
-4.439258812920684250e+00 -1.666224214530820973e+02
-4.410710524734696492e+00 -1.671190466505881886e+02
-4.382162236548708734e+00 -1.676095207855385070e+02
-4.353613948362720976e+00 -1.680828025849157257e+02
-4.325065660176747429e+00 -1.685183478968164366e+02
-4.296517371990759671e+00 -1.689212854571693185e+02
-4.267969083804771913e+00 -1.692723344968118226e+02
-4.239420795618784155e+00 -1.695689396403135163e+02
-4.210872507432796397e+00 -1.698134454053302989e+02
-4.182324219246808639e+00 -1.700169093698325185e+02
-4.153775931060835092e+00 -1.701877672544059124e+02
-4.125227642874847334e+00 -1.703500439360544192e+02
-4.096679354688859576e+00 -1.705097062759276128e+02
-4.068131066502871818e+00 -1.706719906434375957e+02
-4.039582778316884060e+00 -1.708371072066924796e+02
-4.011034490130910513e+00 -1.709728876404256255e+02
-3.982486201944922755e+00 -1.710962578076700993e+02
-3.953937913758934997e+00 -1.712015978203079953e+02
-3.925389625572947239e+00 -1.712671843713400790e+02
-3.896841337386973692e+00 -1.712856985096507856e+02
-3.868293049200971723e+00 -1.712553629110328188e+02
-3.839744761014998176e+00 -1.711856281017186348e+02
-3.811196472829010418e+00 -1.710902283476383730e+02
-3.782648184643022660e+00 -1.709895218934503873e+02
-3.754099896457034902e+00 -1.709002417350359337e+02
-3.725551608271061355e+00 -1.708385815943037187e+02
-3.697003320085073597e+00 -1.708130035527564132e+02
-3.668455031899085839e+00 -1.708263526447790923e+02
-3.639906743713098081e+00 -1.708754776654263026e+02
-3.611358455527110323e+00 -1.709512568550869105e+02
-3.582810167341136776e+00 -1.710345657741739274e+02
-3.554261879155149018e+00 -1.710830325817603921e+02
-3.525713590969161260e+00 -1.711238527686516591e+02
-3.497165302783173502e+00 -1.711315629505801610e+02
-3.468617014597185744e+00 -1.710929124419789673e+02
-3.440068726411197986e+00 -1.710135823541736499e+02
-3.411520438225224439e+00 -1.709043551212957652e+02
-3.382972150039236681e+00 -1.707811466621674867e+02
-3.354423861853248923e+00 -1.706611725120890810e+02
-3.325875573667261165e+00 -1.705607082527271245e+02
-3.297327285481287618e+00 -1.704905797174680515e+02
-3.268778997295285649e+00 -1.704556821494353471e+02
-3.240230709109312102e+00 -1.704553895975338662e+02
-3.211682420923324344e+00 -1.704893130450530521e+02
-3.183134132737336586e+00 -1.705304428787879374e+02
-3.154585844551363039e+00 -1.705636579200148049e+02
-3.126037556365375281e+00 -1.705518613866892679e+02
-3.097489268179387523e+00 -1.705094107698769506e+02
-3.068940979993399765e+00 -1.704350076417499054e+02
-3.040392691807412007e+00 -1.703158572958078025e+02
-3.011844403621424249e+00 -1.701648512899203638e+02
-2.983296115435450702e+00 -1.699969801859364509e+02
-2.954747827249462944e+00 -1.698285588709782417e+02
-2.926199539063475186e+00 -1.696746574339432811e+02
-2.897651250877487428e+00 -1.695467711075665989e+02
-2.869102962691499670e+00 -1.694614149967459298e+02
-2.840554674505511912e+00 -1.694117040859668464e+02
-2.812006386319538365e+00 -1.693818437683995057e+02
-2.783458098133550607e+00 -1.693647247229561685e+02
-2.754909809947562849e+00 -1.693491987780262207e+02
-2.726361521761589302e+00 -1.693225609214325118e+02
-2.697813233575601544e+00 -1.692699857008182107e+02
-2.669264945389599575e+00 -1.691747159674635554e+02
-2.640716657203626028e+00 -1.690578127338873173e+02
-2.612168369017638270e+00 -1.689176339760223300e+02
-2.583620080831650512e+00 -1.687563534679847805e+02
-2.555071792645676965e+00 -1.685911654995839513e+02
-2.526523504459689207e+00 -1.684347565854830293e+02
-2.497975216273701449e+00 -1.683239449997680310e+02
-2.469426928087713691e+00 -1.682293642579892605e+02
-2.440878639901725933e+00 -1.681524923989878744e+02
-2.412330351715738175e+00 -1.680949698553001213e+02
-2.383782063529764628e+00 -1.680531743096051116e+02
-2.355233775343776870e+00 -1.680192501511980936e+02
-2.326685487157789112e+00 -1.679830131542316849e+02
-2.298137198971801354e+00 -1.679340613987955066e+02
-2.269588910785813596e+00 -1.678642142385276088e+02
-2.241040622599825838e+00 -1.677635193733266874e+02
-2.212492334413852291e+00 -1.676416802058375879e+02
-2.183944046227864533e+00 -1.675064708446435588e+02
-2.155395758041876775e+00 -1.673736982383846055e+02
-2.126847469855889017e+00 -1.672688952493612931e+02
-2.098299181669901259e+00 -1.671568145768388263e+02
-2.069750893483913501e+00 -1.670502259570548915e+02
-2.041202605297939954e+00 -1.669577944857260832e+02
-2.012654317111952196e+00 -1.668834429613308998e+02
-1.984106028925964438e+00 -1.668262783175260040e+02
-1.955557740739990891e+00 -1.667813389491103919e+02
-1.927009452553988922e+00 -1.667408235432080517e+02
-1.898461164368001164e+00 -1.666957867483874338e+02
-1.869912876182027617e+00 -1.666381502299811359e+02
-1.841364587996039859e+00 -1.665624945212776993e+02
-1.812816299810052101e+00 -1.664669064110255476e+02
-1.784268011624078554e+00 -1.663938052388616313e+02
-1.755719723438090796e+00 -1.663182364040085304e+02
-1.727171435252088827e+00 -1.662190910008104083e+02
-1.698623147066115280e+00 -1.661061458531825679e+02
-1.670074858880127522e+00 -1.659950395650226938e+02
-1.641526570694139764e+00 -1.658954588311313216e+02
-1.612978282508166217e+00 -1.658129976581166432e+02
-1.584429994322178459e+00 -1.657488546495600019e+02
-1.555881706136190701e+00 -1.657002984759116941e+02
-1.527333417950202943e+00 -1.656614925668794740e+02
-1.498785129764215185e+00 -1.656248318155576271e+02
-1.470236841578227427e+00 -1.655825137486133372e+02
-1.441688553392253880e+00 -1.655281916368365103e+02
-1.413140265206266122e+00 -1.655402490654805376e+02
-1.384591977020278364e+00 -1.655105623512509112e+02
-1.356043688834304817e+00 -1.654426296729613171e+02
-1.327495400648302848e+00 -1.653484336961924157e+02
-1.298947112462315090e+00 -1.652412238730603633e+02
-1.270398824276341543e+00 -1.651317937231800954e+02
-1.241850536090353785e+00 -1.650307254589205286e+02
-1.213302247904366027e+00 -1.649457843801933166e+02
-1.184753959718392480e+00 -1.648799058776129129e+02
-1.156205671532404722e+00 -1.648321744482559552e+02
-1.127657383346402753e+00 -1.647984262257361934e+02
-1.099109095160429206e+00 -1.647722309923481703e+02
-1.070560806974441448e+00 -1.647859851530257060e+02
-1.042012518788453690e+00 -1.648450174447354755e+02
-1.013464230602480143e+00 -1.648658882692500356e+02
-9.849159424164923848e-01 -1.648456846340309312e+02
-9.563676542305046269e-01 -1.647879720684779841e+02
-9.278193660445168689e-01 -1.647016628796721989e+02
-8.992710778585291109e-01 -1.645986033310793459e+02
-8.707227896725413530e-01 -1.644919989501561304e+02
-8.421745014865678058e-01 -1.643929034846302102e+02
-8.136262133005800479e-01 -1.643068127730399510e+02
-7.850779251145922899e-01 -1.642405927419085288e+02
-7.565296369286187428e-01 -1.641950139160433935e+02
-7.279813487426167740e-01 -1.641674297442932584e+02
-6.994330605566290160e-01 -1.642405058878531747e+02
-6.708847723706554689e-01 -1.643322092497147082e+02
-6.423364841846677109e-01 -1.643972675054219508e+02
-6.137881959986799529e-01 -1.644252490268484621e+02
-5.852399078127064058e-01 -1.644105449641396888e+02
-5.566916196267186479e-01 -1.643531573595751638e+02
-5.281433314407166790e-01 -1.642581074168151360e+02
-4.995950432547431319e-01 -1.641336704745318968e+02
-4.710467550687553739e-01 -1.639890150210962929e+02
-4.424984668827676160e-01 -1.638321247429352070e+02
-4.139501786967940689e-01 -1.636682770441599644e+02
-3.854018905108063109e-01 -1.634993016189638126e+02
-3.568536023248043421e-01 -1.633388770862813999e+02
-3.283053141388307949e-01 -1.632631214708217442e+02
-2.997570259528430370e-01 -1.631530017779156196e+02
-2.712087377668552790e-01 -1.630012571982251472e+02
-2.426604495808817319e-01 -1.628061850858581465e+02
-2.141121613948939739e-01 -1.625725756216037610e+02
-1.855638732088920051e-01 -1.623110662197379384e+02
-1.570155850229184580e-01 -1.620362589774296396e+02
-1.284672968369307000e-01 -1.617643403456067404e+02
-9.991900865094294204e-02 -1.615109604060073138e+02
-7.137072046496939492e-02 -1.612897786559775000e+02
-4.282243227898163695e-02 -1.611116945212025371e+02
-1.427414409299387898e-02 -1.609845273110528581e+02
1.427414409299387898e-02 -1.609845273110528581e+02
4.282243227898163695e-02 -1.611116945212024802e+02
7.137072046496939492e-02 -1.612897786559772726e+02
9.991900865094294204e-02 -1.615109604060090192e+02
1.284672968369307000e-01 -1.617643403456063425e+02
1.570155850229184580e-01 -1.620362589774302364e+02
1.855638732088920051e-01 -1.623110662197368583e+02
2.141121613948939739e-01 -1.625725756216037325e+02
2.426604495808817319e-01 -1.628061850858573507e+02
2.712087377668552790e-01 -1.630012571982246357e+02
2.997570259528430370e-01 -1.631530017779157333e+02
3.283053141388307949e-01 -1.632631214708221137e+02
3.568536023248043421e-01 -1.633388770862816841e+02
3.854018905107921000e-01 -1.634993016189652337e+02
4.139501786967940689e-01 -1.636682770441597654e+02
4.424984668827676160e-01 -1.638321247429345533e+02
4.710467550687553739e-01 -1.639890150210957245e+02
4.995950432547431319e-01 -1.641336704745308168e+02
5.281433314407166790e-01 -1.642581074168157045e+02
5.566916196267044370e-01 -1.643531573595744533e+02
5.852399078126921950e-01 -1.644105449641416499e+02
6.137881959986799529e-01 -1.644252490268463589e+02
6.423364841846677109e-01 -1.643972675054189096e+02
6.708847723706554689e-01 -1.643322092497124345e+02
6.994330605566290160e-01 -1.642405058878541979e+02
7.279813487426167740e-01 -1.641674297442884836e+02
7.565296369286045319e-01 -1.641950139160391871e+02
7.850779251145780790e-01 -1.642405927419039244e+02
8.136262133005800479e-01 -1.643068127730398942e+02
8.421745014865678058e-01 -1.643929034846268848e+02
8.707227896725413530e-01 -1.644919989501558177e+02
8.992710778585291109e-01 -1.645986033310787775e+02
9.278193660445168689e-01 -1.647016628796724831e+02
9.563676542304904160e-01 -1.647879720684754830e+02
9.849159424164781740e-01 -1.648456846340295101e+02
1.013464230602480143e+00 -1.648658882692519114e+02
1.042012518788453690e+00 -1.648450174447354755e+02
1.070560806974441448e+00 -1.647859851530261892e+02
1.099109095160429206e+00 -1.647722309923510693e+02
1.127657383346402753e+00 -1.647984262257354260e+02
1.156205671532390511e+00 -1.648321744482572626e+02
1.184753959718378269e+00 -1.648799058776129414e+02
1.213302247904366027e+00 -1.649457843801941692e+02
1.241850536090353785e+00 -1.650307254589203581e+02
1.270398824276341543e+00 -1.651317937231803512e+02
1.298947112462315090e+00 -1.652412238730599086e+02
1.327495400648302848e+00 -1.653484336961922736e+02
1.356043688834304817e+00 -1.654426296729620560e+02
1.384591977020264153e+00 -1.655105623512502859e+02
1.413140265206266122e+00 -1.655402490654799124e+02
1.441688553392253880e+00 -1.655281916368354871e+02
1.470236841578227427e+00 -1.655825137486144456e+02
1.498785129764215185e+00 -1.656248318155561492e+02
1.527333417950202943e+00 -1.656614925668814919e+02
1.555881706136190701e+00 -1.657002984759128310e+02
1.584429994322164248e+00 -1.657488546495620199e+02
1.612978282508166217e+00 -1.658129976581163305e+02
1.641526570694139764e+00 -1.658954588311318901e+02
1.670074858880127522e+00 -1.659950395650224380e+02
1.698623147066115280e+00 -1.661061458531829089e+02
1.727171435252088827e+00 -1.662190910008108347e+02
1.755719723438090796e+00 -1.663182364040087009e+02
1.784268011624064343e+00 -1.663938052388598408e+02
1.812816299810052101e+00 -1.664669064110230750e+02
1.841364587996039859e+00 -1.665624945212764487e+02
1.869912876182027617e+00 -1.666381502299828981e+02
1.898461164368001164e+00 -1.666957867483883433e+02
1.927009452553988922e+00 -1.667408235432060621e+02
1.955557740739976680e+00 -1.667813389491086582e+02
1.984106028925964438e+00 -1.668262783175235597e+02
2.012654317111952196e+00 -1.668834429613319230e+02
2.041202605297939954e+00 -1.669577944857234684e+02
2.069750893483913501e+00 -1.670502259570545505e+02
2.098299181669901259e+00 -1.671568145768378884e+02
2.126847469855889017e+00 -1.672688952493610373e+02
2.155395758041876775e+00 -1.673736982383872487e+02
2.183944046227864533e+00 -1.675064708446419672e+02
2.212492334413852291e+00 -1.676416802058378153e+02
2.241040622599825838e+00 -1.677635193733278811e+02
2.269588910785813596e+00 -1.678642142385294562e+02
2.298137198971801354e+00 -1.679340613987939150e+02
2.326685487157774901e+00 -1.679830131542294396e+02
2.355233775343776870e+00 -1.680192501511960756e+02
2.383782063529750417e+00 -1.680531743096020421e+02
2.412330351715738175e+00 -1.680949698553001497e+02
2.440878639901725933e+00 -1.681524923989887839e+02
2.469426928087713691e+00 -1.682293642579898574e+02
2.497975216273687238e+00 -1.683239449997657289e+02
2.526523504459674996e+00 -1.684347565854856157e+02
2.555071792645662754e+00 -1.685911654995835534e+02
2.583620080831650512e+00 -1.687563534679855479e+02
2.612168369017638270e+00 -1.689176339760210794e+02
2.640716657203626028e+00 -1.690578127338890795e+02
2.669264945389599575e+00 -1.691747159674645218e+02
2.697813233575587333e+00 -1.692699857008191771e+02
2.726361521761575091e+00 -1.693225609214334213e+02
2.754909809947562849e+00 -1.693491987780272439e+02
2.783458098133550607e+00 -1.693647247229570212e+02
2.812006386319524154e+00 -1.693818437684003015e+02
2.840554674505511912e+00 -1.694117040859664769e+02
2.869102962691499670e+00 -1.694614149967463561e+02
2.897651250877487428e+00 -1.695467711075700379e+02
2.926199539063460975e+00 -1.696746574339434517e+02
2.954747827249462944e+00 -1.698285588709780995e+02
2.983296115435436491e+00 -1.699969801859363088e+02
3.011844403621424249e+00 -1.701648512899199090e+02
3.040392691807412007e+00 -1.703158572958060120e+02
3.068940979993399765e+00 -1.704350076417516107e+02
3.097489268179373312e+00 -1.705094107698773769e+02
3.126037556365361070e+00 -1.705518613866889268e+02
3.154585844551348828e+00 -1.705636579200152028e+02
3.183134132737336586e+00 -1.705304428787889606e+02
3.211682420923324344e+00 -1.704893130450521710e+02
3.240230709109297891e+00 -1.704553895975343494e+02
3.268778997295285649e+00 -1.704556821494372514e+02
3.297327285481287618e+00 -1.704905797174692452e+02
3.325875573667261165e+00 -1.705607082527284035e+02
3.354423861853248923e+00 -1.706611725120901610e+02
3.382972150039236681e+00 -1.707811466621689078e+02
3.411520438225210228e+00 -1.709043551212974137e+02
3.440068726411197986e+00 -1.710135823541743605e+02
3.468617014597185744e+00 -1.710929124419804452e+02
3.497165302783173502e+00 -1.711315629505808147e+02
3.525713590969147049e+00 -1.711238527686520570e+02
3.554261879155149018e+00 -1.710830325817602500e+02
3.582810167341122565e+00 -1.710345657741740411e+02
3.611358455527110323e+00 -1.709512568550873652e+02
3.639906743713098081e+00 -1.708754776654265015e+02
3.668455031899071628e+00 -1.708263526447768470e+02
3.697003320085073597e+00 -1.708130035527565553e+02
3.725551608271047144e+00 -1.708385815943034629e+02
3.754099896457034902e+00 -1.709002417350369285e+02
3.782648184643022660e+00 -1.709895218934497620e+02
3.811196472829010418e+00 -1.710902283476389130e+02
3.839744761014983965e+00 -1.711856281017183505e+02
3.868293049200971723e+00 -1.712553629110323641e+02
3.896841337386973692e+00 -1.712856985096519224e+02
3.925389625572947239e+00 -1.712671843713397664e+02
3.953937913758934997e+00 -1.712015978203095301e+02
3.982486201944922755e+00 -1.710962578076703551e+02
4.011034490130896302e+00 -1.709728876404252560e+02
4.039582778316884060e+00 -1.708371072066937586e+02
4.068131066502871818e+00 -1.706719906434391305e+02
4.096679354688859576e+00 -1.705097062759279538e+02
4.125227642874847334e+00 -1.703500439360554424e+02
4.153775931060835092e+00 -1.701877672544069355e+02
4.182324219246808639e+00 -1.700169093698327742e+02
4.210872507432796397e+00 -1.698134454053308104e+02
4.239420795618784155e+00 -1.695689396403126352e+02
4.267969083804757702e+00 -1.692723344968116805e+02
4.296517371990759671e+00 -1.689212854571693470e+02
4.325065660176747429e+00 -1.685183478968157544e+02
4.353613948362720976e+00 -1.680828025849160383e+02
4.382162236548708734e+00 -1.676095207855378817e+02
4.410710524734696492e+00 -1.671190466505877339e+02
4.439258812920670039e+00 -1.666224214530816710e+02
4.467807101106657797e+00 -1.661304122140693380e+02
4.496355389292659765e+00 -1.656374220989196999e+02
4.524903677478633313e+00 -1.651531905591590998e+02
4.553451965664621071e+00 -1.646778302657222355e+02
4.582000253850608829e+00 -1.642112293262435401e+02
4.610548542036582376e+00 -1.637514079571715229e+02
4.639096830222570134e+00 -1.632912700513979871e+02
4.667645118408557892e+00 -1.628427785253328182e+02
4.696193406594545650e+00 -1.623967707857456730e+02
4.724741694780533408e+00 -1.619554847031903648e+02
4.753289982966521166e+00 -1.615202311044232886e+02
4.781838271152494713e+00 -1.610925143886248918e+02
4.810386559338482471e+00 -1.606743430468875999e+02
4.838934847524470229e+00 -1.602676707976550858e+02
4.867483135710443776e+00 -1.598731731343264073e+02
4.896031423896445745e+00 -1.594902282333463575e+02
4.924579712082433502e+00 -1.591229442562440113e+02
4.953128000268407050e+00 -1.587676442923940385e+02
4.981676288454394808e+00 -1.584250768782735292e+02
5.010224576640382566e+00 -1.580949817878108661e+02
5.038772864826356113e+00 -1.577755704704805453e+02
5.067321153012343871e+00 -1.574651528523035608e+02
5.095869441198345839e+00 -1.571664965250043053e+02
5.124417729384319387e+00 -1.568768597953618098e+02
5.152966017570307145e+00 -1.565963992987810798e+02
5.181514305756294902e+00 -1.563251533602866346e+02
5.210062593942268450e+00 -1.560634454936079010e+02
5.238610882128270418e+00 -1.558114162426793712e+02
5.267159170314243966e+00 -1.555694161370925030e+02
5.295707458500231724e+00 -1.553372058878766211e+02
5.324255746686219481e+00 -1.551192010292589600e+02
5.352804034872207239e+00 -1.550181058015620579e+02
5.381352323058180787e+00 -1.543667467370065367e+02
5.409900611244168545e+00 -1.535406392285569268e+02
5.438448899430170513e+00 -1.527360244430529690e+02
5.466997187616129850e+00 -1.519621986528131856e+02
5.495545475802131818e+00 -1.512287927568851273e+02
5.524093763988119576e+00 -1.505426778019639755e+02
5.552642052174093124e+00 -1.499108606387391660e+02
5.581190340360080882e+00 -1.493393154191463736e+02
5.609738628546068639e+00 -1.488334467463178896e+02
5.638286916732056397e+00 -1.483981653668407148e+02
5.666835204918029945e+00 -1.480380790455988347e+02
5.695383493104031913e+00 -1.477574965031736269e+02
5.723931781290005461e+00 -1.475614424297278333e+02
5.752480069475993218e+00 -1.474533192235983279e+02
5.781028357661980976e+00 -1.474382184115386281e+02
5.809576645847954524e+00 -1.475193261188239831e+02
5.838124934033956492e+00 -1.475923791479879696e+02
5.866673222219930040e+00 -1.477383451036237432e+02
5.895221510405917797e+00 -1.479300346716801187e+02
5.923769798591905555e+00 -1.481924438073423005e+02
5.952318086777893313e+00 -1.484887983117621957e+02
5.980866374963866861e+00 -1.487948923418474578e+02
6.009414663149854618e+00 -1.490654362751033375e+02
6.037962951335856587e+00 -1.493052636609004082e+02
6.066511239521830134e+00 -1.494708932082602928e+02
6.095059527707817892e+00 -1.495426235336645675e+02
6.123607815893805650e+00 -1.495409637803338114e+02
6.152156104079779197e+00 -1.494730258449355063e+02
6.180704392265766955e+00 -1.493723989973789230e+02
6.209252680451754713e+00 -1.492490940683746032e+02
6.237800968637742471e+00 -1.491917807026040919e+02
6.266349256823730229e+00 -1.490831040195777746e+02
6.294897545009717987e+00 -1.489927417631124626e+02
6.323445833195691534e+00 -1.489469085540110314e+02
6.351994121381679292e+00 -1.489450972789746288e+02
6.380542409567667050e+00 -1.489986932358119134e+02
6.409090697753640598e+00 -1.490743360368542483e+02
6.437638985939642566e+00 -1.491598921469699803e+02
6.466187274125630324e+00 -1.492481676647335576e+02
6.494735562311603871e+00 -1.493153848840137243e+02
6.523283850497591629e+00 -1.493552129573930927e+02
6.551832138683579387e+00 -1.493548592263317971e+02
6.580380426869552934e+00 -1.493460965459452723e+02
6.608928715055540692e+00 -1.493219686746977573e+02
6.637477003241542661e+00 -1.493120287276957185e+02
6.666025291427516208e+00 -1.493160212381481813e+02
6.694573579613503966e+00 -1.493559182586398606e+02
6.723121867799491724e+00 -1.493540933074144164e+02
6.751670155985465271e+00 -1.493790821335887813e+02
6.780218444171453029e+00 -1.494407257447286668e+02
6.808766732357440787e+00 -1.495168462145570061e+02
6.837315020543428545e+00 -1.496017868497692973e+02
6.865863308729416303e+00 -1.496775209285539745e+02
6.894411596915404061e+00 -1.497357332955910181e+02
6.922959885101377608e+00 -1.497603619917431956e+02
6.951508173287365366e+00 -1.497567558533224883e+02
6.980056461473353124e+00 -1.497244539393844889e+02
7.008604749659326671e+00 -1.496653435545042328e+02
7.037153037845328640e+00 -1.496042126484385619e+02
7.065701326031316398e+00 -1.495522127857404939e+02
7.094249614217289945e+00 -1.495338303312094581e+02
7.122797902403277703e+00 -1.495574695265537741e+02
7.151346190589265461e+00 -1.495576300063773374e+02
7.179894478775253219e+00 -1.495780765043632812e+02
7.208442766961226766e+00 -1.496199945252948851e+02
7.236991055147228735e+00 -1.496757636650212646e+02
7.265539343333202282e+00 -1.497309351878606094e+02
7.294087631519190040e+00 -1.497764796244934189e+02
7.322635919705177798e+00 -1.497938961461522354e+02
7.351184207891151345e+00 -1.497881571949373551e+02
7.379732496077153314e+00 -1.497425643989348032e+02
7.408280784263126861e+00 -1.496841218866151451e+02
7.436829072449114619e+00 -1.496187667741744747e+02
7.465377360635102377e+00 -1.495484211880163912e+02
7.493925648821090135e+00 -1.494986742610567205e+02
7.522473937007063682e+00 -1.494765564474444091e+02
7.551022225193051440e+00 -1.494834176113790818e+02
7.579570513379053409e+00 -1.495179036678964053e+02
7.608118801565012745e+00 -1.495428590703357941e+02
7.636667089751014714e+00 -1.495856532788382367e+02
7.665215377937002472e+00 -1.496340310536301104e+02
7.693763666122976019e+00 -1.496805043331776233e+02
7.722311954308963777e+00 -1.497051520786189656e+02
7.750860242494951535e+00 -1.497137936072109596e+02
7.779408530680939293e+00 -1.496904457205131393e+02
7.807956818866912840e+00 -1.496520023114052549e+02
7.836505107052914809e+00 -1.495974853066547041e+02
7.865053395238888356e+00 -1.495314472521648099e+02
7.893601683424876114e+00 -1.494834562822860278e+02
7.922149971610863872e+00 -1.494517429685330683e+02
7.950698259796837419e+00 -1.494444300590924968e+02
7.979246547982839388e+00 -1.494618156234404580e+02
8.007794836168827146e+00 -1.495072002217472402e+02
8.036343124354800693e+00 -1.495585665155996367e+02
8.064891412540788451e+00 -1.496124364101869446e+02
8.093439700726776209e+00 -1.496693550630397738e+02
8.121987988912749756e+00 -1.497080449592115770e+02
8.150536277098737514e+00 -1.497391377837732875e+02
8.179084565284739483e+00 -1.497416941478313106e+02
8.207632853470713030e+00 -1.497291885313658213e+02
8.236181141656700788e+00 -1.496994025046043078e+02
8.264729429842688546e+00 -1.496601460900019731e+02
8.293277718028662093e+00 -1.496152759467906606e+02
8.321826006214649851e+00 -1.495895883634187271e+02
8.350374294400637609e+00 -1.495802460764599857e+02
8.378922582586625367e+00 -1.495960622045301989e+02
8.407470870772613125e+00 -1.496358949349551040e+02
8.436019158958600883e+00 -1.496947427985961667e+02
8.464567447144574430e+00 -1.497701943988430457e+02
8.493115735330562188e+00 -1.498411129813347600e+02
8.521664023516549946e+00 -1.499046436244283882e+02
8.550212311702523493e+00 -1.499606626378277099e+02
8.578760599888525462e+00 -1.499910699095117366e+02
8.607308888074513220e+00 -1.500024409406341306e+02
8.635857176260486767e+00 -1.499993137670114436e+02
8.664405464446474525e+00 -1.499828970363975600e+02
8.692953752632462283e+00 -1.499570912193782988e+02
8.721502040818435830e+00 -1.499410278427263279e+02
8.750050329004423588e+00 -1.499369759819319654e+02
8.778598617190411346e+00 -1.499554777428928674e+02
8.807146905376399104e+00 -1.499968723733985314e+02
8.835695193562386862e+00 -1.500608089968670242e+02
8.864243481748374620e+00 -1.501437836165048338e+02
8.892791769934348167e+00 -1.502344168737202779e+02
8.921340058120335925e+00 -1.503217177009402974e+02
8.949888346306323683e+00 -1.504024839531588782e+02
8.978436634492311441e+00 -1.504681261878003511e+02
9.006984922678299199e+00 -1.505049141677768318e+02
9.035533210864286957e+00 -1.505264160455398894e+02
9.064081499050260504e+00 -1.505269059711708337e+02
9.092629787236248262e+00 -1.505248831238351954e+02
9.121178075422236020e+00 -1.505215479901179663e+02
9.149726363608209567e+00 -1.505252402515922654e+02
9.178274651794211536e+00 -1.505467386449387845e+02
9.206822939980185083e+00 -1.505941402331092434e+02
9.235371228166172841e+00 -1.506633513751049520e+02
9.263919516352160599e+00 -1.507562651831082121e+02
9.292467804538148357e+00 -1.508547452132760895e+02
9.321016092724136115e+00 -1.509647692031358872e+02
9.349564380910109662e+00 -1.510692971302515559e+02
9.378112669096097420e+00 -1.511618959506943725e+02
9.406660957282085178e+00 -1.512253227321281770e+02
9.435209245468072936e+00 -1.512748815501885531e+02
9.463757533654060694e+00 -1.512953873579390347e+02
9.492305821840034241e+00 -1.513073608552271594e+02
9.520854110026036210e+00 -1.513093564402261961e+02
9.549402398212009757e+00 -1.513195116634025510e+02
9.577950686397997515e+00 -1.513412387751481845e+02
9.606498974583985273e+00 -1.513872971761492465e+02
9.635047262769958820e+00 -1.514581443667802887e+02
9.663595550955946578e+00 -1.515548910771399846e+02
9.692143839141934336e+00 -1.516728837195728659e+02
9.720692127327922094e+00 -1.517912409041391015e+02
9.749240415513895641e+00 -1.519222034098622771e+02
9.777788703699897610e+00 -1.520260950779283462e+02
9.806336991885871157e+00 -1.521221453169184201e+02
9.834885280071858915e+00 -1.521929749154398621e+02
9.863433568257846673e+00 -1.522297073469902102e+02
9.891981856443834431e+00 -1.522474708069843814e+02
9.920530144629822189e+00 -1.522569407942396253e+02
9.949078432815809947e+00 -1.522619614304214224e+02
9.977626721001783494e+00 -1.522786751812599277e+02
1.000617500918777125e+01 -1.523051990987451063e+02
1.003472329737375901e+01 -1.523680473818850771e+02
1.006327158555973256e+01 -1.524583291943406209e+02
1.009181987374572032e+01 -1.525751297286705892e+02
1.012036816193172228e+01 -1.526965450931687940e+02
1.014891645011769583e+01 -1.528373126553657357e+02
1.017746473830368359e+01 -1.529597204040001373e+02
1.020601302648967135e+01 -1.530761856776792058e+02
1.023456131467564489e+01 -1.531482012617456405e+02
1.026310960286163265e+01 -1.532000006128645566e+02
1.029165789104762041e+01 -1.532139902633158215e+02
1.032020617923360817e+01 -1.532100063442755129e+02
1.034875446741959593e+01 -1.531997719066746413e+02
1.037730275560558368e+01 -1.531924816323568166e+02
1.040585104379155723e+01 -1.531932703462225902e+02
1.043439933197754499e+01 -1.532291849208787653e+02
1.046294762016353275e+01 -1.532953152194008055e+02
1.049149590834950629e+01 -1.533894609840419037e+02
1.052004419653550826e+01 -1.534932269195909385e+02
1.054859248472149602e+01 -1.536208960145059450e+02
1.057714077290746957e+01 -1.537358746541738128e+02
1.060568906109345733e+01 -1.538459635008244106e+02
1.063423734927944508e+01 -1.539253421991750201e+02
1.066278563746541863e+01 -1.539692571104821752e+02
1.069133392565140639e+01 -1.539733406416216894e+02
1.071988221383740836e+01 -1.539402079255462752e+02
1.074843050202338191e+01 -1.538966044048735000e+02
1.077697879020936966e+01 -1.538533428587338676e+02
1.080552707839535742e+01 -1.538221661588445670e+02
1.083407536658133097e+01 -1.538016287484749967e+02
1.086262365476731873e+01 -1.538200555669898790e+02
1.089117194295330648e+01 -1.538557009233140604e+02
1.091972023113929424e+01 -1.539275686062188981e+02
1.094826851932528200e+01 -1.540047690325332042e+02
1.097681680751126976e+01 -1.540944447408633664e+02
1.100536509569724331e+01 -1.541727909359506725e+02
1.103391338388323106e+01 -1.542222893647706314e+02
1.106246167206921882e+01 -1.542472298505300046e+02
1.109100996025519237e+01 -1.542329711369353333e+02
1.111955824844119434e+01 -1.541890725757088489e+02
1.114810653662718209e+01 -1.541128802661338000e+02
1.117665482481315564e+01 -1.540298159552832544e+02
1.120520311299914340e+01 -1.539514819515430872e+02
1.123375140118513116e+01 -1.538828980679909080e+02
1.126229968937111892e+01 -1.538462588945085656e+02
1.129084797755709246e+01 -1.538282639255033359e+02
1.131939626574309443e+01 -1.538426925957330695e+02
1.134794455392906798e+01 -1.538688356362873151e+02
1.137649284211505574e+01 -1.539130820177950056e+02
1.140504113030104349e+01 -1.539453106294021438e+02
1.143358941848701704e+01 -1.539672766001317541e+02
1.146213770667301901e+01 -1.539590287989778687e+02
1.149068599485899256e+01 -1.539276385723599390e+02
1.151923428304498032e+01 -1.538662724038617000e+02
1.154778257123096807e+01 -1.537837166076197377e+02
1.157633085941695583e+01 -1.536939404144455921e+02
1.160487914760292938e+01 -1.535824459399743773e+02
1.163342743578891714e+01 -1.534885007851415537e+02
1.166197572397491911e+01 -1.534082948382028349e+02
1.169052401216087844e+01 -1.533556393829764772e+02
1.171907230034688041e+01 -1.533321870897664212e+02
1.174762058853286817e+01 -1.533194890553775167e+02
1.177616887671884172e+01 -1.533162134658058733e+02
1.180471716490482947e+01 -1.533240394854378792e+02
1.183326545309081723e+01 -1.533166228945985665e+02
1.186181374127680499e+01 -1.533001822845984066e+02
1.189036202946279275e+01 -1.532587547064192393e+02
1.191891031764878051e+01 -1.531984706256046991e+02
1.194745860583475405e+01 -1.531160400641686010e+02
1.197600689402074181e+01 -1.530245044579481259e+02
1.200455518220672957e+01 -1.529294491427461367e+02
1.203310347039270312e+01 -1.528326741283727870e+02
1.206165175857870508e+01 -1.527405951374382482e+02
1.209020004676469284e+01 -1.526771132530529655e+02
1.211874833495066639e+01 -1.526242463625874564e+02
1.214729662313665415e+01 -1.525888108604268609e+02
1.217584491132264191e+01 -1.525747208621645541e+02
1.220439319950861545e+01 -1.525611802388717990e+02
1.223294148769460321e+01 -1.525516003440361033e+02
1.226148977588060518e+01 -1.525267019445888934e+02
1.229003806406657873e+01 -1.524903858570112902e+02
1.231858635225256648e+01 -1.524463888344482427e+02
1.234713464043855424e+01 -1.523801826064590728e+02
1.237568292862452779e+01 -1.523000426811063619e+02
1.240423121681051555e+01 -1.522155261551383205e+02
1.243277950499650331e+01 -1.521312728812883677e+02
1.246132779318249106e+01 -1.520667239985194499e+02
1.248987608136847882e+01 -1.519934616518422388e+02
1.251842436955446658e+01 -1.519369530637152081e+02
1.254697265774044013e+01 -1.519020014137812495e+02
1.257552094592642788e+01 -1.518743810695516459e+02
1.260406923411241564e+01 -1.518619387099890332e+02
1.263261752229838919e+01 -1.518513753404011482e+02
1.266116581048439116e+01 -1.518375867600009883e+02
1.268971409867037892e+01 -1.518146681134908533e+02
1.271826238685635246e+01 -1.517871037354772170e+02
1.274681067504234022e+01 -1.517412979030849556e+02
1.277535896322832798e+01 -1.516828764842518069e+02
1.280390725141430153e+01 -1.516173668615202530e+02
1.283245553960028928e+01 -1.515565643604343222e+02
1.286100382778629125e+01 -1.514916972878490071e+02
1.288955211597226480e+01 -1.514407262218630592e+02
1.291810040415825256e+01 -1.513941176339230594e+02
1.294664869234424032e+01 -1.513622307996911616e+02
1.297519698053021386e+01 -1.513377930206857229e+02
1.300374526871620162e+01 -1.513285310701581352e+02
1.303229355690218938e+01 -1.513236223863799523e+02
1.306084184508817714e+01 -1.513204965445452785e+02
1.308939013327416490e+01 -1.513185569387030114e+02
1.311793842146015265e+01 -1.513041392541307459e+02
1.314648670964612620e+01 -1.512796082030101559e+02
1.317503499783211396e+01 -1.512450951280576987e+02
1.320358328601811593e+01 -1.512056221741059687e+02
1.323213157420407526e+01 -1.511579331878686787e+02
1.326067986239007723e+01 -1.511153697530664886e+02
1.328922815057606499e+01 -1.510720589117490533e+02
1.331777643876203854e+01 -1.510393572489203109e+02
1.334632472694802630e+01 -1.510166019945461073e+02
1.337487301513401405e+01 -1.510032120606968533e+02
1.340342130332000181e+01 -1.510009675889666596e+02
1.343196959150597536e+01 -1.510048105767058075e+02
1.346051787969197733e+01 -1.510164237843857791e+02
1.348906616787795087e+01 -1.510246541227999728e+02
1.351761445606393863e+01 -1.510293666040039398e+02
1.354616274424992639e+01 -1.510262057016193467e+02
1.357471103243589994e+01 -1.510194085177416241e+02
1.360325932062190191e+01 -1.509998473804868695e+02
1.363180760880787545e+01 -1.509783780816728722e+02
1.366035589699386321e+01 -1.509470329612076966e+02
1.368890418517985097e+01 -1.509237611515851256e+02
1.371745247336583873e+01 -1.509023244508551329e+02
1.374600076155181227e+01 -1.508897498897057403e+02
1.377454904973780003e+01 -1.508865163955953221e+02
1.380309733792380200e+01 -1.508932048306718059e+02
1.383164562610976134e+01 -1.509113405656104874e+02
1.386019391429576331e+01 -1.509318768561469710e+02
1.388874220248175106e+01 -1.509553185878369561e+02
1.391729049066772461e+01 -1.509778281263350266e+02
1.394583877885371237e+01 -1.509996484962700833e+02
1.397438706703970013e+01 -1.510068937864146221e+02
1.400293535522568789e+01 -1.510142828508977857e+02
1.403148364341167564e+01 -1.510114413774614945e+02
1.406003193159766340e+01 -1.510030198989769303e+02
1.408858021978363695e+01 -1.509968094811114554e+02
1.411712850796962471e+01 -1.509889047021318049e+02
1.414567679615561246e+01 -1.509893945464557703e+02
1.417422508434158601e+01 -1.509959572071547029e+02
1.420277337252758798e+01 -1.510137688708709334e+02
1.423132166071357574e+01 -1.510396973758347769e+02
1.425986994889954929e+01 -1.510734048585820801e+02
