-1.425986994889954929e+01 -1.510733821110769100e+02
-1.423132166071357574e+01 -1.510396742287025234e+02
-1.420277337252758798e+01 -1.510137444993904978e+02
-1.417422508434160022e+01 -1.509959340202809415e+02
-1.414567679615561246e+01 -1.509893703036731267e+02
-1.411712850796962471e+01 -1.509888809580234010e+02
-1.408858021978363695e+01 -1.509967837668423840e+02
-1.406003193159766340e+01 -1.510029945243187228e+02
-1.403148364341167564e+01 -1.510114166816674128e+02
-1.400293535522568789e+01 -1.510142584101659509e+02
-1.397438706703971434e+01 -1.510068657601246969e+02
-1.394583877885371237e+01 -1.509996192015909742e+02
-1.391729049066772461e+01 -1.509778026950341996e+02
-1.388874220248175106e+01 -1.509552923116979457e+02
-1.386019391429576331e+01 -1.509318492968536134e+02
-1.383164562610977555e+01 -1.509113113859626196e+02
-1.380309733792380200e+01 -1.508931781903339129e+02
-1.377454904973780003e+01 -1.508864874961357714e+02
-1.374600076155181227e+01 -1.508897224542817526e+02
-1.371745247336583873e+01 -1.509022958327352342e+02
-1.368890418517985097e+01 -1.509237318078725991e+02
-1.366035589699386321e+01 -1.509470041392090991e+02
-1.363180760880788966e+01 -1.509783490212339530e+02
-1.360325932062190191e+01 -1.509998180925204281e+02
-1.357471103243589994e+01 -1.510193789137334193e+02
-1.354616274424992639e+01 -1.510261757278685195e+02
-1.351761445606393863e+01 -1.510293379826719899e+02
-1.348906616787795087e+01 -1.510246207029260859e+02
-1.346051787969197733e+01 -1.510163936614078466e+02
-1.343196959150598957e+01 -1.510047838322415998e+02
-1.340342130332000181e+01 -1.510009371842740507e+02
-1.337487301513401405e+01 -1.510031778485303562e+02
-1.334632472694802630e+01 -1.510165729034960691e+02
-1.331777643876203854e+01 -1.510393266368355967e+02
-1.328922815057606499e+01 -1.510720259002988826e+02
-1.326067986239007723e+01 -1.511153350042071679e+02
-1.323213157420408947e+01 -1.511578975352720420e+02
-1.320358328601811593e+01 -1.512055862276289702e+02
-1.317503499783211396e+01 -1.512450602060031031e+02
-1.314648670964612620e+01 -1.512795753187047580e+02
-1.311793842146015265e+01 -1.513041134516049340e+02
-1.308939013327416490e+01 -1.513185201950016960e+02
-1.306084184508817714e+01 -1.513204681970593128e+02
-1.303229355690220359e+01 -1.513235866864414447e+02
-1.300374526871621583e+01 -1.513285027998822443e+02
-1.297519698053021386e+01 -1.513377621592875073e+02
-1.294664869234424032e+01 -1.513621897769420173e+02
-1.291810040415825256e+01 -1.513940766984010509e+02
-1.288955211597226480e+01 -1.514406850331064618e+02
-1.286100382778629125e+01 -1.514916571113378723e+02
-1.283245553960030350e+01 -1.515565242227749536e+02
-1.280390725141431574e+01 -1.516173204476344267e+02
-1.277535896322832798e+01 -1.516828053843333919e+02
-1.274681067504234022e+01 -1.517411709456766005e+02
-1.271826238685635246e+01 -1.517871691653189998e+02
-1.268971409867037892e+01 -1.518146381100652889e+02
-1.266116581048439116e+01 -1.518373415753993640e+02
-1.263261752229840340e+01 -1.518514479069160359e+02
-1.260406923411241564e+01 -1.518616086356702795e+02
-1.257552094592642788e+01 -1.518743889074528965e+02
-1.254697265774044013e+01 -1.519023911023484743e+02
-1.251842436955446658e+01 -1.519365104603624559e+02
-1.248987608136847882e+01 -1.519932654869624002e+02
-1.246132779318249106e+01 -1.520667143607394109e+02
-1.243277950499651752e+01 -1.521313514768420987e+02
-1.240423121681051555e+01 -1.522156651624344761e+02
-1.237568292862452779e+01 -1.523000809847192443e+02
-1.234713464043855424e+01 -1.523801162167219729e+02
-1.231858635225256648e+01 -1.524463243678634399e+02
-1.229003806406657873e+01 -1.524909646139148265e+02
-1.226148977588060518e+01 -1.525255477673759117e+02
-1.223294148769461742e+01 -1.525515411441305105e+02
-1.220439319950861545e+01 -1.525627968688131375e+02
-1.217584491132264191e+01 -1.525735593922117914e+02
-1.214729662313665415e+01 -1.525915936145417504e+02
-1.211874833495066639e+01 -1.526239266180762115e+02
-1.209020004676469284e+01 -1.526733261662006953e+02
-1.206165175857870508e+01 -1.527436694681425990e+02
-1.203310347039271733e+01 -1.528330675509191110e+02
-1.200455518220672957e+01 -1.529275404561530820e+02
-1.197600689402074181e+01 -1.530210816645754619e+02
-1.194745860583475405e+01 -1.531119614248716232e+02
-1.191891031764878051e+01 -1.531948489064734815e+02
-1.189036202946279275e+01 -1.532570354693116315e+02
-1.186181374127680499e+01 -1.532975168499456800e+02
-1.183326545309081723e+01 -1.533171203281525834e+02
-1.180471716490482947e+01 -1.533223248551444726e+02
-1.177616887671884172e+01 -1.533185141039806751e+02
-1.174762058853286817e+01 -1.533173088518876739e+02
-1.171907230034688041e+01 -1.533279618688700054e+02
-1.169052401216089265e+01 -1.533574520254421714e+02
-1.166197572397491911e+01 -1.534102396757027122e+02
-1.163342743578891714e+01 -1.534861805092616862e+02
-1.160487914760292938e+01 -1.535814507745419064e+02
-1.157633085941695583e+01 -1.536889676879289937e+02
-1.154778257123096807e+01 -1.537812087807504042e+02
-1.151923428304498032e+01 -1.538623378904613048e+02
-1.149068599485900677e+01 -1.539245511523535299e+02
-1.146213770667301901e+01 -1.539596557175719909e+02
-1.143358941848701704e+01 -1.539658094268937134e+02
-1.140504113030104349e+01 -1.539470107030223858e+02
-1.137649284211505574e+01 -1.539120747571369634e+02
-1.134794455392906798e+01 -1.538731196106135144e+02
-1.131939626574309443e+01 -1.538421844544711519e+02
-1.129084797755710667e+01 -1.538294646783610062e+02
-1.126229968937111892e+01 -1.538418160399678527e+02
-1.123375140118513116e+01 -1.538812531021154086e+02
-1.120520311299914340e+01 -1.539448320117932099e+02
-1.117665482481315564e+01 -1.540260307683707310e+02
-1.114810653662718209e+01 -1.541129316756648677e+02
-1.111955824844119434e+01 -1.541903787936297761e+02
-1.109100996025520658e+01 -1.542316567004341721e+02
-1.106246167206923303e+01 -1.542446128170547013e+02
-1.103391338388323106e+01 -1.542242656372571332e+02
-1.100536509569724331e+01 -1.541722514432099445e+02
-1.097681680751126976e+01 -1.540965406122675745e+02
-1.094826851932528200e+01 -1.540099878764106620e+02
-1.091972023113929424e+01 -1.539266150546675362e+02
-1.089117194295332069e+01 -1.538588414721801314e+02
-1.086262365476733294e+01 -1.538162211094533234e+02
-1.083407536658134518e+01 -1.538022192570306572e+02
-1.080552707839535742e+01 -1.538158011723893424e+02
-1.077697879020936966e+01 -1.538513977883136477e+02
-1.074843050202338191e+01 -1.538981588399660154e+02
-1.071988221383740836e+01 -1.539426763566784757e+02
-1.069133392565142060e+01 -1.539712715842240982e+02
-1.066278563746543284e+01 -1.539682814049213562e+02
-1.063423734927944508e+01 -1.539223739014105092e+02
-1.060568906109345733e+01 -1.538434292112071660e+02
-1.057714077290746957e+01 -1.537376844525192325e+02
-1.054859248472149602e+01 -1.536164581012954500e+02
-1.052004419653550826e+01 -1.534934935793671684e+02
-1.049149590834952050e+01 -1.533820954258326879e+02
-1.046294762016353275e+01 -1.532926398677551845e+02
-1.043439933197754499e+01 -1.532311440593205134e+02
-1.040585104379157144e+01 -1.531985474521571859e+02
-1.037730275560558368e+01 -1.531904607293754736e+02
-1.034875446741959593e+01 -1.531988173971767537e+02
-1.032020617923360817e+01 -1.532113412134371231e+02
-1.029165789104763462e+01 -1.532150284544730425e+02
-1.026310960286163265e+01 -1.531980883390888835e+02
-1.023456131467565910e+01 -1.531523959268362489e+02
-1.020601302648967135e+01 -1.530751033326007473e+02
-1.017746473830368359e+01 -1.529634993367944844e+02
-1.014891645011769583e+01 -1.528340861652620504e+02
-1.012036816193172228e+01 -1.526983363161426439e+02
-1.009181987374573453e+01 -1.525689293474679573e+02
-1.006327158555974677e+01 -1.524566918709669210e+02
-1.003472329737375901e+01 -1.523689863814015553e+02
-1.000617500918777125e+01 -1.523087539819027256e+02
-9.977626721001797705e+00 -1.522742997135357541e+02
-9.949078432815809947e+00 -1.522594727379093626e+02
-9.920530144629822189e+00 -1.522547331665489594e+02
-9.891981856443834431e+00 -1.522485613747362549e+02
-9.863433568257846673e+00 -1.522295949989319297e+02
-9.834885280071858915e+00 -1.521889490676948924e+02
-9.806336991885885368e+00 -1.521223011053630785e+02
-9.777788703699897610e+00 -1.520313417464067811e+02
-9.749240415513909852e+00 -1.519197869725936414e+02
-9.720692127327922094e+00 -1.517929892077469276e+02
-9.692143839141934336e+00 -1.516669974608234952e+02
-9.663595550955946578e+00 -1.515525060596874880e+02
-9.635047262769973031e+00 -1.514578364894967422e+02
-9.606498974583985273e+00 -1.513878028808854594e+02
-9.577950686397997515e+00 -1.513429736744487855e+02
-9.549402398212023968e+00 -1.513197923366822124e+02
-9.520854110026036210e+00 -1.513111025912055254e+02
-9.492305821840034241e+00 -1.513072141317877310e+02
-9.463757533654060694e+00 -1.512975957759560970e+02
-9.435209245468072936e+00 -1.512728223468970441e+02
-9.406660957282085178e+00 -1.512266323649142805e+02
-9.378112669096111631e+00 -1.511573779883113104e+02
-9.349564380910123873e+00 -1.510683819800477181e+02
-9.321016092724136115e+00 -1.509668855471578581e+02
-9.292467804538148357e+00 -1.508573487532038087e+02
-9.263919516352160599e+00 -1.507518781915320005e+02
-9.235371228166172841e+00 -1.506612545819678530e+02
-9.206822939980199294e+00 -1.505918610946981744e+02
-9.178274651794211536e+00 -1.505464375529138294e+02
-9.149726363608223778e+00 -1.505237846852699874e+02
-9.121178075422250231e+00 -1.505190059952676052e+02
-9.092629787236248262e+00 -1.505241824227777272e+02
-9.064081499050260504e+00 -1.505296749589805358e+02
-9.035533210864286957e+00 -1.505258375793582957e+02
-9.006984922678299199e+00 -1.505049414277757194e+02
-8.978436634492311441e+00 -1.504628920636452847e+02
-8.949888346306337894e+00 -1.504001921873724825e+02
-8.921340058120350136e+00 -1.503218256011621463e+02
-8.892791769934348167e+00 -1.502337875181511322e+02
-8.864243481748374620e+00 -1.501449568936089918e+02
-8.835695193562386862e+00 -1.500625203206007825e+02
-8.807146905376399104e+00 -1.499978150072871017e+02
-8.778598617190425557e+00 -1.499556566803776150e+02
-8.750050329004437799e+00 -1.499371044072854318e+02
-8.721502040818450041e+00 -1.499393784662460405e+02
-8.692953752632462283e+00 -1.499562559743720271e+02
-8.664405464446474525e+00 -1.499790200789737469e+02
-8.635857176260486767e+00 -1.499978998781768098e+02
-8.607308888074513220e+00 -1.500039112973004478e+02
-8.578760599888525462e+00 -1.499907478987204286e+02
-8.550212311702537704e+00 -1.499562389572966765e+02
-8.521664023516549946e+00 -1.499028935020237725e+02
-8.493115735330562188e+00 -1.498373270300852766e+02
-8.464567447144574430e+00 -1.497687908797643956e+02
-8.436019158958600883e+00 -1.496944307846808897e+02
-8.407470870772613125e+00 -1.496351498951715371e+02
-8.378922582586625367e+00 -1.495952724468937731e+02
-8.350374294400651820e+00 -1.495798462251022443e+02
-8.321826006214649851e+00 -1.495882615216137594e+02
-8.293277718028662093e+00 -1.496160142222507261e+02
-8.264729429842688546e+00 -1.496553420775647396e+02
-8.236181141656700788e+00 -1.496964122519771649e+02
-8.207632853470713030e+00 -1.497290379496293724e+02
-8.179084565284739483e+00 -1.497446984660725207e+02
-8.150536277098751725e+00 -1.497384485440424555e+02
-8.121987988912749756e+00 -1.497101260592361598e+02
-8.093439700726776209e+00 -1.496644451755562955e+02
-8.064891412540788451e+00 -1.496099286285295307e+02
-8.036343124354800693e+00 -1.495570613517964773e+02
-8.007794836168827146e+00 -1.495058638015752308e+02
-7.979246547982839388e+00 -1.494600783583317423e+02
-7.950698259796837419e+00 -1.494417477403760302e+02
-7.922149971610863872e+00 -1.494502722047504335e+02
-7.893601683424876114e+00 -1.494834158170454259e+02
-7.865053395238888356e+00 -1.495345033472201806e+02
-7.836505107052914809e+00 -1.495937327980003033e+02
-7.807956818866927051e+00 -1.496497222566134724e+02
-7.779408530680939293e+00 -1.496916012807084826e+02
-7.750860242494951535e+00 -1.497113292548731067e+02
-7.722311954308963777e+00 -1.497056093777394778e+02
-7.693763666122976019e+00 -1.496767676343196740e+02
-7.665215377937002472e+00 -1.496322400532985171e+02
-7.636667089751014714e+00 -1.495828795254336114e+02
-7.608118801565026956e+00 -1.495406558695644890e+02
-7.579570513379053409e+00 -1.495164157644262843e+02
-7.551022225193051440e+00 -1.494768515672197111e+02
-7.522473937007063682e+00 -1.494712528860827092e+02
-7.493925648821090135e+00 -1.494960585294630846e+02
-7.465377360635102377e+00 -1.495462572377763024e+02
-7.436829072449114619e+00 -1.496122470624014227e+02
-7.408280784263141072e+00 -1.496815462694252119e+02
-7.379732496077153314e+00 -1.497408656091595844e+02
-7.351184207891151345e+00 -1.497787332984437398e+02
-7.322635919705177798e+00 -1.497881178853680524e+02
-7.294087631519190040e+00 -1.497682165495261302e+02
-7.265539343333202282e+00 -1.497247098598716377e+02
-7.236991055147228735e+00 -1.496683740845518003e+02
-7.208442766961240977e+00 -1.496125911293550530e+02
-7.179894478775253219e+00 -1.495706076141366907e+02
-7.151346190589265461e+00 -1.495532034685438418e+02
-7.122797902403277703e+00 -1.495425286624335683e+02
-7.094249614217289945e+00 -1.495227786189761616e+02
-7.065701326031316398e+00 -1.495461206118335440e+02
-7.037153037845328640e+00 -1.495942862414645163e+02
-7.008604749659340882e+00 -1.496540056001409766e+02
-6.980056461473367335e+00 -1.497099004529681849e+02
-6.951508173287365366e+00 -1.497472309866329283e+02
-6.922959885101377608e+00 -1.497550366754621223e+02
-6.894411596915404061e+00 -1.497287830082519804e+02
-6.865863308729416303e+00 -1.496715057292357756e+02
-6.837315020543428545e+00 -1.495929484655284512e+02
-6.808766732357454998e+00 -1.495070610485959435e+02
-6.780218444171467240e+00 -1.494288283420296182e+02
-6.751670155985465271e+00 -1.493713787981491521e+02
-6.723121867799491724e+00 -1.493438781489728910e+02
-6.694573579613503966e+00 -1.493502634545166359e+02
-6.666025291427516208e+00 -1.493055171445111000e+02
-6.637477003241542661e+00 -1.492982091563575580e+02
-6.608928715055554903e+00 -1.493124522018428308e+02
-6.580380426869567145e+00 -1.493316068980708451e+02
-6.551832138683579387e+00 -1.493390585708470439e+02
-6.523283850497591629e+00 -1.493209234791490871e+02
-6.494735562311603871e+00 -1.492692327364311495e+02
-6.466187274125630324e+00 -1.491837418502965988e+02
-6.437638985939642566e+00 -1.490717311862491670e+02
-6.409090697753654808e+00 -1.489458710375412522e+02
-6.380542409567667050e+00 -1.488210313336600734e+02
-6.351994121381679292e+00 -1.487111243243691661e+02
-6.323445833195691534e+00 -1.486266807693946532e+02
-6.294897545009717987e+00 -1.485733542039948816e+02
-6.266349256823730229e+00 -1.485512279877802655e+02
-6.237800968637742471e+00 -1.485230661927697042e+02
-6.209252680451754713e+00 -1.484463437479293475e+02
-6.180704392265766955e+00 -1.484022218110216045e+02
-6.152156104079779197e+00 -1.483568653717612165e+02
-6.123607815893805650e+00 -1.482963136159520445e+02
-6.095059527707817892e+00 -1.482104103859692827e+02
-6.066511239521830134e+00 -1.480956614496178929e+02
-6.037962951335856587e+00 -1.479556115457996555e+02
-6.009414663149854618e+00 -1.477994738509750903e+02
-5.980866374963866861e+00 -1.476395569855588406e+02
-5.952318086777893313e+00 -1.474883925019789785e+02
-5.923769798591905555e+00 -1.473563164006854436e+02
-5.895221510405917797e+00 -1.472498402362986951e+02
-5.866673222219944250e+00 -1.471708128708932577e+02
-5.838124934033956492e+00 -1.471162495203637093e+02
-5.809576645847954524e+00 -1.470787552772630988e+02
-5.781028357661980976e+00 -1.469703157818679244e+02
-5.752480069475993218e+00 -1.468735146313860298e+02
-5.723931781290005461e+00 -1.467751700497860270e+02
-5.695383493104031913e+00 -1.466629516632669379e+02
-5.666835204918044155e+00 -1.465317883353538946e+02
-5.638286916732056397e+00 -1.463813398656357947e+02
-5.609738628546068639e+00 -1.462164390915447427e+02
-5.581190340360080882e+00 -1.460454491722414900e+02
-5.552642052174093124e+00 -1.458780803934277515e+02
-5.524093763988119576e+00 -1.457232782418184627e+02
-5.495545475802131818e+00 -1.455875949236389886e+02
-5.466997187616144060e+00 -1.454741841217518470e+02
-5.438448899430170513e+00 -1.453824032896081917e+02
-5.409900611244168545e+00 -1.453079535902525947e+02
-5.381352323058180787e+00 -1.452435292927973478e+02
-5.352804034872207239e+00 -1.451611210846497784e+02
-5.324255746686219481e+00 -1.450257216858926483e+02
-5.295707458500231724e+00 -1.449014686953077842e+02
-5.267159170314258176e+00 -1.447675108866634162e+02
-5.238610882128270418e+00 -1.446211542489413375e+02
-5.210062593942268450e+00 -1.444637512803589630e+02
-5.181514305756294902e+00 -1.442998311792972004e+02
-5.152966017570307145e+00 -1.441360015341196856e+02
-5.124417729384319387e+00 -1.439793014083885225e+02
-5.095869441198345839e+00 -1.438357176969954025e+02
-5.067321153012358081e+00 -1.437090946636032527e+02
-5.038772864826370323e+00 -1.436005167422678710e+02
-5.010224576640382566e+00 -1.435081580077606134e+02
-4.981676288454394808e+00 -1.434275684788740932e+02
-4.953128000268407050e+00 -1.433523691279943080e+02
-4.924579712082433502e+00 -1.432753057693286962e+02
-4.896031423896445745e+00 -1.431483349009818937e+02
-4.867483135710457987e+00 -1.430179367035853772e+02
-4.838934847524484439e+00 -1.428830340738258826e+02
-4.810386559338482471e+00 -1.427398811203882474e+02
-4.781838271152494713e+00 -1.425910298131257434e+02
-4.753289982966521166e+00 -1.424403170813530153e+02
-4.724741694780533408e+00 -1.422928084920680476e+02
-4.696193406594545650e+00 -1.421535623017063870e+02
-4.667645118408572102e+00 -1.420265620947471348e+02
-4.639096830222584344e+00 -1.419139636781960405e+02
-4.610548542036582376e+00 -1.418157121070793210e+02
-4.582000253850608829e+00 -1.417295317730504962e+02
-4.553451965664621071e+00 -1.416512702551428333e+02
-4.524903677478633313e+00 -1.415755597629046179e+02
-4.496355389292659765e+00 -1.414967242396409688e+02
-4.467807101106672008e+00 -1.414013732385587332e+02
-4.439258812920684250e+00 -1.412704003117470961e+02
-4.410710524734696492e+00 -1.411430662348919327e+02
-4.382162236548708734e+00 -1.410113767428211133e+02
-4.353613948362720976e+00 -1.408767652340454219e+02
-4.325065660176747429e+00 -1.407428573999278285e+02
-4.296517371990759671e+00 -1.406135866726486654e+02
-4.267969083804771913e+00 -1.404926624084118885e+02
-4.239420795618784155e+00 -1.403827720941431494e+02
-4.210872507432796397e+00 -1.402850424319254614e+02
-4.182324219246808639e+00 -1.401988040980502319e+02
-4.153775931060835092e+00 -1.401216633878945856e+02
-4.125227642874847334e+00 -1.400498626068187491e+02
-4.096679354688859576e+00 -1.399788860233483376e+02
-4.068131066502871818e+00 -1.399042309713581744e+02
-4.039582778316884060e+00 -1.398222166166961529e+02
-4.011034490130910513e+00 -1.397104311967511592e+02
-3.982486201944922755e+00 -1.395937599904177375e+02
-3.953937913758934997e+00 -1.394757521567988192e+02
-3.925389625572947239e+00 -1.393565159561087512e+02
-3.896841337386973692e+00 -1.392393992973318859e+02
-3.868293049200971723e+00 -1.391275349781563193e+02
-3.839744761014998176e+00 -1.390237190654547135e+02
-3.811196472829010418e+00 -1.389297911655803546e+02
-3.782648184643022660e+00 -1.388462380191677426e+02
-3.754099896457034902e+00 -1.387720541737699591e+02
-3.725551608271061355e+00 -1.387048625004917710e+02
-3.697003320085073597e+00 -1.386412736402608914e+02
-3.668455031899085839e+00 -1.385774369230618390e+02
-3.639906743713098081e+00 -1.385097011941846290e+02
-3.611358455527110323e+00 -1.384352687570256251e+02
-3.582810167341136776e+00 -1.383490382677747164e+02
-3.554261879155149018e+00 -1.382415052171755576e+02
-3.525713590969161260e+00 -1.381368056256676482e+02
-3.497165302783173502e+00 -1.380326164335051828e+02
-3.468617014597185744e+00 -1.379311111186405867e+02
-3.440068726411197986e+00 -1.378350895925083250e+02
-3.411520438225224439e+00 -1.377467170104737022e+02
-3.382972150039236681e+00 -1.376672625881773229e+02
-3.354423861853248923e+00 -1.375968007013347574e+02
-3.325875573667261165e+00 -1.375341367490566142e+02
-3.297327285481287618e+00 -1.374769578856959811e+02
-3.268778997295285649e+00 -1.374221849135704474e+02
-3.240230709109312102e+00 -1.373664756378715026e+02
-3.211682420923324344e+00 -1.373067999374448505e+02
-3.183134132737336586e+00 -1.372409808189242426e+02
-3.154585844551363039e+00 -1.371680882570812514e+02
-3.126037556365375281e+00 -1.370784138309448110e+02
-3.097489268179387523e+00 -1.369861710138460751e+02
-3.068940979993399765e+00 -1.368956957060623836e+02
-3.040392691807412007e+00 -1.368084361132124229e+02
-3.011844403621424249e+00 -1.367266937257022050e+02
-2.983296115435450702e+00 -1.366522096415156113e+02
-2.954747827249462944e+00 -1.365858564788588012e+02
-2.926199539063475186e+00 -1.365274319711519126e+02
-2.897651250877487428e+00 -1.364756307611663146e+02
-2.869102962691499670e+00 -1.364282146912123608e+02
-2.840554674505511912e+00 -1.363823555753188259e+02
-2.812006386319538365e+00 -1.363350996309802952e+02
-2.783458098133550607e+00 -1.362838766363073830e+02
-2.754909809947562849e+00 -1.362269577891531753e+02
-2.726361521761589302e+00 -1.361637660689278277e+02
-2.697813233575601544e+00 -1.360934303951785864e+02
-2.669264945389599575e+00 -1.360116468928848406e+02
-2.640716657203626028e+00 -1.359337341483166313e+02
-2.612168369017638270e+00 -1.358594617258689823e+02
-2.583620080831650512e+00 -1.357906691069655949e+02
-2.555071792645676965e+00 -1.357287920561337558e+02
-2.526523504459689207e+00 -1.356744179514432744e+02
-2.497975216273701449e+00 -1.356271503991641509e+02
-2.469426928087713691e+00 -1.355856147028418661e+02
-2.440878639901725933e+00 -1.355476417213830018e+02
-2.412330351715738175e+00 -1.355106022263673253e+02
-2.383782063529764628e+00 -1.354718403939294831e+02
-2.355233775343776870e+00 -1.354291324092220350e+02
-2.326685487157789112e+00 -1.353810821786767633e+02
-2.298137198971801354e+00 -1.353273705463381020e+02
-2.269588910785813596e+00 -1.352688022146534195e+02
-2.241040622599825838e+00 -1.352019972286433926e+02
-2.212492334413852291e+00 -1.351354723889290028e+02
-2.183944046227864533e+00 -1.350730831974840100e+02
-2.155395758041876775e+00 -1.350161662589960372e+02
-2.126847469855889017e+00 -1.349658778842334073e+02
-2.098299181669901259e+00 -1.349225931492201198e+02
-2.069750893483913501e+00 -1.348857724334185093e+02
-2.041202605297939954e+00 -1.348539926392355710e+02
-2.012654317111952196e+00 -1.348251414618785020e+02
-1.984106028925964438e+00 -1.347967451220163753e+02
-1.955557740739990891e+00 -1.347663778990307151e+02
-1.927009452553988922e+00 -1.347320819377486316e+02
-1.898461164368001164e+00 -1.346927157180143979e+02
-1.869912876182027617e+00 -1.346481573696373459e+02
-1.841364587996039859e+00 -1.345993175481538344e+02
-1.812816299810052101e+00 -1.345474082684407620e+02
-1.784268011624078554e+00 -1.344909132719899389e+02
-1.755719723438090796e+00 -1.344395707495699526e+02
-1.727171435252088827e+00 -1.343936945444864079e+02
-1.698623147066115280e+00 -1.343541976616432407e+02
-1.670074858880127522e+00 -1.343213127481435265e+02
-1.641526570694139764e+00 -1.342943889965141580e+02
-1.612978282508166217e+00 -1.342719647414648136e+02
-1.584429994322178459e+00 -1.342519706615225914e+02
-1.555881706136190701e+00 -1.342320531108738351e+02
-1.527333417950202943e+00 -1.342099655696269735e+02
-1.498785129764215185e+00 -1.341839586585506936e+02
-1.470236841578227427e+00 -1.341530920944333900e+02
-1.441688553392253880e+00 -1.341174023018612615e+02
-1.413140265206266122e+00 -1.340778885096807755e+02
-1.384591977020278364e+00 -1.340363210394301632e+02
-1.356043688834304817e+00 -1.339924254168510060e+02
-1.327495400648302848e+00 -1.339513300867272676e+02
-1.298947112462315090e+00 -1.339159357524839038e+02
-1.270398824276341543e+00 -1.338867788196453716e+02
-1.241850536090353785e+00 -1.338638648011160228e+02
-1.213302247904366027e+00 -1.338465146936906649e+02
-1.184753959718392480e+00 -1.338332273375187924e+02
-1.156205671532404722e+00 -1.338219573605146593e+02
-1.127657383346402753e+00 -1.338104365071914117e+02
-1.099109095160429206e+00 -1.337965520759457263e+02
-1.070560806974441448e+00 -1.337787142429328071e+02
-1.042012518788453690e+00 -1.337561394076091972e+02
-1.013464230602480143e+00 -1.337289890684442071e+02
-9.849159424164923848e-01 -1.336983333839698673e+02
-9.563676542305046269e-01 -1.336659479150702623e+02
-9.278193660445168689e-01 -1.336338787203206664e+02
-8.992710778585291109e-01 -1.336019980612896632e+02
-8.707227896725413530e-01 -1.335761524757696748e+02
-8.421745014865678058e-01 -1.335565986624149275e+02
-8.136262133005800479e-01 -1.335419753509063696e+02
-7.850779251145922899e-01 -1.335317790921511119e+02
-7.565296369286187428e-01 -1.335240500310195557e+02
-7.279813487426167740e-01 -1.335161756201354706e+02
-6.994330605566290160e-01 -1.335051799649184829e+02
-6.708847723706554689e-01 -1.334880675455166283e+02
-6.423364841846677109e-01 -1.334621595203274182e+02
-6.137881959986799529e-01 -1.334253575247815888e+02
-5.852399078127064058e-01 -1.333762827393124724e+02
-5.566916196267186479e-01 -1.333142673695060694e+02
-5.281433314407166790e-01 -1.332392144516658448e+02
-4.995950432547431319e-01 -1.331513779552007293e+02
-4.710467550687553739e-01 -1.330501392695990717e+02
-4.424984668827676160e-01 -1.329369686244959610e+02
-4.139501786967940689e-01 -1.328127297113984753e+02
-3.854018905108063109e-01 -1.326769236428591228e+02
-3.568536023248043421e-01 -1.325294232893204764e+02
-3.283053141388307949e-01 -1.323712688153689214e+02
-2.997570259528430370e-01 -1.322039632639686033e+02
-2.712087377668552790e-01 -1.320299713359070495e+02
-2.426604495808817319e-01 -1.318527629144248863e+02
-2.141121613948939739e-01 -1.316767035973460338e+02
-1.855638732088920051e-01 -1.315068109014717663e+02
-1.570155850229184580e-01 -1.313484232688329030e+02
-1.284672968369307000e-01 -1.312068394980827577e+02
-9.991900865094294204e-02 -1.310869794917034312e+02
-7.137072046496939492e-02 -1.309931001019851067e+02
-4.282243227898163695e-02 -1.309285809033305839e+02
-1.427414409299387898e-02 -1.308951611109550868e+02
1.427414409299387898e-02 -1.308951611109551152e+02
4.282243227898163695e-02 -1.309285809033304986e+02
7.137072046496939492e-02 -1.309931001019848225e+02
9.991900865094294204e-02 -1.310869794917043691e+02
1.284672968369307000e-01 -1.312068394980824451e+02
1.570155850229184580e-01 -1.313484232688331872e+02
1.855638732088920051e-01 -1.315068109014711411e+02
2.141121613948939739e-01 -1.316767035973460338e+02
2.426604495808817319e-01 -1.318527629144244315e+02
2.712087377668552790e-01 -1.320299713359066232e+02
2.997570259528430370e-01 -1.322039632639686886e+02
3.283053141388307949e-01 -1.323712688153692625e+02
3.568536023248043421e-01 -1.325294232893207607e+02
3.854018905107921000e-01 -1.326769236428590375e+02
4.139501786967940689e-01 -1.328127297113982479e+02
4.424984668827676160e-01 -1.329369686244955346e+02
4.710467550687553739e-01 -1.330501392695986738e+02
4.995950432547431319e-01 -1.331513779552001040e+02
5.281433314407166790e-01 -1.332392144516661858e+02
5.566916196267044370e-01 -1.333142673695055578e+02
5.852399078126921950e-01 -1.333762827393137798e+02
6.137881959986799529e-01 -1.334253575247805372e+02
6.423364841846677109e-01 -1.334621595203258266e+02
6.708847723706554689e-01 -1.334880675455154346e+02
6.994330605566290160e-01 -1.335051799649193924e+02
7.279813487426167740e-01 -1.335161756201352432e+02
7.565296369286045319e-01 -1.335240500310181062e+02
7.850779251145780790e-01 -1.335317790921495202e+02
8.136262133005800479e-01 -1.335419753509063696e+02
8.421745014865678058e-01 -1.335565986624132222e+02
8.707227896725413530e-01 -1.335761524757695895e+02
8.992710778585291109e-01 -1.336019980612893505e+02
9.278193660445168689e-01 -1.336338787203208085e+02
9.563676542304904160e-01 -1.336659479150688128e+02
9.849159424164781740e-01 -1.336983333839692705e+02
1.013464230602480143e+00 -1.337289890684454861e+02
1.042012518788453690e+00 -1.337561394076092256e+02
1.070560806974441448e+00 -1.337787142429334040e+02
1.099109095160429206e+00 -1.337965520759468632e+02
1.127657383346402753e+00 -1.338104365071910991e+02
1.156205671532390511e+00 -1.338219573605153982e+02
1.184753959718378269e+00 -1.338332273375182524e+02
1.213302247904366027e+00 -1.338465146936911196e+02
1.241850536090353785e+00 -1.338638648011160512e+02
1.270398824276341543e+00 -1.338867788196453716e+02
1.298947112462315090e+00 -1.339159357524839038e+02
1.327495400648302848e+00 -1.339513300867268413e+02
1.356043688834304817e+00 -1.339924254168512334e+02
1.384591977020264153e+00 -1.340363210394294242e+02
1.413140265206266122e+00 -1.340778885096810313e+02
1.441688553392253880e+00 -1.341174023018606078e+02
1.470236841578227427e+00 -1.341530920944333332e+02
1.498785129764215185e+00 -1.341839586585506368e+02
1.527333417950202943e+00 -1.342099655696274283e+02
1.555881706136190701e+00 -1.342320531108744319e+02
1.584429994322164248e+00 -1.342519706615233872e+02
1.612978282508166217e+00 -1.342719647414642452e+02
1.641526570694139764e+00 -1.342943889965144422e+02
1.670074858880127522e+00 -1.343213127481429865e+02
1.698623147066115280e+00 -1.343541976616431555e+02
1.727171435252088827e+00 -1.343936945444866353e+02
1.755719723438090796e+00 -1.344395707495701799e+02
1.784268011624064343e+00 -1.344909132719890579e+02
1.812816299810052101e+00 -1.345474082684404209e+02
1.841364587996039859e+00 -1.345993175481535502e+02
1.869912876182027617e+00 -1.346481573696383407e+02
1.898461164368001164e+00 -1.346927157180143126e+02
1.927009452553988922e+00 -1.347320819377483474e+02
1.955557740739976680e+00 -1.347663778990305445e+02
1.984106028925964438e+00 -1.347967451220150679e+02
2.012654317111952196e+00 -1.348251414618791841e+02
2.041202605297939954e+00 -1.348539926392342636e+02
2.069750893483913501e+00 -1.348857724334185377e+02
2.098299181669901259e+00 -1.349225931492203188e+02
2.126847469855889017e+00 -1.349658778842336631e+02
2.155395758041876775e+00 -1.350161662589966340e+02
2.183944046227864533e+00 -1.350730831974830721e+02
2.212492334413852291e+00 -1.351354723889301113e+02
2.241040622599825838e+00 -1.352019972286438474e+02
2.269588910785813596e+00 -1.352688022146539595e+02
2.298137198971801354e+00 -1.353273705463372210e+02
2.326685487157774901e+00 -1.353810821786757117e+02
2.355233775343776870e+00 -1.354291324092214950e+02
2.383782063529750417e+00 -1.354718403939277778e+02
2.412330351715738175e+00 -1.355106022263670127e+02
2.440878639901725933e+00 -1.355476417213837692e+02
2.469426928087713691e+00 -1.355856147028419230e+02
2.497975216273687238e+00 -1.356271503991623888e+02
2.526523504459674996e+00 -1.356744179514431323e+02
2.555071792645662754e+00 -1.357287920561333863e+02
2.583620080831650512e+00 -1.357906691069659644e+02
2.612168369017638270e+00 -1.358594617258686412e+02
2.640716657203626028e+00 -1.359337341483171429e+02
2.669264945389599575e+00 -1.360116468928845279e+02
2.697813233575587333e+00 -1.360934303951789559e+02
2.726361521761575091e+00 -1.361637660689277425e+02
2.754909809947562849e+00 -1.362269577891545964e+02
2.783458098133550607e+00 -1.362838766363076957e+02
2.812006386319524154e+00 -1.363350996309814036e+02
2.840554674505511912e+00 -1.363823555753185417e+02
2.869102962691499670e+00 -1.364282146912124176e+02
2.897651250877487428e+00 -1.364756307611686168e+02
2.926199539063460975e+00 -1.365274319711514011e+02
2.954747827249462944e+00 -1.365858564788584602e+02
2.983296115435436491e+00 -1.366522096415150713e+02
3.011844403621424249e+00 -1.367266937257020345e+02
3.040392691807412007e+00 -1.368084361132118261e+02
3.068940979993399765e+00 -1.368956957060629236e+02
3.097489268179373312e+00 -1.369861710138459614e+02
3.126037556365361070e+00 -1.370784138309444700e+02
3.154585844551348828e+00 -1.371680882570809104e+02
3.183134132737336586e+00 -1.372409808189239584e+02
3.211682420923324344e+00 -1.373067999374445662e+02
3.240230709109297891e+00 -1.373664756378715595e+02
3.268778997295285649e+00 -1.374221849135718401e+02
3.297327285481287618e+00 -1.374769578856966064e+02
3.325875573667261165e+00 -1.375341367490569269e+02
3.354423861853248923e+00 -1.375968007013354679e+02
3.382972150039236681e+00 -1.376672625881781471e+02
3.411520438225210228e+00 -1.377467170104747254e+02
3.440068726411197986e+00 -1.378350895925084956e+02
3.468617014597185744e+00 -1.379311111186430310e+02
3.497165302783173502e+00 -1.380326164335053249e+02
3.525713590969147049e+00 -1.381368056256682735e+02
3.554261879155149018e+00 -1.382415052171772629e+02
3.582810167341122565e+00 -1.383490382677750858e+02
3.611358455527110323e+00 -1.384352687570258524e+02
3.639906743713098081e+00 -1.385097011941849701e+02
3.668455031899071628e+00 -1.385774369230607022e+02
3.697003320085073597e+00 -1.386412736402618577e+02
3.725551608271047144e+00 -1.387048625004921973e+02
3.754099896457034902e+00 -1.387720541737703002e+02
3.782648184643022660e+00 -1.388462380191674015e+02
3.811196472829010418e+00 -1.389297911655806672e+02
3.839744761014983965e+00 -1.390237190654546566e+02
3.868293049200971723e+00 -1.391275349781564330e+02
3.896841337386973692e+00 -1.392393992973318291e+02
3.925389625572947239e+00 -1.393565159561080975e+02
3.953937913758934997e+00 -1.394757521567987624e+02
3.982486201944922755e+00 -1.395937599904179365e+02
4.011034490130896302e+00 -1.397104311967510455e+02
4.039582778316884060e+00 -1.398222166166968918e+02
4.068131066502871818e+00 -1.399042309713597376e+02
4.096679354688859576e+00 -1.399788860233485366e+02
4.125227642874847334e+00 -1.400498626068192607e+02
4.153775931060835092e+00 -1.401216633878960351e+02
4.182324219246808639e+00 -1.401988040980511698e+02
4.210872507432796397e+00 -1.402850424319262856e+02
4.239420795618784155e+00 -1.403827720941422115e+02
4.267969083804757702e+00 -1.404926624084121158e+02
4.296517371990759671e+00 -1.406135866726491486e+02
4.325065660176747429e+00 -1.407428573999279990e+02
4.353613948362720976e+00 -1.408767652340462746e+02
4.382162236548708734e+00 -1.410113767428220513e+02
4.410710524734696492e+00 -1.411430662348924727e+02
4.439258812920670039e+00 -1.412704003117474372e+02
4.467807101106657797e+00 -1.414013732385591595e+02
4.496355389292659765e+00 -1.414967242396420772e+02
4.524903677478633313e+00 -1.415755597629053000e+02
4.553451965664621071e+00 -1.416512702551432312e+02
4.582000253850608829e+00 -1.417295317730508657e+02
4.610548542036582376e+00 -1.418157121070796620e+02
4.639096830222570134e+00 -1.419139636781981153e+02
4.667645118408557892e+00 -1.420265620947458558e+02
4.696193406594545650e+00 -1.421535623017063870e+02
4.724741694780533408e+00 -1.422928084920671381e+02
4.753289982966521166e+00 -1.424403170813524184e+02
4.781838271152494713e+00 -1.425910298131255445e+02
4.810386559338482471e+00 -1.427398811203874800e+02
4.838934847524470229e+00 -1.428830340738245468e+02
4.867483135710443776e+00 -1.430179367035839562e+02
4.896031423896445745e+00 -1.431483349009814106e+02
4.924579712082433502e+00 -1.432753057693290373e+02
4.953128000268407050e+00 -1.433523691279947627e+02
4.981676288454394808e+00 -1.434275684788751732e+02
5.010224576640382566e+00 -1.435081580077596755e+02
5.038772864826356113e+00 -1.436005167422678710e+02
5.067321153012343871e+00 -1.437090946636034232e+02
5.095869441198345839e+00 -1.438357176969965678e+02
5.124417729384319387e+00 -1.439793014083890057e+02
5.152966017570307145e+00 -1.441360015341217888e+02
5.181514305756294902e+00 -1.442998311792967741e+02
5.210062593942268450e+00 -1.444637512803592756e+02
5.238610882128270418e+00 -1.446211542489398028e+02
5.267159170314243966e+00 -1.447675108866635583e+02
5.295707458500231724e+00 -1.449014686953082958e+02
5.324255746686219481e+00 -1.450257216858926768e+02
5.352804034872207239e+00 -1.451611210846500057e+02
5.381352323058180787e+00 -1.452435292927970352e+02
5.409900611244168545e+00 -1.453079535902525663e+02
5.438448899430170513e+00 -1.453824032896069980e+02
5.466997187616129850e+00 -1.454741841217513922e+02
5.495545475802131818e+00 -1.455875949236380222e+02
5.524093763988119576e+00 -1.457232782418176100e+02
5.552642052174093124e+00 -1.458780803934272399e+02
5.581190340360080882e+00 -1.460454491722408079e+02
5.609738628546068639e+00 -1.462164390915450554e+02
5.638286916732056397e+00 -1.463813398656352263e+02
5.666835204918029945e+00 -1.465317883353526724e+02
5.695383493104031913e+00 -1.466629516632653747e+02
5.723931781290005461e+00 -1.467751700497851459e+02
5.752480069475993218e+00 -1.468735146313870246e+02
5.781028357661980976e+00 -1.469703157818665318e+02
5.809576645847954524e+00 -1.470787552772620188e+02
5.838124934033956492e+00 -1.471162495203638798e+02
5.866673222219930040e+00 -1.471708128708929735e+02
5.895221510405917797e+00 -1.472498402362988941e+02
5.923769798591905555e+00 -1.473563164006858131e+02
5.952318086777893313e+00 -1.474883925019792628e+02
5.980866374963866861e+00 -1.476395569855589258e+02
6.009414663149854618e+00 -1.477994738509747776e+02
6.037962951335856587e+00 -1.479556115457998260e+02
6.066511239521830134e+00 -1.480956614496169834e+02
6.095059527707817892e+00 -1.482104103859690838e+02
6.123607815893805650e+00 -1.482963136159517319e+02
6.152156104079779197e+00 -1.483568653717613870e+02
6.180704392265766955e+00 -1.484022218110210929e+02
6.209252680451754713e+00 -1.484463437479302854e+02
6.237800968637742471e+00 -1.485230661927693347e+02
6.266349256823730229e+00 -1.485512279877804929e+02
6.294897545009717987e+00 -1.485733542039953932e+02
6.323445833195691534e+00 -1.486266807693942553e+02
6.351994121381679292e+00 -1.487111243243687397e+02
6.380542409567667050e+00 -1.488210313336599029e+02
6.409090697753640598e+00 -1.489458710375400869e+02
6.437638985939642566e+00 -1.490717311862499628e+02
6.466187274125630324e+00 -1.491837418502964852e+02
6.494735562311603871e+00 -1.492692327364310643e+02
6.523283850497591629e+00 -1.493209234791490587e+02
6.551832138683579387e+00 -1.493390585708476408e+02
6.580380426869552934e+00 -1.493316068980702767e+02
6.608928715055540692e+00 -1.493124522018424614e+02
6.637477003241542661e+00 -1.492982091563574158e+02
6.666025291427516208e+00 -1.493055171445108726e+02
6.694573579613503966e+00 -1.493502634545161811e+02
6.723121867799491724e+00 -1.493438781489723226e+02
6.751670155985465271e+00 -1.493713787981484131e+02
6.780218444171453029e+00 -1.494288283420292771e+02
6.808766732357440787e+00 -1.495070610485945508e+02
6.837315020543428545e+00 -1.495929484655282238e+02
6.865863308729416303e+00 -1.496715057292369977e+02
6.894411596915404061e+00 -1.497287830082522078e+02
6.922959885101377608e+00 -1.497550366754632023e+02
6.951508173287365366e+00 -1.497472309866332694e+02
6.980056461473353124e+00 -1.497099004529686113e+02
7.008604749659326671e+00 -1.496540056001418577e+02
7.037153037845328640e+00 -1.495942862414651984e+02
7.065701326031316398e+00 -1.495461206118332882e+02
7.094249614217289945e+00 -1.495227786189767585e+02
7.122797902403277703e+00 -1.495425286624336536e+02
7.151346190589265461e+00 -1.495532034685444387e+02
7.179894478775253219e+00 -1.495706076141370033e+02
7.208442766961226766e+00 -1.496125911293557351e+02
7.236991055147228735e+00 -1.496683740845523971e+02
7.265539343333202282e+00 -1.497247098598712398e+02
7.294087631519190040e+00 -1.497682165495262154e+02
7.322635919705177798e+00 -1.497881178853678250e+02
7.351184207891151345e+00 -1.497787332984435409e+02
7.379732496077153314e+00 -1.497408656091593002e+02
7.408280784263126861e+00 -1.496815462694253256e+02
7.436829072449114619e+00 -1.496122470624005985e+02
7.465377360635102377e+00 -1.495462572377755635e+02
7.493925648821090135e+00 -1.494960585294624593e+02
7.522473937007063682e+00 -1.494712528860826524e+02
7.551022225193051440e+00 -1.494768515672190574e+02
7.579570513379053409e+00 -1.495164157644266822e+02
7.608118801565012745e+00 -1.495406558695649153e+02
7.636667089751014714e+00 -1.495828795254333272e+02
7.665215377937002472e+00 -1.496322400532984034e+02
7.693763666122976019e+00 -1.496767676343207540e+02
7.722311954308963777e+00 -1.497056093777393926e+02
7.750860242494951535e+00 -1.497113292548746983e+02
7.779408530680939293e+00 -1.496916012807093352e+02
7.807956818866912840e+00 -1.496497222566134724e+02
7.836505107052914809e+00 -1.495937327980003317e+02
7.865053395238888356e+00 -1.495345033472200953e+02
7.893601683424876114e+00 -1.494834158170458238e+02
7.922149971610863872e+00 -1.494502722047508030e+02
7.950698259796837419e+00 -1.494417477403756607e+02
7.979246547982839388e+00 -1.494600783583318844e+02
8.007794836168827146e+00 -1.495058638015766519e+02
8.036343124354800693e+00 -1.495570613517978416e+02
8.064891412540788451e+00 -1.496099286285287349e+02
8.093439700726776209e+00 -1.496644451755567502e+02
8.121987988912749756e+00 -1.497101260592358756e+02
8.150536277098737514e+00 -1.497384485440431376e+02
8.179084565284739483e+00 -1.497446984660725491e+02
8.207632853470713030e+00 -1.497290379496296282e+02
8.236181141656700788e+00 -1.496964122519766534e+02
8.264729429842688546e+00 -1.496553420775641996e+02
8.293277718028662093e+00 -1.496160142222514366e+02
8.321826006214649851e+00 -1.495882615216126226e+02
8.350374294400637609e+00 -1.495798462251017895e+02
8.378922582586625367e+00 -1.495952724468945689e+02
8.407470870772613125e+00 -1.496351498951709402e+02
8.436019158958600883e+00 -1.496944307846810602e+02
8.464567447144574430e+00 -1.497687908797651062e+02
8.493115735330562188e+00 -1.498373270300841398e+02
8.521664023516549946e+00 -1.499028935020244546e+02
8.550212311702523493e+00 -1.499562389572971881e+02
8.578760599888525462e+00 -1.499907478987208833e+02
8.607308888074513220e+00 -1.500039112973010162e+02
8.635857176260486767e+00 -1.499978998781772077e+02
8.664405464446474525e+00 -1.499790200789741164e+02
8.692953752632462283e+00 -1.499562559743716577e+02
8.721502040818435830e+00 -1.499393784662465237e+02
8.750050329004423588e+00 -1.499371044072848065e+02
8.778598617190411346e+00 -1.499556566803785245e+02
8.807146905376399104e+00 -1.499978150072865617e+02
8.835695193562386862e+00 -1.500625203206001288e+02
8.864243481748374620e+00 -1.501449568936085939e+02
8.892791769934348167e+00 -1.502337875181501659e+02
8.921340058120335925e+00 -1.503218256011630842e+02
8.949888346306323683e+00 -1.504001921873718857e+02
8.978436634492311441e+00 -1.504628920636439489e+02
9.006984922678299199e+00 -1.505049414277750941e+02
9.035533210864286957e+00 -1.505258375793571020e+02
9.064081499050260504e+00 -1.505296749589798821e+02
9.092629787236248262e+00 -1.505241824227783525e+02
9.121178075422236020e+00 -1.505190059952670083e+02
9.149726363608209567e+00 -1.505237846852710391e+02
9.178274651794211536e+00 -1.505464375529134600e+02
9.206822939980185083e+00 -1.505918610946986860e+02
9.235371228166172841e+00 -1.506612545819681941e+02
9.263919516352160599e+00 -1.507518781915325690e+02
9.292467804538148357e+00 -1.508573487532049455e+02
9.321016092724136115e+00 -1.509668855471587108e+02
9.349564380910109662e+00 -1.510683819800475192e+02
9.378112669096097420e+00 -1.511573779883123905e+02
9.406660957282085178e+00 -1.512266323649148489e+02
9.435209245468072936e+00 -1.512728223468979252e+02
9.463757533654060694e+00 -1.512975957759567507e+02
9.492305821840034241e+00 -1.513072141317876174e+02
9.520854110026036210e+00 -1.513111025912060086e+02
9.549402398212009757e+00 -1.513197923366824966e+02
9.577950686397997515e+00 -1.513429736744490128e+02
9.606498974583985273e+00 -1.513878028808855163e+02
9.635047262769958820e+00 -1.514578364894974243e+02
9.663595550955946578e+00 -1.515525060596879428e+02
9.692143839141934336e+00 -1.516669974608231257e+02
9.720692127327922094e+00 -1.517929892077467287e+02
9.749240415513895641e+00 -1.519197869725921635e+02
9.777788703699897610e+00 -1.520313417464063832e+02
9.806336991885871157e+00 -1.521223011053621690e+02
9.834885280071858915e+00 -1.521889490676935281e+02
9.863433568257846673e+00 -1.522295949989312476e+02
9.891981856443834431e+00 -1.522485613747359707e+02
9.920530144629822189e+00 -1.522547331665488173e+02
9.949078432815809947e+00 -1.522594727379090784e+02
9.977626721001783494e+00 -1.522742997135370899e+02
1.000617500918777125e+01 -1.523087539819026119e+02
1.003472329737375901e+01 -1.523689863814014984e+02
1.006327158555973256e+01 -1.524566918709675747e+02
1.009181987374572032e+01 -1.525689293474692363e+02
1.012036816193172228e+01 -1.526983363161433260e+02
1.014891645011769583e+01 -1.528340861652622493e+02
1.017746473830368359e+01 -1.529634993367946549e+02
1.020601302648967135e+01 -1.530751033326010884e+02
1.023456131467564489e+01 -1.531523959268363058e+02
1.026310960286163265e+01 -1.531980883390892814e+02
1.029165789104762041e+01 -1.532150284544730141e+02
1.032020617923360817e+01 -1.532113412134372652e+02
1.034875446741959593e+01 -1.531988173971767537e+02
1.037730275560558368e+01 -1.531904607293765821e+02
1.040585104379155723e+01 -1.531985474521571291e+02
1.043439933197754499e+01 -1.532311440593199734e+02
1.046294762016353275e+01 -1.532926398677542181e+02
1.049149590834950629e+01 -1.533820954258322899e+02
1.052004419653550826e+01 -1.534934935793664863e+02
1.054859248472149602e+01 -1.536164581012951373e+02
1.057714077290746957e+01 -1.537376844525190336e+02
1.060568906109345733e+01 -1.538434292112063702e+02
1.063423734927944508e+01 -1.539223739014105945e+02
1.066278563746541863e+01 -1.539682814049209583e+02
1.069133392565140639e+01 -1.539712715842229045e+02
1.071988221383740836e+01 -1.539426763566788168e+02
1.074843050202338191e+01 -1.538981588399657596e+02
1.077697879020936966e+01 -1.538513977883135624e+02
1.080552707839535742e+01 -1.538158011723895129e+02
1.083407536658133097e+01 -1.538022192570307141e+02
1.086262365476731873e+01 -1.538162211094542045e+02
1.089117194295330648e+01 -1.538588414721803588e+02
1.091972023113929424e+01 -1.539266150546672520e+02
1.094826851932528200e+01 -1.540099878764108894e+02
1.097681680751126976e+01 -1.540965406122683703e+02
1.100536509569724331e+01 -1.541722514432103992e+02
1.103391338388323106e+01 -1.542242656372569343e+02
1.106246167206921882e+01 -1.542446128170540192e+02
1.109100996025519237e+01 -1.542316567004340584e+02
1.111955824844119434e+01 -1.541903787936291792e+02
1.114810653662718209e+01 -1.541129316756642424e+02
1.117665482481315564e+01 -1.540260307683697647e+02
1.120520311299914340e+01 -1.539448320117930109e+02
1.123375140118513116e+01 -1.538812531021151244e+02
1.126229968937111892e+01 -1.538418160399676538e+02
1.129084797755709246e+01 -1.538294646783606083e+02
1.131939626574309443e+01 -1.538421844544721182e+02
1.134794455392906798e+01 -1.538731196106128323e+02
1.137649284211505574e+01 -1.539120747571362529e+02
1.140504113030104349e+01 -1.539470107030219310e+02
1.143358941848701704e+01 -1.539658094268938555e+02
1.146213770667301901e+01 -1.539596557175730425e+02
1.149068599485899256e+01 -1.539245511523541268e+02
1.151923428304498032e+01 -1.538623378904609922e+02
1.154778257123096807e+01 -1.537812087807497505e+02
1.157633085941695583e+01 -1.536889676879289368e+02
1.160487914760292938e+01 -1.535814507745419064e+02
1.163342743578891714e+01 -1.534861805092617146e+02
1.166197572397491911e+01 -1.534102396757030533e+02
1.169052401216087844e+01 -1.533574520254421714e+02
1.171907230034688041e+01 -1.533279618688698349e+02
1.174762058853286817e+01 -1.533173088518869918e+02
1.177616887671884172e+01 -1.533185141039810446e+02
1.180471716490482947e+01 -1.533223248551446432e+02
1.183326545309081723e+01 -1.533171203281515318e+02
1.186181374127680499e+01 -1.532975168499449978e+02
1.189036202946279275e+01 -1.532570354693112620e+02
1.191891031764878051e+01 -1.531948489064726289e+02
1.194745860583475405e+01 -1.531119614248706284e+02
1.197600689402074181e+01 -1.530210816645752061e+02
1.200455518220672957e+01 -1.529275404561531104e+02
1.203310347039270312e+01 -1.528330675509188268e+02
1.206165175857870508e+01 -1.527436694681425138e+02
1.209020004676469284e+01 -1.526733261662005248e+02
1.211874833495066639e+01 -1.526239266180762684e+02
1.214729662313665415e+01 -1.525915936145414946e+02
1.217584491132264191e+01 -1.525735593922134967e+02
1.220439319950861545e+01 -1.525627968688121996e+02
1.223294148769460321e+01 -1.525515411441309084e+02
1.226148977588060518e+01 -1.525255477673762528e+02
1.229003806406657873e+01 -1.524909646139145991e+02
1.231858635225256648e+01 -1.524463243678633546e+02
1.234713464043855424e+01 -1.523801162167225414e+02
1.237568292862452779e+01 -1.523000809847196138e+02
1.240423121681051555e+01 -1.522156651624344477e+02
1.243277950499650331e+01 -1.521313514768423829e+02
1.246132779318249106e+01 -1.520667143607407752e+02
1.248987608136847882e+01 -1.519932654869629687e+02
1.251842436955446658e+01 -1.519365104603627401e+02
1.254697265774044013e+01 -1.519023911023493838e+02
1.257552094592642788e+01 -1.518743889074537208e+02
1.260406923411241564e+01 -1.518616086356704216e+02
1.263261752229838919e+01 -1.518514479069167749e+02
1.266116581048439116e+01 -1.518373415753997335e+02
1.268971409867037892e+01 -1.518146381100664541e+02
1.271826238685635246e+01 -1.517871691653197672e+02
1.274681067504234022e+01 -1.517411709456769415e+02
1.277535896322832798e+01 -1.516828053843345572e+02
1.280390725141430153e+01 -1.516173204476347678e+02
1.283245553960028928e+01 -1.515565242227750105e+02
1.286100382778629125e+01 -1.514916571113385544e+02
1.288955211597226480e+01 -1.514406850331068313e+02
1.291810040415825256e+01 -1.513940766984014772e+02
1.294664869234424032e+01 -1.513621897769417330e+02
1.297519698053021386e+01 -1.513377621592877063e+02
1.300374526871620162e+01 -1.513285027998822443e+02
1.303229355690218938e+01 -1.513235866864422121e+02
1.306084184508817714e+01 -1.513204681970599950e+02
1.308939013327416490e+01 -1.513185201950007581e+02
1.311793842146015265e+01 -1.513041134516050192e+02
1.314648670964612620e+01 -1.512795753187045023e+02
1.317503499783211396e+01 -1.512450602060035294e+02
1.320358328601811593e+01 -1.512055862276284586e+02
1.323213157420407526e+01 -1.511578975352721557e+02
1.326067986239007723e+01 -1.511153350042065426e+02
1.328922815057606499e+01 -1.510720259002978878e+02
1.331777643876203854e+01 -1.510393266368358809e+02
1.334632472694802630e+01 -1.510165729034968081e+02
1.337487301513401405e+01 -1.510031778485305836e+02
1.340342130332000181e+01 -1.510009371842734538e+02
1.343196959150597536e+01 -1.510047838322416851e+02
1.346051787969197733e+01 -1.510163936614086424e+02
1.348906616787795087e+01 -1.510246207029271375e+02
1.351761445606393863e+01 -1.510293379826717910e+02
1.354616274424992639e+01 -1.510261757278690311e+02
1.357471103243589994e+01 -1.510193789137346414e+02
1.360325932062190191e+01 -1.509998180925203712e+02
1.363180760880787545e+01 -1.509783490212344077e+02
1.366035589699386321e+01 -1.509470041392101507e+02
1.368890418517985097e+01 -1.509237318078723717e+02
1.371745247336583873e+01 -1.509022958327355184e+02
1.374600076155181227e+01 -1.508897224542817810e+02
1.377454904973780003e+01 -1.508864874961357714e+02
1.380309733792380200e+01 -1.508931781903332308e+02
1.383164562610976134e+01 -1.509113113859625628e+02
1.386019391429576331e+01 -1.509318492968540397e+02
1.388874220248175106e+01 -1.509552923116975762e+02
1.391729049066772461e+01 -1.509778026950342280e+02
1.394583877885371237e+01 -1.509996192015914858e+02
1.397438706703970013e+01 -1.510068657601242990e+02
1.400293535522568789e+01 -1.510142584101659509e+02
1.403148364341167564e+01 -1.510114166816669297e+02
1.406003193159766340e+01 -1.510029945243189502e+02
1.408858021978363695e+01 -1.509967837668426114e+02
1.411712850796962471e+01 -1.509888809580231168e+02
1.414567679615561246e+01 -1.509893703036717625e+02
1.417422508434158601e+01 -1.509959340202816236e+02
1.420277337252758798e+01 -1.510137444993898441e+02
1.423132166071357574e+01 -1.510396742287017560e+02
1.425986994889954929e+01 -1.510733821110767678e+02
