-1.425986994889954929e+01 -1.510726980147481697e+02
-1.423132166071357574e+01 -1.510388079841453077e+02
-1.420277337252758798e+01 -1.510125461864787155e+02
-1.417422508434160022e+01 -1.509956538596295843e+02
-1.414567679615561246e+01 -1.509882728101885334e+02
-1.411712850796962471e+01 -1.509891097205144206e+02
-1.408858021978363695e+01 -1.509956018639179547e+02
-1.406003193159766340e+01 -1.510043341616889734e+02
-1.403148364341167564e+01 -1.510116152942990482e+02
-1.400293535522568789e+01 -1.510141655387157016e+02
-1.397438706703971434e+01 -1.510097418466465911e+02
-1.394583877885371237e+01 -1.509976011838064665e+02
-1.391729049066772461e+01 -1.509786548439255967e+02
-1.388874220248175106e+01 -1.509553129008575070e+02
-1.386019391429576331e+01 -1.509310116350121973e+02
-1.383164562610977555e+01 -1.509096097049610421e+02
-1.380309733792380200e+01 -1.508945185028050275e+02
-1.377454904973780003e+01 -1.508871234960526522e+02
-1.374600076155181227e+01 -1.508897443904631359e+02
-1.371745247336583873e+01 -1.509022743449270934e+02
-1.368890418517985097e+01 -1.509229567791305442e+02
-1.366035589699386321e+01 -1.509487421155333777e+02
-1.363180760880788966e+01 -1.509757770779584689e+02
-1.360325932062190191e+01 -1.510000825672626377e+02
-1.357471103243589994e+01 -1.510182995939818511e+02
-1.354616274424992639e+01 -1.510283644223680142e+02
-1.351761445606393863e+01 -1.510299456093139554e+02
-1.348906616787795087e+01 -1.510245405884507193e+02
-1.346051787969197733e+01 -1.510151991117274406e+02
-1.343196959150598957e+01 -1.510059503207966145e+02
-1.340342130332000181e+01 -1.510010532209072096e+02
-1.337487301513401405e+01 -1.510042536647514169e+02
-1.334632472694802630e+01 -1.510176536848419744e+02
-1.331777643876203854e+01 -1.510392406789074755e+02
-1.328922815057606499e+01 -1.510722056420191848e+02
-1.326067986239007723e+01 -1.511134631904798766e+02
-1.323213157420408947e+01 -1.511592140092493253e+02
-1.320358328601811593e+01 -1.512049124673320080e+02
-1.317503499783211396e+01 -1.512460822515003827e+02
-1.314648670964612620e+01 -1.512791849190066671e+02
-1.311793842146015265e+01 -1.513023595326822601e+02
-1.308939013327416490e+01 -1.513158417024328060e+02
-1.306084184508817714e+01 -1.513219632470362512e+02
-1.303229355690220359e+01 -1.513247099787593299e+02
-1.300374526871621583e+01 -1.513289678093131840e+02
-1.297519698053021386e+01 -1.513396277093444837e+02
-1.294664869234424032e+01 -1.513607398006580524e+02
-1.291810040415825256e+01 -1.513949059122637095e+02
-1.288955211597226480e+01 -1.514383348440422878e+02
-1.286100382778629125e+01 -1.514914547013181618e+02
-1.283245553960030350e+01 -1.515535731252861069e+02
-1.280390725141431574e+01 -1.516192662499136077e+02
-1.277535896322832798e+01 -1.516829271258184235e+02
-1.274681067504234022e+01 -1.517393305123791265e+02
-1.271826238685635246e+01 -1.517846877851357021e+02
-1.268971409867037892e+01 -1.518174774251763779e+02
-1.266116581048439116e+01 -1.518388252714645148e+02
-1.263261752229840340e+01 -1.518523244852528933e+02
-1.260406923411241564e+01 -1.518633353180379117e+02
-1.257552094592642788e+01 -1.518779577795585851e+02
-1.254697265774044013e+01 -1.519019242998556933e+02
-1.251842436955446658e+01 -1.519396153646645189e+02
-1.248987608136847882e+01 -1.519933519264382653e+02
-1.246132779318249106e+01 -1.520632416241016074e+02
-1.243277950499651752e+01 -1.521343970591546508e+02
-1.240423121681051555e+01 -1.522157932166883256e+02
-1.237568292862452779e+01 -1.522990274134181448e+02
-1.234713464043855424e+01 -1.523769288480656883e+02
-1.231858635225256648e+01 -1.524432582061542689e+02
-1.229003806406657873e+01 -1.524940314409294615e+02
-1.226148977588060518e+01 -1.525284474094596874e+02
-1.223294148769461742e+01 -1.525491365745278358e+02
-1.220439319950861545e+01 -1.525616467392549396e+02
-1.217584491132264191e+01 -1.525733108753689748e+02
-1.214729662313665415e+01 -1.525918290597545024e+02
-1.211874833495066639e+01 -1.526238816065409480e+02
-1.209020004676469284e+01 -1.526740084344638433e+02
-1.206165175857870508e+01 -1.527438833506011235e+02
-1.203310347039271733e+01 -1.528320821744717364e+02
-1.200455518220672957e+01 -1.529281049377814270e+02
-1.197600689402074181e+01 -1.530201601466035868e+02
-1.194745860583475405e+01 -1.531123795915966355e+02
-1.191891031764878051e+01 -1.531936865181947098e+02
-1.189036202946279275e+01 -1.532567692518746298e+02
-1.186181374127680499e+01 -1.532979041750917588e+02
-1.183326545309081723e+01 -1.533178954794189508e+02
-1.180471716490482947e+01 -1.533219289536178849e+02
-1.177616887671884172e+01 -1.533184288898488603e+02
-1.174762058853286817e+01 -1.533172711595348687e+02
-1.171907230034688041e+01 -1.533278704600521678e+02
-1.169052401216089265e+01 -1.533575342167134750e+02
-1.166197572397491911e+01 -1.534102967333037952e+02
-1.163342743578891714e+01 -1.534862725832186925e+02
-1.160487914760292938e+01 -1.535815409628355042e+02
-1.157633085941695583e+01 -1.536891127350223201e+02
-1.154778257123096807e+01 -1.537814010322178149e+02
-1.151923428304498032e+01 -1.538625554759804288e+02
-1.149068599485900677e+01 -1.539244465333084975e+02
-1.146213770667301901e+01 -1.539594868980779268e+02
-1.143358941848701704e+01 -1.539656090874290726e+02
-1.140504113030104349e+01 -1.539467671063001717e+02
-1.137649284211505574e+01 -1.539119257686870128e+02
-1.134794455392906798e+01 -1.538729278177962385e+02
-1.131939626574309443e+01 -1.538419643986835013e+02
-1.129084797755710667e+01 -1.538293068501508287e+02
-1.126229968937111892e+01 -1.538416551937965551e+02
-1.123375140118513116e+01 -1.538811619466218019e+02
-1.120520311299914340e+01 -1.539450797460178819e+02
-1.117665482481315564e+01 -1.540260209575502870e+02
-1.114810653662718209e+01 -1.541129191914708372e+02
-1.111955824844119434e+01 -1.541903837524841379e+02
-1.109100996025520658e+01 -1.542315894502929723e+02
-1.106246167206923303e+01 -1.542445755563940395e+02
-1.103391338388323106e+01 -1.542241578571480431e+02
-1.100536509569724331e+01 -1.541719947973232365e+02
-1.097681680751126976e+01 -1.540963539186029720e+02
-1.094826851932528200e+01 -1.540098643172542268e+02
-1.091972023113929424e+01 -1.539265220676786612e+02
-1.089117194295332069e+01 -1.538588771567326035e+02
-1.086262365476733294e+01 -1.538159452628008523e+02
-1.083407536658134518e+01 -1.538019603127953587e+02
-1.080552707839535742e+01 -1.538158726980762765e+02
-1.077697879020936966e+01 -1.538514748104755654e+02
-1.074843050202338191e+01 -1.538981994476974933e+02
-1.071988221383740836e+01 -1.539427046659284883e+02
-1.069133392565142060e+01 -1.539712900867670555e+02
-1.066278563746543284e+01 -1.539682893791620302e+02
-1.063423734927944508e+01 -1.539223935433804229e+02
-1.060568906109345733e+01 -1.538434397821617665e+02
-1.057714077290746957e+01 -1.537376850077448296e+02
-1.054859248472149602e+01 -1.536164156322159897e+02
-1.052004419653550826e+01 -1.534934274219998258e+02
-1.049149590834952050e+01 -1.533820031751366173e+02
-1.046294762016353275e+01 -1.532925334774203350e+02
-1.043439933197754499e+01 -1.532310261798428712e+02
-1.040585104379157144e+01 -1.531984235845137334e+02
-1.037730275560558368e+01 -1.531905820591212262e+02
-1.034875446741959593e+01 -1.531988617832806483e+02
-1.032020617923360817e+01 -1.532113894422053875e+02
-1.029165789104763462e+01 -1.532150551404031376e+02
-1.026310960286163265e+01 -1.531981006814801844e+02
-1.023456131467565910e+01 -1.531524019790362274e+02
-1.020601302648967135e+01 -1.530751129021646193e+02
-1.017746473830368359e+01 -1.529635937001414447e+02
-1.014891645011769583e+01 -1.528340532904992415e+02
-1.012036816193172228e+01 -1.526983006580673532e+02
-1.009181987374573453e+01 -1.525688959760263401e+02
-1.006327158555974677e+01 -1.524566665487211878e+02
-1.003472329737375901e+01 -1.523689700732625738e+02
-1.000617500918777125e+01 -1.523087528087470162e+02
-9.977626721001797705e+00 -1.522742810457993130e+02
-9.949078432815809947e+00 -1.522594581550257828e+02
-9.920530144629822189e+00 -1.522547209490844580e+02
-9.891981856443834431e+00 -1.522485583185660118e+02
-9.863433568257846673e+00 -1.522295995441449463e+02
-9.834885280071858915e+00 -1.521889701266290729e+02
-9.806336991885885368e+00 -1.521223306690512800e+02
-9.777788703699897610e+00 -1.520313772440059381e+02
-9.749240415513909852e+00 -1.519197298381238852e+02
-9.720692127327922094e+00 -1.517929382274566308e+02
-9.692143839141934336e+00 -1.516669521596771801e+02
-9.663595550955946578e+00 -1.515524673109615037e+02
-9.635047262769973031e+00 -1.514578288778822639e+02
-9.606498974583985273e+00 -1.513877940539064184e+02
-9.577950686397997515e+00 -1.513429622518052611e+02
-9.549402398212023968e+00 -1.513197806808589689e+02
-9.520854110026036210e+00 -1.513110886084956803e+02
-9.492305821840034241e+00 -1.513072091674012540e+02
-9.463757533654060694e+00 -1.512975874814083284e+02
-9.435209245468072936e+00 -1.512728103470054180e+02
-9.406660957282085178e+00 -1.512266211011016139e+02
-9.378112669096111631e+00 -1.511573634042624690e+02
-9.349564380910123873e+00 -1.510683657622207079e+02
-9.321016092724136115e+00 -1.509668995968020795e+02
-9.292467804538148357e+00 -1.508573578800482267e+02
-9.263919516352160599e+00 -1.507518811422337421e+02
-9.235371228166172841e+00 -1.506612552190383951e+02
-9.206822939980199294e+00 -1.505918573871690853e+02
-9.178274651794211536e+00 -1.505464328171423745e+02
-9.149726363608223778e+00 -1.505237875419769296e+02
-9.121178075422250231e+00 -1.505190056300606329e+02
-9.092629787236248262e+00 -1.505241812259533845e+02
-9.064081499050260504e+00 -1.505296758439515656e+02
-9.035533210864286957e+00 -1.505258379183340480e+02
-9.006984922678299199e+00 -1.505049407604846579e+02
-8.978436634492311441e+00 -1.504628912595671864e+02
-8.949888346306337894e+00 -1.504001923507761944e+02
-8.921340058120350136e+00 -1.503218246941469829e+02
-8.892791769934348167e+00 -1.502337876754462229e+02
-8.864243481748374620e+00 -1.501449559282195025e+02
-8.835695193562386862e+00 -1.500625210540884495e+02
-8.807146905376399104e+00 -1.499978143842585894e+02
-8.778598617190425557e+00 -1.499556552090695902e+02
-8.750050329004437799e+00 -1.499371052400181838e+02
-8.721502040818450041e+00 -1.499393782620333297e+02
-8.692953752632462283e+00 -1.499562555403057047e+02
-8.664405464446474525e+00 -1.499790199061803833e+02
-8.635857176260486767e+00 -1.499979005605704003e+02
-8.607308888074513220e+00 -1.500039115042075082e+02
-8.578760599888525462e+00 -1.499907473349462634e+02
-8.550212311702537704e+00 -1.499562387110061650e+02
-8.521664023516549946e+00 -1.499028931650312586e+02
-8.493115735330562188e+00 -1.498373271523598476e+02
-8.464567447144574430e+00 -1.497687912879134444e+02
-8.436019158958600883e+00 -1.496944307209053306e+02
-8.407470870772613125e+00 -1.496351498725933595e+02
-8.378922582586625367e+00 -1.495952718981207568e+02
-8.350374294400651820e+00 -1.495798457327376809e+02
-8.321826006214649851e+00 -1.495882618060669245e+02
-8.293277718028662093e+00 -1.496160145412154066e+02
-8.264729429842688546e+00 -1.496553418374535056e+02
-8.236181141656700788e+00 -1.496964127804536417e+02
-8.207632853470713030e+00 -1.497290380066643820e+02
-8.179084565284739483e+00 -1.497446984931618204e+02
-8.150536277098751725e+00 -1.497384483325034807e+02
-8.121987988912749756e+00 -1.497101260420355970e+02
-8.093439700726776209e+00 -1.496644451426739693e+02
-8.064891412540788451e+00 -1.496099283371855790e+02
-8.036343124354800693e+00 -1.495570614916235570e+02
-8.007794836168827146e+00 -1.495058636459575325e+02
-7.979246547982839388e+00 -1.494600785551616013e+02
-7.950698259796837419e+00 -1.494417479733591563e+02
-7.922149971610863872e+00 -1.494502723260645212e+02
-7.893601683424876114e+00 -1.494834157263914562e+02
-7.865053395238888356e+00 -1.495345035389442785e+02
-7.836505107052914809e+00 -1.495937331034678550e+02
-7.807956818866927051e+00 -1.496497220059558515e+02
-7.779408530680939293e+00 -1.496916011321383451e+02
-7.750860242494951535e+00 -1.497113293479220317e+02
-7.722311954308963777e+00 -1.497056097324147288e+02
-7.693763666122976019e+00 -1.496767676614688298e+02
-7.665215377937002472e+00 -1.496322402004742571e+02
-7.636667089751014714e+00 -1.495828793833397015e+02
-7.608118801565026956e+00 -1.495406561087777675e+02
-7.579570513379053409e+00 -1.495164158371102587e+02
-7.551022225193051440e+00 -1.494768512705359171e+02
-7.522473937007063682e+00 -1.494712528885290510e+02
-7.493925648821090135e+00 -1.494960586966112146e+02
-7.465377360635102377e+00 -1.495462571605215771e+02
-7.436829072449114619e+00 -1.496122469777416484e+02
-7.408280784263141072e+00 -1.496815463452959420e+02
-7.379732496077153314e+00 -1.497408657720804968e+02
-7.351184207891151345e+00 -1.497787333436801873e+02
-7.322635919705177798e+00 -1.497881178701943838e+02
-7.294087631519190040e+00 -1.497682164348313165e+02
-7.265539343333202282e+00 -1.497247099667546308e+02
-7.236991055147228735e+00 -1.496683740443240822e+02
-7.208442766961240977e+00 -1.496125909002108187e+02
-7.179894478775253219e+00 -1.495706076097925745e+02
-7.151346190589265461e+00 -1.495532036248444001e+02
-7.122797902403277703e+00 -1.495425285749837769e+02
-7.094249614217289945e+00 -1.495227786533773724e+02
-7.065701326031316398e+00 -1.495461207028189676e+02
-7.037153037845328640e+00 -1.495942861370762671e+02
-7.008604749659340882e+00 -1.496540054968354241e+02
-6.980056461473367335e+00 -1.497099003665925352e+02
-6.951508173287365366e+00 -1.497472309046283669e+02
-6.922959885101377608e+00 -1.497550366234098647e+02
-6.894411596915404061e+00 -1.497287830775483712e+02
-6.865863308729416303e+00 -1.496715057912793725e+02
-6.837315020543428545e+00 -1.495929484453403973e+02
-6.808766732357454998e+00 -1.495070610578914057e+02
-6.780218444171467240e+00 -1.494288283469957150e+02
-6.751670155985465271e+00 -1.493713787597861256e+02
-6.723121867799491724e+00 -1.493438781677571683e+02
-6.694573579613503966e+00 -1.493502634568600058e+02
-6.666025291427516208e+00 -1.493055170832745375e+02
-6.637477003241542661e+00 -1.492982092066883979e+02
-6.608928715055554903e+00 -1.493124522372792740e+02
-6.580380426869567145e+00 -1.493316069592727331e+02
-6.551832138683579387e+00 -1.493390586130290103e+02
-6.523283850497591629e+00 -1.493209235251480891e+02
-6.494735562311603871e+00 -1.492692326719796085e+02
-6.466187274125630324e+00 -1.491837418071493175e+02
-6.437638985939642566e+00 -1.490717312208138594e+02
-6.409090697753654808e+00 -1.489458710133396551e+02
-6.380542409567667050e+00 -1.488210313651645720e+02
-6.351994121381679292e+00 -1.487111243102816616e+02
-6.323445833195691534e+00 -1.486266807963694987e+02
-6.294897545009717987e+00 -1.485733542325361043e+02
-6.266349256823730229e+00 -1.485512280111934160e+02
-6.237800968637742471e+00 -1.485230662245453743e+02
-6.209252680451754713e+00 -1.484463437587450301e+02
-6.180704392265766955e+00 -1.484022218270528697e+02
-6.152156104079779197e+00 -1.483568653889609550e+02
-6.123607815893805650e+00 -1.482963135837954667e+02
-6.095059527707817892e+00 -1.482104103412241045e+02
-6.066511239521830134e+00 -1.480956614553332713e+02
-6.037962951335856587e+00 -1.479556115065335007e+02
-6.009414663149854618e+00 -1.477994738553537672e+02
-5.980866374963866861e+00 -1.476395569299009196e+02
-5.952318086777893313e+00 -1.474883924888813453e+02
-5.923769798591905555e+00 -1.473563164199677260e+02
-5.895221510405917797e+00 -1.472498402664233197e+02
-5.866673222219944250e+00 -1.471708129056090968e+02
-5.838124934033956492e+00 -1.471162495559064780e+02
-5.809576645847954524e+00 -1.470787552962017628e+02
-5.781028357661980976e+00 -1.469703157791510932e+02
-5.752480069475993218e+00 -1.468735146328969279e+02
-5.723931781290005461e+00 -1.467751700360163341e+02
-5.695383493104031913e+00 -1.466629516738951224e+02
-5.666835204918044155e+00 -1.465317883245556061e+02
-5.638286916732056397e+00 -1.463813398641879928e+02
-5.609738628546068639e+00 -1.462164390823286340e+02
-5.581190340360080882e+00 -1.460454491733133295e+02
-5.552642052174093124e+00 -1.458780803850707741e+02
-5.524093763988119576e+00 -1.457232782388772137e+02
-5.495545475802131818e+00 -1.455875949262369602e+02
-5.466997187616144060e+00 -1.454741841226891665e+02
-5.438448899430170513e+00 -1.453824032934818433e+02
-5.409900611244168545e+00 -1.453079535832580405e+02
-5.381352323058180787e+00 -1.452435292870718797e+02
-5.352804034872207239e+00 -1.451611210831335939e+02
-5.324255746686219481e+00 -1.450257216862972030e+02
-5.295707458500231724e+00 -1.449014687005999065e+02
-5.267159170314258176e+00 -1.447675108968016104e+02
-5.238610882128270418e+00 -1.446211542544925805e+02
-5.210062593942268450e+00 -1.444637512809397890e+02
-5.181514305756294902e+00 -1.442998311893708490e+02
-5.152966017570307145e+00 -1.441360015372918895e+02
-5.124417729384319387e+00 -1.439793014029308154e+02
-5.095869441198345839e+00 -1.438357176908424151e+02
-5.067321153012358081e+00 -1.437090946607040962e+02
-5.038772864826370323e+00 -1.436005167454432012e+02
-5.010224576640382566e+00 -1.435081580070206542e+02
-4.981676288454394808e+00 -1.434275684828619717e+02
-4.953128000268407050e+00 -1.433523691245811165e+02
-4.924579712082433502e+00 -1.432753057656272233e+02
-4.896031423896445745e+00 -1.431483349007285426e+02
-4.867483135710457987e+00 -1.430179367039854128e+02
-4.838934847524484439e+00 -1.428830340719697460e+02
-4.810386559338482471e+00 -1.427398811222562642e+02
-4.781838271152494713e+00 -1.425910298148797324e+02
-4.753289982966521166e+00 -1.424403170775601097e+02
-4.724741694780533408e+00 -1.422928084920032461e+02
-4.696193406594545650e+00 -1.421535622999654151e+02
-4.667645118408572102e+00 -1.420265620953292114e+02
-4.639096830222584344e+00 -1.419139636814973358e+02
-4.610548542036582376e+00 -1.418157121074927716e+02
-4.582000253850608829e+00 -1.417295317721124661e+02
-4.553451965664621071e+00 -1.416512702560816024e+02
-4.524903677478633313e+00 -1.415755597618938566e+02
-4.496355389292659765e+00 -1.414967242387189685e+02
-4.467807101106672008e+00 -1.414013732371778360e+02
-4.439258812920684250e+00 -1.412704003075817241e+02
-4.410710524734696492e+00 -1.411430662355084849e+02
-4.382162236548708734e+00 -1.410113767435356351e+02
-4.353613948362720976e+00 -1.408767652316803378e+02
-4.325065660176747429e+00 -1.407428573993519763e+02
-4.296517371990759671e+00 -1.406135866703756392e+02
-4.267969083804771913e+00 -1.404926624073406742e+02
-4.239420795618784155e+00 -1.403827720929752729e+02
-4.210872507432796397e+00 -1.402850424315536202e+02
-4.182324219246808639e+00 -1.401988040992609967e+02
-4.153775931060835092e+00 -1.401216633887693490e+02
-4.125227642874847334e+00 -1.400498626081389659e+02
-4.096679354688859576e+00 -1.399788860226331622e+02
-4.068131066502871818e+00 -1.399042309713763927e+02
-4.039582778316884060e+00 -1.398222166165257931e+02
-4.011034490130910513e+00 -1.397104311973271535e+02
-3.982486201944922755e+00 -1.395937599901210717e+02
-3.953937913758934997e+00 -1.394757521558017004e+02
-3.925389625572947239e+00 -1.393565159572098082e+02
-3.896841337386973692e+00 -1.392393992983111559e+02
-3.868293049200971723e+00 -1.391275349785892672e+02
-3.839744761014998176e+00 -1.390237190660806448e+02
-3.811196472829010418e+00 -1.389297911652974733e+02
-3.782648184643022660e+00 -1.388462380188647103e+02
-3.754099896457034902e+00 -1.387720541735765210e+02
-3.725551608271061355e+00 -1.387048625005469376e+02
-3.697003320085073597e+00 -1.386412736400310735e+02
-3.668455031899085839e+00 -1.385774369231820060e+02
-3.639906743713098081e+00 -1.385097011941043661e+02
-3.611358455527110323e+00 -1.384352687562884228e+02
-3.582810167341136776e+00 -1.383490382677899220e+02
-3.554261879155149018e+00 -1.382415052164435565e+02
-3.525713590969161260e+00 -1.381368056252893552e+02
-3.497165302783173502e+00 -1.380326164329226799e+02
-3.468617014597185744e+00 -1.379311111193999864e+02
-3.440068726411197986e+00 -1.378350895924274653e+02
-3.411520438225224439e+00 -1.377467170101690215e+02
-3.382972150039236681e+00 -1.376672625888498089e+02
-3.354423861853248923e+00 -1.375968007010835663e+02
-3.325875573667261165e+00 -1.375341367495709619e+02
-3.297327285481287618e+00 -1.374769578857725776e+02
-3.268778997295285649e+00 -1.374221849133287492e+02
-3.240230709109312102e+00 -1.373664756381224095e+02
-3.211682420923324344e+00 -1.373067999371661472e+02
-3.183134132737336586e+00 -1.372409808185302609e+02
-3.154585844551363039e+00 -1.371680882570709343e+02
-3.126037556365375281e+00 -1.370784138307824378e+02
-3.097489268179387523e+00 -1.369861710137016360e+02
-3.068940979993399765e+00 -1.368956957057593797e+02
-3.040392691807412007e+00 -1.368084361126376223e+02
-3.011844403621424249e+00 -1.367266937255807591e+02
-2.983296115435450702e+00 -1.366522096411463281e+02
-2.954747827249462944e+00 -1.365858564788397871e+02
-2.926199539063475186e+00 -1.365274319712466138e+02
-2.897651250877487428e+00 -1.364756307612973103e+02
-2.869102962691499670e+00 -1.364282146909993969e+02
-2.840554674505511912e+00 -1.363823555749062848e+02
-2.812006386319538365e+00 -1.363350996309926586e+02
-2.783458098133550607e+00 -1.362838766363038872e+02
-2.754909809947562849e+00 -1.362269577890139658e+02
-2.726361521761589302e+00 -1.361637660687331959e+02
-2.697813233575601544e+00 -1.360934303948021125e+02
-2.669264945389599575e+00 -1.360116468930731344e+02
-2.640716657203626028e+00 -1.359337341480017187e+02
-2.612168369017638270e+00 -1.358594617260648079e+02
-2.583620080831650512e+00 -1.357906691068450016e+02
-2.555071792645676965e+00 -1.357287920560371219e+02
-2.526523504459689207e+00 -1.356744179514477651e+02
-2.497975216273701449e+00 -1.356271503990191150e+02
-2.469426928087713691e+00 -1.355856147031103092e+02
-2.440878639901725933e+00 -1.355476417212211970e+02
-2.412330351715738175e+00 -1.355106022261047087e+02
-2.383782063529764628e+00 -1.354718403936689981e+02
-2.355233775343776870e+00 -1.354291324092631328e+02
-2.326685487157789112e+00 -1.353810821786917131e+02
-2.298137198971801354e+00 -1.353273705463203100e+02
-2.269588910785813596e+00 -1.352688022145953255e+02
-2.241040622599825838e+00 -1.352019972285559390e+02
-2.212492334413852291e+00 -1.351354723884779787e+02
-2.183944046227864533e+00 -1.350730831974185548e+02
-2.155395758041876775e+00 -1.350161662590186893e+02
-2.126847469855889017e+00 -1.349658778841734375e+02
-2.098299181669901259e+00 -1.349225931493308224e+02
-2.069750893483913501e+00 -1.348857724332653163e+02
-2.041202605297939954e+00 -1.348539926393277995e+02
-2.012654317111952196e+00 -1.348251414618416391e+02
-1.984106028925964438e+00 -1.347967451220392832e+02
-1.955557740739990891e+00 -1.347663778990375931e+02
-1.927009452553988922e+00 -1.347320819379237378e+02
-1.898461164368001164e+00 -1.346927157179731864e+02
-1.869912876182027617e+00 -1.346481573698257250e+02
-1.841364587996039859e+00 -1.345993175481046080e+02
-1.812816299810052101e+00 -1.345474082685075814e+02
-1.784268011624078554e+00 -1.344909132720643470e+02
-1.755719723438090796e+00 -1.344395707495644103e+02
-1.727171435252088827e+00 -1.343936945444633864e+02
-1.698623147066115280e+00 -1.343541976615655926e+02
-1.670074858880127522e+00 -1.343213127481982099e+02
-1.641526570694139764e+00 -1.342943889964552966e+02
-1.612978282508166217e+00 -1.342719647413546795e+02
-1.584429994322178459e+00 -1.342519706614266966e+02
-1.555881706136190701e+00 -1.342320531108829584e+02
-1.527333417950202943e+00 -1.342099655699543348e+02
-1.498785129764215185e+00 -1.341839586586647499e+02
-1.470236841578227427e+00 -1.341530920943600904e+02
-1.441688553392253880e+00 -1.341174023017313175e+02
-1.413140265206266122e+00 -1.340778885099067850e+02
-1.384591977020278364e+00 -1.340363210393963129e+02
-1.356043688834304817e+00 -1.339924254170043696e+02
-1.327495400648302848e+00 -1.339513300867668022e+02
-1.298947112462315090e+00 -1.339159357523541587e+02
-1.270398824276341543e+00 -1.338867788196280912e+02
-1.241850536090353785e+00 -1.338638648010994530e+02
-1.213302247904366027e+00 -1.338465146936781309e+02
-1.184753959718392480e+00 -1.338332273373722785e+02
-1.156205671532404722e+00 -1.338219573605092592e+02
-1.127657383346402753e+00 -1.338104365072941278e+02
-1.099109095160429206e+00 -1.337965520758292541e+02
-1.070560806974441448e+00 -1.337787142428488494e+02
-1.042012518788453690e+00 -1.337561394075665078e+02
-1.013464230602480143e+00 -1.337289890683353804e+02
-9.849159424164923848e-01 -1.336983333839487216e+02
-9.563676542305046269e-01 -1.336659479149407161e+02
-9.278193660445168689e-01 -1.336338787202462868e+02
-8.992710778585291109e-01 -1.336019980612340703e+02
-8.707227896725413530e-01 -1.335761524756950962e+02
-8.421745014865678058e-01 -1.335565986623569472e+02
-8.136262133005800479e-01 -1.335419753508492704e+02
-7.850779251145922899e-01 -1.335317790920194909e+02
-7.565296369286187428e-01 -1.335240500309734841e+02
-7.279813487426167740e-01 -1.335161756201293599e+02
-6.994330605566290160e-01 -1.335051799647316955e+02
-6.708847723706554689e-01 -1.334880675455344203e+02
-6.423364841846677109e-01 -1.334621595203488766e+02
-6.137881959986799529e-01 -1.334253575246683283e+02
-5.852399078127064058e-01 -1.333762827391737176e+02
-5.566916196267186479e-01 -1.333142673693980669e+02
-5.281433314407166790e-01 -1.332392144516168457e+02
-4.995950432547431319e-01 -1.331513779551943060e+02
-4.710467550687553739e-01 -1.330501392695322807e+02
-4.424984668827676160e-01 -1.329369686244655497e+02
-4.139501786967940689e-01 -1.328127297113491352e+02
-3.854018905108063109e-01 -1.326769236428419276e+02
-3.568536023248043421e-01 -1.325294232893544404e+02
-3.283053141388307949e-01 -1.323712688154191710e+02
-2.997570259528430370e-01 -1.322039632639650222e+02
-2.712087377668552790e-01 -1.320299713357994165e+02
-2.426604495808817319e-01 -1.318527629144109028e+02
-2.141121613948939739e-01 -1.316767035972813744e+02
-1.855638732088920051e-01 -1.315068109014350455e+02
-1.570155850229184580e-01 -1.313484232688471991e+02
-1.284672968369307000e-01 -1.312068394980544213e+02
-9.991900865094294204e-02 -1.310869794916704336e+02
-7.137072046496939492e-02 -1.309931001019838277e+02
-4.282243227898163695e-02 -1.309285809032616328e+02
-1.427414409299387898e-02 -1.308951611109628743e+02
1.427414409299387898e-02 -1.308951611109629027e+02
4.282243227898163695e-02 -1.309285809032615475e+02
7.137072046496939492e-02 -1.309931001019835435e+02
9.991900865094294204e-02 -1.310869794916714000e+02
1.284672968369307000e-01 -1.312068394980541086e+02
1.570155850229184580e-01 -1.313484232688474833e+02
1.855638732088920051e-01 -1.315068109014344202e+02
2.141121613948939739e-01 -1.316767035972813460e+02
2.426604495808817319e-01 -1.318527629144104480e+02
2.712087377668552790e-01 -1.320299713357989901e+02
2.997570259528430370e-01 -1.322039632639650790e+02
3.283053141388307949e-01 -1.323712688154195121e+02
3.568536023248043421e-01 -1.325294232893547246e+02
3.854018905107921000e-01 -1.326769236428418424e+02
4.139501786967940689e-01 -1.328127297113489078e+02
4.424984668827676160e-01 -1.329369686244651234e+02
4.710467550687553739e-01 -1.330501392695318827e+02
4.995950432547431319e-01 -1.331513779551936807e+02
5.281433314407166790e-01 -1.332392144516171868e+02
5.566916196267044370e-01 -1.333142673693975837e+02
5.852399078126921950e-01 -1.333762827391749965e+02
6.137881959986799529e-01 -1.334253575246672767e+02
6.423364841846677109e-01 -1.334621595203472850e+02
6.708847723706554689e-01 -1.334880675455332550e+02
6.994330605566290160e-01 -1.335051799647326334e+02
7.279813487426167740e-01 -1.335161756201291041e+02
7.565296369286045319e-01 -1.335240500309720630e+02
7.850779251145780790e-01 -1.335317790920179277e+02
8.136262133005800479e-01 -1.335419753508492420e+02
8.421745014865678058e-01 -1.335565986623552988e+02
8.707227896725413530e-01 -1.335761524756950109e+02
8.992710778585291109e-01 -1.336019980612337577e+02
9.278193660445168689e-01 -1.336338787202464289e+02
9.563676542304904160e-01 -1.336659479149392951e+02
9.849159424164781740e-01 -1.336983333839481247e+02
1.013464230602480143e+00 -1.337289890683366593e+02
1.042012518788453690e+00 -1.337561394075665362e+02
1.070560806974441448e+00 -1.337787142428494462e+02
1.099109095160429206e+00 -1.337965520758303910e+02
1.127657383346402753e+00 -1.338104365072937867e+02
1.156205671532390511e+00 -1.338219573605099697e+02
1.184753959718378269e+00 -1.338332273373717101e+02
1.213302247904366027e+00 -1.338465146936786141e+02
1.241850536090353785e+00 -1.338638648010995098e+02
1.270398824276341543e+00 -1.338867788196280912e+02
1.298947112462315090e+00 -1.339159357523541303e+02
1.327495400648302848e+00 -1.339513300867663474e+02
1.356043688834304817e+00 -1.339924254170046254e+02
1.384591977020264153e+00 -1.340363210393956024e+02
1.413140265206266122e+00 -1.340778885099070408e+02
1.441688553392253880e+00 -1.341174023017306638e+02
1.470236841578227427e+00 -1.341530920943600620e+02
1.498785129764215185e+00 -1.341839586586647499e+02
1.527333417950202943e+00 -1.342099655699547895e+02
1.555881706136190701e+00 -1.342320531108835269e+02
1.584429994322164248e+00 -1.342519706614274924e+02
1.612978282508166217e+00 -1.342719647413540827e+02
1.641526570694139764e+00 -1.342943889964555808e+02
1.670074858880127522e+00 -1.343213127481976983e+02
1.698623147066115280e+00 -1.343541976615655358e+02
1.727171435252088827e+00 -1.343936945444636137e+02
1.755719723438090796e+00 -1.344395707495646661e+02
1.784268011624064343e+00 -1.344909132720634659e+02
1.812816299810052101e+00 -1.345474082685072688e+02
1.841364587996039859e+00 -1.345993175481042954e+02
1.869912876182027617e+00 -1.346481573698267198e+02
1.898461164368001164e+00 -1.346927157179731296e+02
1.927009452553988922e+00 -1.347320819379234251e+02
1.955557740739976680e+00 -1.347663778990374226e+02
1.984106028925964438e+00 -1.347967451220379189e+02
2.012654317111952196e+00 -1.348251414618423212e+02
2.041202605297939954e+00 -1.348539926393264921e+02
2.069750893483913501e+00 -1.348857724332653447e+02
2.098299181669901259e+00 -1.349225931493310213e+02
2.126847469855889017e+00 -1.349658778841736648e+02
2.155395758041876775e+00 -1.350161662590193146e+02
2.183944046227864533e+00 -1.350730831974175885e+02
2.212492334413852291e+00 -1.351354723884791156e+02
2.241040622599825838e+00 -1.352019972285563938e+02
2.269588910785813596e+00 -1.352688022145958655e+02
2.298137198971801354e+00 -1.353273705463194005e+02
2.326685487157774901e+00 -1.353810821786906615e+02
2.355233775343776870e+00 -1.354291324092625928e+02
2.383782063529750417e+00 -1.354718403936673212e+02
2.412330351715738175e+00 -1.355106022261043961e+02
2.440878639901725933e+00 -1.355476417212219644e+02
2.469426928087713691e+00 -1.355856147031103660e+02
2.497975216273687238e+00 -1.356271503990173528e+02
2.526523504459674996e+00 -1.356744179514476230e+02
2.555071792645662754e+00 -1.357287920560367240e+02
2.583620080831650512e+00 -1.357906691068453711e+02
2.612168369017638270e+00 -1.358594617260644668e+02
2.640716657203626028e+00 -1.359337341480022303e+02
2.669264945389599575e+00 -1.360116468930728217e+02
2.697813233575587333e+00 -1.360934303948024535e+02
2.726361521761575091e+00 -1.361637660687330822e+02
2.754909809947562849e+00 -1.362269577890153585e+02
2.783458098133550607e+00 -1.362838766363042282e+02
2.812006386319524154e+00 -1.363350996309937955e+02
2.840554674505511912e+00 -1.363823555749059722e+02
2.869102962691499670e+00 -1.364282146909994538e+02
2.897651250877487428e+00 -1.364756307612995840e+02
2.926199539063460975e+00 -1.365274319712461306e+02
2.954747827249462944e+00 -1.365858564788394744e+02
2.983296115435436491e+00 -1.366522096411457881e+02
3.011844403621424249e+00 -1.367266937255806454e+02
3.040392691807412007e+00 -1.368084361126370254e+02
3.068940979993399765e+00 -1.368956957057599482e+02
3.097489268179373312e+00 -1.369861710137015223e+02
3.126037556365361070e+00 -1.370784138307820683e+02
3.154585844551348828e+00 -1.371680882570705933e+02
3.183134132737336586e+00 -1.372409808185299767e+02
3.211682420923324344e+00 -1.373067999371658630e+02
3.240230709109297891e+00 -1.373664756381224947e+02
3.268778997295285649e+00 -1.374221849133301134e+02
3.297327285481287618e+00 -1.374769578857732029e+02
3.325875573667261165e+00 -1.375341367495712745e+02
3.354423861853248923e+00 -1.375968007010842769e+02
3.382972150039236681e+00 -1.376672625888506047e+02
3.411520438225210228e+00 -1.377467170101700731e+02
3.440068726411197986e+00 -1.378350895924276358e+02
3.468617014597185744e+00 -1.379311111194024591e+02
3.497165302783173502e+00 -1.380326164329227936e+02
3.525713590969147049e+00 -1.381368056252899805e+02
3.554261879155149018e+00 -1.382415052164452618e+02
3.582810167341122565e+00 -1.383490382677902915e+02
3.611358455527110323e+00 -1.384352687562886501e+02
3.639906743713098081e+00 -1.385097011941047072e+02
3.668455031899071628e+00 -1.385774369231808691e+02
3.697003320085073597e+00 -1.386412736400320398e+02
3.725551608271047144e+00 -1.387048625005473923e+02
3.754099896457034902e+00 -1.387720541735768620e+02
3.782648184643022660e+00 -1.388462380188643692e+02
3.811196472829010418e+00 -1.389297911652977575e+02
3.839744761014983965e+00 -1.390237190660806164e+02
3.868293049200971723e+00 -1.391275349785894093e+02
3.896841337386973692e+00 -1.392393992983111275e+02
3.925389625572947239e+00 -1.393565159572091545e+02
3.953937913758934997e+00 -1.394757521558016151e+02
3.982486201944922755e+00 -1.395937599901212991e+02
4.011034490130896302e+00 -1.397104311973270399e+02
4.039582778316884060e+00 -1.398222166165265321e+02
4.068131066502871818e+00 -1.399042309713779559e+02
4.096679354688859576e+00 -1.399788860226333327e+02
4.125227642874847334e+00 -1.400498626081394491e+02
4.153775931060835092e+00 -1.401216633887707701e+02
4.182324219246808639e+00 -1.401988040992619631e+02
4.210872507432796397e+00 -1.402850424315544160e+02
4.239420795618784155e+00 -1.403827720929743066e+02
4.267969083804757702e+00 -1.404926624073408732e+02
4.296517371990759671e+00 -1.406135866703761508e+02
4.325065660176747429e+00 -1.407428573993521752e+02
4.353613948362720976e+00 -1.408767652316811905e+02
4.382162236548708734e+00 -1.410113767435365446e+02
4.410710524734696492e+00 -1.411430662355090533e+02
4.439258812920670039e+00 -1.412704003075820651e+02
4.467807101106657797e+00 -1.414013732371782339e+02
4.496355389292659765e+00 -1.414967242387200770e+02
4.524903677478633313e+00 -1.415755597618945387e+02
4.553451965664621071e+00 -1.416512702560819719e+02
4.582000253850608829e+00 -1.417295317721128640e+02
4.610548542036582376e+00 -1.418157121074931126e+02
4.639096830222570134e+00 -1.419139636814994105e+02
4.667645118408557892e+00 -1.420265620953279324e+02
4.696193406594545650e+00 -1.421535622999654151e+02
4.724741694780533408e+00 -1.422928084920023082e+02
4.753289982966521166e+00 -1.424403170775595413e+02
4.781838271152494713e+00 -1.425910298148795334e+02
4.810386559338482471e+00 -1.427398811222554968e+02
4.838934847524470229e+00 -1.428830340719684102e+02
4.867483135710443776e+00 -1.430179367039839917e+02
4.896031423896445745e+00 -1.431483349007280594e+02
4.924579712082433502e+00 -1.432753057656275644e+02
4.953128000268407050e+00 -1.433523691245815712e+02
4.981676288454394808e+00 -1.434275684828630801e+02
5.010224576640382566e+00 -1.435081580070197163e+02
5.038772864826356113e+00 -1.436005167454432012e+02
5.067321153012343871e+00 -1.437090946607042952e+02
5.095869441198345839e+00 -1.438357176908436088e+02
5.124417729384319387e+00 -1.439793014029312985e+02
5.152966017570307145e+00 -1.441360015372939642e+02
5.181514305756294902e+00 -1.442998311893704226e+02
5.210062593942268450e+00 -1.444637512809401017e+02
5.238610882128270418e+00 -1.446211542544910174e+02
5.267159170314243966e+00 -1.447675108968017526e+02
5.295707458500231724e+00 -1.449014687006004181e+02
5.324255746686219481e+00 -1.450257216862972314e+02
5.352804034872207239e+00 -1.451611210831338212e+02
5.381352323058180787e+00 -1.452435292870715671e+02
5.409900611244168545e+00 -1.453079535832579836e+02
5.438448899430170513e+00 -1.453824032934806780e+02
5.466997187616129850e+00 -1.454741841226887118e+02
5.495545475802131818e+00 -1.455875949262359939e+02
5.524093763988119576e+00 -1.457232782388763610e+02
5.552642052174093124e+00 -1.458780803850702625e+02
5.581190340360080882e+00 -1.460454491733126474e+02
5.609738628546068639e+00 -1.462164390823289750e+02
5.638286916732056397e+00 -1.463813398641874244e+02
5.666835204918029945e+00 -1.465317883245544124e+02
5.695383493104031913e+00 -1.466629516738935308e+02
5.723931781290005461e+00 -1.467751700360154246e+02
5.752480069475993218e+00 -1.468735146328979226e+02
5.781028357661980976e+00 -1.469703157791497006e+02
5.809576645847954524e+00 -1.470787552962007112e+02
5.838124934033956492e+00 -1.471162495559066201e+02
5.866673222219930040e+00 -1.471708129056088410e+02
5.895221510405917797e+00 -1.472498402664235186e+02
5.923769798591905555e+00 -1.473563164199680671e+02
5.952318086777893313e+00 -1.474883924888816296e+02
5.980866374963866861e+00 -1.476395569299010049e+02
6.009414663149854618e+00 -1.477994738553534262e+02
6.037962951335856587e+00 -1.479556115065336428e+02
6.066511239521830134e+00 -1.480956614553323334e+02
6.095059527707817892e+00 -1.482104103412239056e+02
6.123607815893805650e+00 -1.482963135837951540e+02
6.152156104079779197e+00 -1.483568653889610971e+02
6.180704392265766955e+00 -1.484022218270523581e+02
6.209252680451754713e+00 -1.484463437587459396e+02
6.237800968637742471e+00 -1.485230662245450048e+02
6.266349256823730229e+00 -1.485512280111936434e+02
6.294897545009717987e+00 -1.485733542325366443e+02
6.323445833195691534e+00 -1.486266807963690724e+02
6.351994121381679292e+00 -1.487111243102812352e+02
6.380542409567667050e+00 -1.488210313651643730e+02
6.409090697753640598e+00 -1.489458710133385182e+02
6.437638985939642566e+00 -1.490717312208146552e+02
6.466187274125630324e+00 -1.491837418071492323e+02
6.494735562311603871e+00 -1.492692326719795233e+02
6.523283850497591629e+00 -1.493209235251480322e+02
6.551832138683579387e+00 -1.493390586130296072e+02
6.580380426869552934e+00 -1.493316069592721647e+02
6.608928715055540692e+00 -1.493124522372789329e+02
6.637477003241542661e+00 -1.492982092066882274e+02
6.666025291427516208e+00 -1.493055170832743102e+02
6.694573579613503966e+00 -1.493502634568595511e+02
6.723121867799491724e+00 -1.493438781677565999e+02
6.751670155985465271e+00 -1.493713787597854150e+02
6.780218444171453029e+00 -1.494288283469953740e+02
6.808766732357440787e+00 -1.495070610578900130e+02
6.837315020543428545e+00 -1.495929484453401415e+02
6.865863308729416303e+00 -1.496715057912805946e+02
6.894411596915404061e+00 -1.497287830775485986e+02
6.922959885101377608e+00 -1.497550366234109447e+02
6.951508173287365366e+00 -1.497472309046287080e+02
6.980056461473353124e+00 -1.497099003665929331e+02
7.008604749659326671e+00 -1.496540054968363336e+02
7.037153037845328640e+00 -1.495942861370769492e+02
7.065701326031316398e+00 -1.495461207028187118e+02
7.094249614217289945e+00 -1.495227786533779408e+02
7.122797902403277703e+00 -1.495425285749838622e+02
7.151346190589265461e+00 -1.495532036248449970e+02
7.179894478775253219e+00 -1.495706076097928872e+02
7.208442766961226766e+00 -1.496125909002115009e+02
7.236991055147228735e+00 -1.496683740443247075e+02
7.265539343333202282e+00 -1.497247099667542329e+02
7.294087631519190040e+00 -1.497682164348313734e+02
7.322635919705177798e+00 -1.497881178701941565e+02
7.351184207891151345e+00 -1.497787333436800168e+02
7.379732496077153314e+00 -1.497408657720801841e+02
7.408280784263126861e+00 -1.496815463452960557e+02
7.436829072449114619e+00 -1.496122469777408241e+02
7.465377360635102377e+00 -1.495462571605208382e+02
7.493925648821090135e+00 -1.494960586966106462e+02
7.522473937007063682e+00 -1.494712528885289942e+02
7.551022225193051440e+00 -1.494768512705352350e+02
7.579570513379053409e+00 -1.495164158371106566e+02
7.608118801565012745e+00 -1.495406561087781938e+02
7.636667089751014714e+00 -1.495828793833394172e+02
7.665215377937002472e+00 -1.496322402004741434e+02
7.693763666122976019e+00 -1.496767676614699099e+02
7.722311954308963777e+00 -1.497056097324146435e+02
7.750860242494951535e+00 -1.497113293479236233e+02
7.779408530680939293e+00 -1.496916011321391693e+02
7.807956818866912840e+00 -1.496497220059558515e+02
7.836505107052914809e+00 -1.495937331034678550e+02
7.865053395238888356e+00 -1.495345035389442216e+02
7.893601683424876114e+00 -1.494834157263918257e+02
7.922149971610863872e+00 -1.494502723260648906e+02
7.950698259796837419e+00 -1.494417479733587868e+02
7.979246547982839388e+00 -1.494600785551617435e+02
8.007794836168827146e+00 -1.495058636459589536e+02
8.036343124354800693e+00 -1.495570614916249212e+02
8.064891412540788451e+00 -1.496099283371847832e+02
8.093439700726776209e+00 -1.496644451426744240e+02
8.121987988912749756e+00 -1.497101260420353128e+02
8.150536277098737514e+00 -1.497384483325041629e+02
8.179084565284739483e+00 -1.497446984931618204e+02
8.207632853470713030e+00 -1.497290380066646378e+02
8.236181141656700788e+00 -1.496964127804531302e+02
8.264729429842688546e+00 -1.496553418374529372e+02
8.293277718028662093e+00 -1.496160145412161171e+02
8.321826006214649851e+00 -1.495882618060657876e+02
8.350374294400637609e+00 -1.495798457327372262e+02
8.378922582586625367e+00 -1.495952718981215526e+02
8.407470870772613125e+00 -1.496351498725927627e+02
8.436019158958600883e+00 -1.496944307209054728e+02
8.464567447144574430e+00 -1.497687912879141550e+02
8.493115735330562188e+00 -1.498373271523586823e+02
8.521664023516549946e+00 -1.499028931650319407e+02
8.550212311702523493e+00 -1.499562387110066766e+02
8.578760599888525462e+00 -1.499907473349467182e+02
8.607308888074513220e+00 -1.500039115042080766e+02
8.635857176260486767e+00 -1.499979005605707982e+02
8.664405464446474525e+00 -1.499790199061807527e+02
8.692953752632462283e+00 -1.499562555403053352e+02
8.721502040818435830e+00 -1.499393782620338413e+02
8.750050329004423588e+00 -1.499371052400175301e+02
8.778598617190411346e+00 -1.499556552090704997e+02
8.807146905376399104e+00 -1.499978143842580494e+02
8.835695193562386862e+00 -1.500625210540877958e+02
8.864243481748374620e+00 -1.501449559282191046e+02
8.892791769934348167e+00 -1.502337876754452566e+02
8.921340058120335925e+00 -1.503218246941479208e+02
8.949888346306323683e+00 -1.504001923507756260e+02
8.978436634492311441e+00 -1.504628912595658221e+02
9.006984922678299199e+00 -1.505049407604840326e+02
9.035533210864286957e+00 -1.505258379183328827e+02
9.064081499050260504e+00 -1.505296758439508835e+02
9.092629787236248262e+00 -1.505241812259540097e+02
9.121178075422236020e+00 -1.505190056300600645e+02
9.149726363608209567e+00 -1.505237875419779527e+02
9.178274651794211536e+00 -1.505464328171420334e+02
9.206822939980185083e+00 -1.505918573871695969e+02
9.235371228166172841e+00 -1.506612552190387078e+02
9.263919516352160599e+00 -1.507518811422343106e+02
9.292467804538148357e+00 -1.508573578800493635e+02
9.321016092724136115e+00 -1.509668995968029606e+02
9.349564380910109662e+00 -1.510683657622205374e+02
9.378112669096097420e+00 -1.511573634042635490e+02
9.406660957282085178e+00 -1.512266211011021824e+02
9.435209245468072936e+00 -1.512728103470062706e+02
9.463757533654060694e+00 -1.512975874814089536e+02
9.492305821840034241e+00 -1.513072091674011403e+02
9.520854110026036210e+00 -1.513110886084961919e+02
9.549402398212009757e+00 -1.513197806808592247e+02
9.577950686397997515e+00 -1.513429622518054600e+02
9.606498974583985273e+00 -1.513877940539065037e+02
9.635047262769958820e+00 -1.514578288778829460e+02
9.663595550955946578e+00 -1.515524673109619300e+02
9.692143839141934336e+00 -1.516669521596768107e+02
9.720692127327922094e+00 -1.517929382274564603e+02
9.749240415513895641e+00 -1.519197298381223789e+02
9.777788703699897610e+00 -1.520313772440054834e+02
9.806336991885871157e+00 -1.521223306690503705e+02
9.834885280071858915e+00 -1.521889701266277086e+02
9.863433568257846673e+00 -1.522295995441442358e+02
9.891981856443834431e+00 -1.522485583185657276e+02
9.920530144629822189e+00 -1.522547209490843159e+02
9.949078432815809947e+00 -1.522594581550254702e+02
9.977626721001783494e+00 -1.522742810458006488e+02
1.000617500918777125e+01 -1.523087528087469025e+02
1.003472329737375901e+01 -1.523689700732625170e+02
1.006327158555973256e+01 -1.524566665487218415e+02
1.009181987374572032e+01 -1.525688959760275907e+02
1.012036816193172228e+01 -1.526983006580680353e+02
1.014891645011769583e+01 -1.528340532904994689e+02
1.017746473830368359e+01 -1.529635937001416437e+02
1.020601302648967135e+01 -1.530751129021649604e+02
1.023456131467564489e+01 -1.531524019790362559e+02
1.026310960286163265e+01 -1.531981006814805539e+02
1.029165789104762041e+01 -1.532150551404031376e+02
1.032020617923360817e+01 -1.532113894422054727e+02
1.034875446741959593e+01 -1.531988617832806767e+02
1.037730275560558368e+01 -1.531905820591223346e+02
1.040585104379155723e+01 -1.531984235845137050e+02
1.043439933197754499e+01 -1.532310261798423880e+02
1.046294762016353275e+01 -1.532925334774193686e+02
1.049149590834950629e+01 -1.533820031751362194e+02
1.052004419653550826e+01 -1.534934274219991153e+02
1.054859248472149602e+01 -1.536164156322157339e+02
1.057714077290746957e+01 -1.537376850077446591e+02
1.060568906109345733e+01 -1.538434397821609991e+02
1.063423734927944508e+01 -1.539223935433805082e+02
1.066278563746541863e+01 -1.539682893791616891e+02
1.069133392565140639e+01 -1.539712900867659187e+02
1.071988221383740836e+01 -1.539427046659288294e+02
1.074843050202338191e+01 -1.538981994476972943e+02
1.077697879020936966e+01 -1.538514748104754801e+02
1.080552707839535742e+01 -1.538158726980764754e+02
1.083407536658133097e+01 -1.538019603127954156e+02
1.086262365476731873e+01 -1.538159452628017618e+02
1.089117194295330648e+01 -1.538588771567328308e+02
1.091972023113929424e+01 -1.539265220676784054e+02
1.094826851932528200e+01 -1.540098643172545394e+02
1.097681680751126976e+01 -1.540963539186037679e+02
1.100536509569724331e+01 -1.541719947973237481e+02
1.103391338388323106e+01 -1.542241578571478158e+02
1.106246167206921882e+01 -1.542445755563933290e+02
1.109100996025519237e+01 -1.542315894502928870e+02
1.111955824844119434e+01 -1.541903837524835694e+02
1.114810653662718209e+01 -1.541129191914702119e+02
1.117665482481315564e+01 -1.540260209575492922e+02
1.120520311299914340e+01 -1.539450797460176830e+02
1.123375140118513116e+01 -1.538811619466215461e+02
1.126229968937111892e+01 -1.538416551937963277e+02
1.129084797755709246e+01 -1.538293068501504308e+02
1.131939626574309443e+01 -1.538419643986844676e+02
1.134794455392906798e+01 -1.538729278177955564e+02
1.137649284211505574e+01 -1.539119257686863307e+02
1.140504113030104349e+01 -1.539467671062997169e+02
1.143358941848701704e+01 -1.539656090874292147e+02
1.146213770667301901e+01 -1.539594868980790068e+02
1.149068599485899256e+01 -1.539244465333091227e+02
1.151923428304498032e+01 -1.538625554759800877e+02
1.154778257123096807e+01 -1.537814010322171328e+02
1.157633085941695583e+01 -1.536891127350222632e+02
1.160487914760292938e+01 -1.535815409628355042e+02
1.163342743578891714e+01 -1.534862725832187209e+02
1.166197572397491911e+01 -1.534102967333041363e+02
1.169052401216087844e+01 -1.533575342167134750e+02
1.171907230034688041e+01 -1.533278704600519973e+02
1.174762058853286817e+01 -1.533172711595342150e+02
1.177616887671884172e+01 -1.533184288898493719e+02
1.180471716490482947e+01 -1.533219289536181691e+02
1.183326545309081723e+01 -1.533178954794180981e+02
1.186181374127680499e+01 -1.532979041750912472e+02
1.189036202946279275e+01 -1.532567692518744593e+02
1.191891031764878051e+01 -1.531936865181941414e+02
1.194745860583475405e+01 -1.531123795915958681e+02
1.197600689402074181e+01 -1.530201601466036436e+02
1.200455518220672957e+01 -1.529281049377817681e+02
1.203310347039270312e+01 -1.528320821744716511e+02
1.206165175857870508e+01 -1.527438833506012941e+02
1.209020004676469284e+01 -1.526740084344638433e+02
1.211874833495066639e+01 -1.526238816065411186e+02
1.214729662313665415e+01 -1.525918290597542466e+02
1.217584491132264191e+01 -1.525733108753706233e+02
1.220439319950861545e+01 -1.525616467392538596e+02
1.223294148769460321e+01 -1.525491365745279495e+02
1.226148977588060518e+01 -1.525284474094595453e+02
1.229003806406657873e+01 -1.524940314409285804e+02
1.231858635225256648e+01 -1.524432582061535015e+02
1.234713464043855424e+01 -1.523769288480655177e+02
1.237568292862452779e+01 -1.522990274134179174e+02
1.240423121681051555e+01 -1.522157932166875867e+02
1.243277950499650331e+01 -1.521343970591542245e+02
1.246132779318249106e+01 -1.520632416241020621e+02
1.248987608136847882e+01 -1.519933519264381232e+02
1.251842436955446658e+01 -1.519396153646641778e+02
1.254697265774044013e+01 -1.519019242998559207e+02
1.257552094592642788e+01 -1.518779577795589262e+02
1.260406923411241564e+01 -1.518633353180375423e+02
1.263261752229838919e+01 -1.518523244852532912e+02
1.266116581048439116e+01 -1.518388252714646001e+02
1.268971409867037892e+01 -1.518174774251772021e+02
1.271826238685635246e+01 -1.517846877851361000e+02
1.274681067504234022e+01 -1.517393305123792970e+02
1.277535896322832798e+01 -1.516829271258193330e+02
1.280390725141430153e+01 -1.516192662499138066e+02
1.283245553960028928e+01 -1.515535731252861069e+02
1.286100382778629125e+01 -1.514914547013186166e+02
1.288955211597226480e+01 -1.514383348440424299e+02
1.291810040415825256e+01 -1.513949059122639369e+02
1.294664869234424032e+01 -1.513607398006576261e+02
1.297519698053021386e+01 -1.513396277093444837e+02
1.300374526871620162e+01 -1.513289678093130703e+02
1.303229355690218938e+01 -1.513247099787598700e+02
1.306084184508817714e+01 -1.513219632470365923e+02
1.308939013327416490e+01 -1.513158417024314986e+02
1.311793842146015265e+01 -1.513023595326821464e+02
1.314648670964612620e+01 -1.512791849190060134e+02
1.317503499783211396e+01 -1.512460822515004111e+02
1.320358328601811593e+01 -1.512049124673311837e+02
1.323213157420407526e+01 -1.511592140092492116e+02
1.326067986239007723e+01 -1.511134631904790240e+02
1.328922815057606499e+01 -1.510722056420179626e+02
1.331777643876203854e+01 -1.510392406789075608e+02
1.334632472694802630e+01 -1.510176536848425428e+02
1.337487301513401405e+01 -1.510042536647515021e+02
1.340342130332000181e+01 -1.510010532209064991e+02
1.343196959150597536e+01 -1.510059503207966998e+02
1.346051787969197733e+01 -1.510151991117282080e+02
1.348906616787795087e+01 -1.510245405884518561e+02
1.351761445606393863e+01 -1.510299456093138701e+02
1.354616274424992639e+01 -1.510283644223686110e+02
1.357471103243589994e+01 -1.510182995939831017e+02
1.360325932062190191e+01 -1.510000825672626661e+02
1.363180760880787545e+01 -1.509757770779590373e+02
1.366035589699386321e+01 -1.509487421155344862e+02
1.368890418517985097e+01 -1.509229567791304589e+02
1.371745247336583873e+01 -1.509022743449274344e+02
1.374600076155181227e+01 -1.508897443904632496e+02
1.377454904973780003e+01 -1.508871234960526806e+02
1.380309733792380200e+01 -1.508945185028043738e+02
1.383164562610976134e+01 -1.509096097049610137e+02
1.386019391429576331e+01 -1.509310116350126236e+02
1.388874220248175106e+01 -1.509553129008571375e+02
1.391729049066772461e+01 -1.509786548439255967e+02
1.394583877885371237e+01 -1.509976011838069780e+02
1.397438706703970013e+01 -1.510097418466461079e+02
1.400293535522568789e+01 -1.510141655387156732e+02
1.403148364341167564e+01 -1.510116152942985650e+02
1.406003193159766340e+01 -1.510043341616892292e+02
1.408858021978363695e+01 -1.509956018639182105e+02
1.411712850796962471e+01 -1.509891097205142216e+02
1.414567679615561246e+01 -1.509882728101871976e+02
1.417422508434158601e+01 -1.509956538596303233e+02
1.420277337252758798e+01 -1.510125461864781471e+02
1.423132166071357574e+01 -1.510388079841446825e+02
1.425986994889954929e+01 -1.510726980147481697e+02
