-1.425986994889954929e+01 -1.510733872967917932e+02
-1.423132166071357574e+01 -1.510396797156447803e+02
-1.420277337252758798e+01 -1.510137510923822788e+02
-1.417422508434160022e+01 -1.509959392900929629e+02
-1.414567679615561246e+01 -1.509893764500048405e+02
-1.411712850796962471e+01 -1.509888864174384935e+02
-1.408858021978363695e+01 -1.509967909882835500e+02
-1.406003193159766340e+01 -1.510030012015404850e+02
-1.403148364341167564e+01 -1.510114224790562218e+02
-1.400293535522568789e+01 -1.510142637843331386e+02
-1.397438706703971434e+01 -1.510068746140123039e+02
-1.394583877885371237e+01 -1.509996292363189525e+02
-1.391729049066772461e+01 -1.509778088603098638e+02
-1.388874220248175106e+01 -1.509552993356734021e+02
-1.386019391429576331e+01 -1.509318576388499764e+02
-1.383164562610977555e+01 -1.509113213932336919e+02
-1.380309733792380200e+01 -1.508931857101945297e+02
-1.377454904973780003e+01 -1.508864972974035652e+02
-1.374600076155181227e+01 -1.508897307911539656e+02
-1.371745247336583873e+01 -1.509023053282961371e+02
-1.368890418517985097e+01 -1.509237419961784212e+02
-1.366035589699386321e+01 -1.509470137785413044e+02
-1.363180760880788966e+01 -1.509783588584276117e+02
-1.360325932062190191e+01 -1.509998281880858144e+02
-1.357471103243589994e+01 -1.510193893794641440e+02
-1.354616274424992639e+01 -1.510261867039880030e+02
-1.351761445606393863e+01 -1.510293477822234536e+02
-1.348906616787795087e+01 -1.510246355224386434e+02
-1.346051787969197733e+01 -1.510164054489425212e+02
-1.343196959150598957e+01 -1.510047925369230768e+02
-1.340342130332000181e+01 -1.510009498268362620e+02
-1.337487301513401405e+01 -1.510031945671021845e+02
-1.334632472694802630e+01 -1.510165847387837630e+02
-1.331777643876203854e+01 -1.510393402152296858e+02
-1.328922815057606499e+01 -1.510720420771090176e+02
-1.326067986239007723e+01 -1.511153530769399822e+02
-1.323213157420408947e+01 -1.511579166928905806e+02
-1.320358328601811593e+01 -1.512056058601461359e+02
-1.317503499783211396e+01 -1.512450790243520657e+02
-1.314648670964612620e+01 -1.512795923293223836e+02
-1.311793842146015265e+01 -1.513041236554145996e+02
-1.308939013327416490e+01 -1.513185416355222230e+02
-1.306084184508817714e+01 -1.513204815814949313e+02
-1.303229355690220359e+01 -1.513236077371677197e+02
-1.300374526871621583e+01 -1.513285167191512812e+02
-1.297519698053021386e+01 -1.513377789459329676e+02
-1.294664869234424032e+01 -1.513622169131662645e+02
-1.291810040415825256e+01 -1.513941038837368467e+02
-1.288955211597226480e+01 -1.514407125333502506e+02
-1.286100382778629125e+01 -1.514916836200913792e+02
-1.283245553960030350e+01 -1.515565506197442573e+02
-1.280390725141431574e+01 -1.516173530209637192e+02
-1.277535896322832798e+01 -1.516828624818388107e+02
-1.274681067504234022e+01 -1.517412836878899043e+02
-1.271826238685635246e+01 -1.517870892917580079e+02
-1.268971409867037892e+01 -1.518146534356593520e+02
-1.266116581048439116e+01 -1.518375717904542626e+02
-1.263261752229840340e+01 -1.518513600357831024e+02
-1.260406923411241564e+01 -1.518619230047946758e+02
-1.257552094592642788e+01 -1.518743648804465636e+02
-1.254697265774044013e+01 -1.519019845970981635e+02
-1.251842436955446658e+01 -1.519369354790621287e+02
-1.248987608136847882e+01 -1.519934431331438986e+02
-1.246132779318249106e+01 -1.520667043393079609e+02
-1.243277950499651752e+01 -1.521312520205237888e+02
-1.240423121681051555e+01 -1.522155038500879698e+02
-1.237568292862452779e+01 -1.523000187844248785e+02
-1.234713464043855424e+01 -1.523801570278867530e+02
-1.231858635225256648e+01 -1.524463614874209156e+02
-1.229003806406657873e+01 -1.524903567548823844e+02
-1.226148977588060518e+01 -1.525266710272236423e+02
-1.223294148769461742e+01 -1.525515675538997016e+02
-1.220439319950861545e+01 -1.525611456425766050e+02
-1.217584491132264191e+01 -1.525746843324561155e+02
-1.214729662313665415e+01 -1.525887723115209837e+02
-1.211874833495066639e+01 -1.526242055680135650e+02
-1.209020004676469284e+01 -1.526770699060837160e+02
-1.206165175857870508e+01 -1.527405490726225139e+02
-1.203310347039271733e+01 -1.528326249315363725e+02
-1.200455518220672957e+01 -1.529293966091503592e+02
-1.197600689402074181e+01 -1.530244484925645452e+02
-1.194745860583475405e+01 -1.531159806140722708e+02
-1.191891031764878051e+01 -1.531984077376031621e+02
-1.189036202946279275e+01 -1.532586886648774680e+02
-1.186181374127680499e+01 -1.533001133840894852e+02
-1.183326545309081723e+01 -1.533165515878857263e+02
-1.180471716490482947e+01 -1.533239659694823160e+02
-1.177616887671884172e+01 -1.533161381687818619e+02
-1.174762058853286817e+01 -1.533194118906048118e+02
-1.171907230034688041e+01 -1.533321080719366876e+02
-1.169052401216089265e+01 -1.533555584508272602e+02
-1.166197572397491911e+01 -1.534082116096309960e+02
-1.163342743578891714e+01 -1.534884149159243520e+02
-1.160487914760292938e+01 -1.535823572748409447e+02
-1.157633085941695583e+01 -1.536938487481116340e+02
-1.154778257123096807e+01 -1.537836225749496748e+02
-1.151923428304498032e+01 -1.538661763600922541e+02
-1.149068599485900677e+01 -1.539275412535581040e+02
-1.146213770667301901e+01 -1.539589312144084943e+02
-1.143358941848701704e+01 -1.539671794885188092e+02
-1.140504113030104349e+01 -1.539452150201612426e+02
-1.137649284211505574e+01 -1.539129883182483809e+02
-1.134794455392906798e+01 -1.538687444043065113e+02
-1.131939626574309443e+01 -1.538426036798700238e+02
-1.129084797755710667e+01 -1.538281772989783462e+02
-1.126229968937111892e+01 -1.538461741205482838e+02
-1.123375140118513116e+01 -1.538828149933403893e+02
-1.120520311299914340e+01 -1.539514001685618041e+02
-1.117665482481315564e+01 -1.540297354740343110e+02
-1.114810653662718209e+01 -1.541128011673146716e+02
-1.111955824844119434e+01 -1.541889952470622234e+02
-1.109100996025520658e+01 -1.542328960995571663e+02
-1.106246167206923303e+01 -1.542471577350365806e+02
-1.103391338388323106e+01 -1.542222206314696678e+02
-1.100536509569724331e+01 -1.541727258040709216e+02
-1.097681680751126976e+01 -1.540943833712317712e+02
-1.094826851932528200e+01 -1.540047111183228026e+02
-1.091972023113929424e+01 -1.539275136392411412e+02
-1.089117194295332069e+01 -1.538556483883319856e+02
-1.086262365476733294e+01 -1.538200045590658078e+02
-1.083407536658134518e+01 -1.538015785980306589e+02
-1.080552707839535742e+01 -1.538221158632221091e+02
-1.077697879020936966e+01 -1.538532917293755986e+02
-1.074843050202338191e+01 -1.538965516214067577e+02
-1.071988221383740836e+01 -1.539401528165352886e+02
-1.069133392565142060e+01 -1.539732825047281608e+02
-1.066278563746543284e+01 -1.539691956105884287e+02
-1.063423734927944508e+01 -1.539252771833597535e+02
-1.060568906109345733e+01 -1.538458948102521902e+02
-1.057714077290746957e+01 -1.537358021707473767e+02
-1.054859248472149602e+01 -1.536208193002912310e+02
-1.052004419653550826e+01 -1.534931457577617095e+02
-1.049149590834952050e+01 -1.533893745377712605e+02
-1.046294762016353275e+01 -1.532952226995562341e+02
-1.043439933197754499e+01 -1.532290856200320377e+02
-1.040585104379157144e+01 -1.531931630173933740e+02
-1.037730275560558368e+01 -1.531923650961841474e+02
-1.034875446741959593e+01 -1.531996452970951168e+02
-1.032020617923360817e+01 -1.532098692853832063e+02
-1.029165789104763462e+01 -1.532138425392741681e+02
-1.026310960286163265e+01 -1.531998426855097364e+02
-1.023456131467565910e+01 -1.531480345778788603e+02
-1.020601302648967135e+01 -1.530760113188939613e+02
-1.017746473830368359e+01 -1.529595406643930176e+02
-1.014891645011769583e+01 -1.528371283791574911e+02
-1.012036816193172228e+01 -1.526963577323691936e+02
-1.009181987374573453e+01 -1.525749394131619283e+02
-1.006327158555974677e+01 -1.524581364205493514e+02
-1.003472329737375901e+01 -1.523678520375743233e+02
-1.000617500918777125e+01 -1.523050006556009066e+02
-9.977626721001797705e+00 -1.522784729562816892e+02
-9.949078432815809947e+00 -1.522617559296214722e+02
-9.920530144629822189e+00 -1.522567325836949976e+02
-9.891981856443834431e+00 -1.522472610174145871e+02
-9.863433568257846673e+00 -1.522294975676364857e+02
-9.834885280071858915e+00 -1.521927670869299050e+02
-9.806336991885885368e+00 -1.521219421051624181e+02
-9.777788703699897610e+00 -1.520258988214588385e+02
-9.749240415513909852e+00 -1.519220149839968315e+02
-9.720692127327922094e+00 -1.517910623655406539e+02
-9.692143839141934336e+00 -1.516727147503757749e+02
-9.663595550955946578e+00 -1.515547322496474862e+02
-9.635047262769973031e+00 -1.514579950703889608e+02
-9.606498974583985273e+00 -1.513871567201965433e+02
-9.577950686397997515e+00 -1.513411064464404774e+02
-9.549402398212023968e+00 -1.513193867077919492e+02
-9.520854110026036210e+00 -1.513092385137703104e+02
-9.492305821840034241e+00 -1.513072493819434214e+02
-9.463757533654060694e+00 -1.512952818690047820e+02
-9.435209245468072936e+00 -1.512747814139026161e+02
-9.406660957282085178e+00 -1.512252275915071777e+02
-9.378112669096111631e+00 -1.511618044036893309e+02
-9.349564380910123873e+00 -1.510692082035340604e+02
-9.321016092724136115e+00 -1.509646813477525029e+02
-9.292467804538148357e+00 -1.508546562540909690e+02
-9.263919516352160599e+00 -1.507561726337684433e+02
-9.235371228166172841e+00 -1.506632527659191965e+02
-9.206822939980199294e+00 -1.505940325434442002e+02
-9.178274651794211536e+00 -1.505466181892381599e+02
-9.149726363608223778e+00 -1.505251038627305604e+02
-9.121178075422250231e+00 -1.505213919654996175e+02
-9.092629787236248262e+00 -1.505247032208328335e+02
-9.064081499050260504e+00 -1.505266993168010004e+02
-9.035533210864286957e+00 -1.505261784601250383e+02
-9.006984922678299199e+00 -1.505046433300037449e+02
-8.978436634492311441e+00 -1.504678209398715865e+02
-8.949888346306337894e+00 -1.504021429209911958e+02
-8.921340058120350136e+00 -1.503213402278371404e+02
-8.892791769934348167e+00 -1.502340022287351644e+02
-8.864243481748374620e+00 -1.501433313133258878e+02
-8.835695193562386862e+00 -1.500603171038144978e+02
-8.807146905376399104e+00 -1.499963388959952795e+02
-8.778598617190425557e+00 -1.499549001913750885e+02
-8.750050329004437799e+00 -1.499363507214655442e+02
-8.721502040818450041e+00 -1.499403516767133624e+02
-8.692953752632462283e+00 -1.499563626099476892e+02
-8.664405464446474525e+00 -1.499821144429714650e+02
-8.635857176260486767e+00 -1.499984803655416670e+02
-8.607308888074513220e+00 -1.500015613426177481e+02
-8.578760599888525462e+00 -1.499901510758595293e+02
-8.550212311702537704e+00 -1.499597121612592332e+02
-8.521664023516549946e+00 -1.499036715580869839e+02
-8.493115735330562188e+00 -1.498401274695806080e+02
-8.464567447144574430e+00 -1.497692039649782885e+02
-8.436019158958600883e+00 -1.496937541810208359e+02
-8.407470870772613125e+00 -1.496349102368678530e+02
-8.378922582586625367e+00 -1.495950852705874183e+02
-8.350374294400651820e+00 -1.495792766453081697e+02
-8.321826006214649851e+00 -1.495886291858196273e+02
-8.293277718028662093e+00 -1.496143300236019229e+02
-8.264729429842688546e+00 -1.496592146627715465e+02
-8.236181141656700788e+00 -1.496984949389871815e+02
-8.207632853470713030e+00 -1.497283129711780703e+02
-8.179084565284739483e+00 -1.497408593005854698e+02
-8.150536277098751725e+00 -1.497383504653418242e+02
-8.121987988912749756e+00 -1.497073125143194829e+02
-8.093439700726776209e+00 -1.496686802073617173e+02
-8.064891412540788451e+00 -1.496118197653199786e+02
-8.036343124354800693e+00 -1.495580032963357269e+02
-8.007794836168827146e+00 -1.495066851881896639e+02
-7.979246547982839388e+00 -1.494613413873999832e+02
-7.950698259796837419e+00 -1.494439847249459490e+02
-7.922149971610863872e+00 -1.494513121970556426e+02
-7.893601683424876114e+00 -1.494830252390146086e+02
-7.865053395238888356e+00 -1.495309982028855700e+02
-7.836505107052914809e+00 -1.495969971224394328e+02
-7.807956818866927051e+00 -1.496514538234059728e+02
-7.779408530680939293e+00 -1.496898137906865998e+02
-7.750860242494951535e+00 -1.497130531255082246e+02
-7.722311954308963777e+00 -1.497042812328579089e+02
-7.693763666122976019e+00 -1.496794768967965865e+02
-7.665215377937002472e+00 -1.496328247062918990e+02
-7.636667089751014714e+00 -1.495842374529074732e+02
-7.608118801565026956e+00 -1.495412104271015608e+02
-7.579570513379053409e+00 -1.495159838825551333e+02
-7.551022225193051440e+00 -1.494812107828230126e+02
-7.522473937007063682e+00 -1.494740197060913545e+02
-7.493925648821090135e+00 -1.494957688735096895e+02
-7.465377360635102377e+00 -1.495450950249946800e+02
-7.436829072449114619e+00 -1.496149743020372398e+02
-7.408280784263141072e+00 -1.496798399518789608e+02
-7.379732496077153314e+00 -1.497377784840853678e+02
-7.351184207891151345e+00 -1.497828683400756802e+02
-7.322635919705177798e+00 -1.497881484016373577e+02
-7.294087631519190040e+00 -1.497703216340598829e+02
-7.265539343333202282e+00 -1.497244335268234181e+02
-7.236991055147228735e+00 -1.496689651513967760e+02
-7.208442766961240977e+00 -1.496129547158665787e+02
-7.179894478775253219e+00 -1.495708155114324711e+02
-7.151346190589265461e+00 -1.495501721208743504e+02
-7.122797902403277703e+00 -1.495498449229706921e+02
-7.094249614217289945e+00 -1.495261376546954466e+02
-7.065701326031316398e+00 -1.495444611376418607e+02
-7.037153037845328640e+00 -1.495964219058421349e+02
-7.008604749659340882e+00 -1.496575574116791074e+02
-6.980056461473367335e+00 -1.497167726746301071e+02
-6.951508173287365366e+00 -1.497493057229505951e+02
-6.922959885101377608e+00 -1.497532635685167861e+02
-6.894411596915404061e+00 -1.497290857401212349e+02
-6.865863308729416303e+00 -1.496714042989320319e+02
-6.837315020543428545e+00 -1.495962254255722144e+02
-6.808766732357454998e+00 -1.495118267713904743e+02
-6.780218444171467240e+00 -1.494361705723947864e+02
-6.751670155985465271e+00 -1.493748883921138031e+02
-6.723121867799491724e+00 -1.493500833161120624e+02
-6.694573579613503966e+00 -1.493518868979132037e+02
-6.666025291427516208e+00 -1.493117691331516994e+02
-6.637477003241542661e+00 -1.493072574170397502e+02
-6.608928715055554903e+00 -1.493158089984435435e+02
-6.580380426869567145e+00 -1.493368932048430224e+02
-6.551832138683579387e+00 -1.493401607860002116e+02
-6.523283850497591629e+00 -1.493314134416798993e+02
-6.494735562311603871e+00 -1.492778594311080838e+02
-6.466187274125630324e+00 -1.491905099565230159e+02
-6.437638985939642566e+00 -1.490743410664276496e+02
-6.409090697753654808e+00 -1.489516279478731065e+02
-6.380542409567667050e+00 -1.488270779154108823e+02
-6.351994121381679292e+00 -1.487111432881373787e+02
-6.323445833195691534e+00 -1.486335085832592142e+02
-6.294897545009717987e+00 -1.485810947432063926e+02
-6.266349256823730229e+00 -1.485527365648807177e+02
-6.237800968637742471e+00 -1.485252345325175156e+02
-6.209252680451754713e+00 -1.484436038532975601e+02
-6.180704392265766955e+00 -1.484128843970794946e+02
-6.152156104079779197e+00 -1.483645443543123292e+02
-6.123607815893805650e+00 -1.483023129650380838e+02
-6.095059527707817892e+00 -1.482123611286908726e+02
-6.066511239521830134e+00 -1.481021273033197190e+02
-6.037962951335856587e+00 -1.479582733080834771e+02
-6.009414663149854618e+00 -1.477968713287010587e+02
-5.980866374963866861e+00 -1.476491945491109732e+02
-5.952318086777893313e+00 -1.474931585210188985e+02
-5.923769798591905555e+00 -1.473605828137065430e+02
-5.895221510405917797e+00 -1.472490497007548811e+02
-5.866673222219944250e+00 -1.471820621345628695e+02
-5.838124934033956492e+00 -1.471275181666288745e+02
-5.809576645847954524e+00 -1.470876556096286549e+02
-5.781028357661980976e+00 -1.469794338194791692e+02
-5.752480069475993218e+00 -1.468817190579067358e+02
-5.723931781290005461e+00 -1.467863931062954066e+02
-5.695383493104031913e+00 -1.466756357053390616e+02
-5.666835204918044155e+00 -1.465485893624102118e+02
-5.638286916732056397e+00 -1.464131165910598611e+02
-5.609738628546068639e+00 -1.462551663184637789e+02
-5.581190340360080882e+00 -1.460957061010450957e+02
-5.552642052174093124e+00 -1.459398371583025664e+02
-5.524093763988119576e+00 -1.458185868831291430e+02
-5.495545475802131818e+00 -1.457009930344563600e+02
-5.466997187616144060e+00 -1.456104647040768043e+02
-5.438448899430170513e+00 -1.455422960196200961e+02
-5.409900611244168545e+00 -1.454927575266063116e+02
-5.381352323058180787e+00 -1.454526797828845588e+02
-5.352804034872207239e+00 -1.453872595921996549e+02
-5.324255746686219481e+00 -1.452568754225038390e+02
-5.295707458500231724e+00 -1.451338158043950557e+02
-5.267159170314258176e+00 -1.449832679874313897e+02
-5.238610882128270418e+00 -1.448072443037516166e+02
-5.210062593942268450e+00 -1.446087707472829038e+02
-5.181514305756294902e+00 -1.444103592780220993e+02
-5.152966017570307145e+00 -1.441969647808980142e+02
-5.124417729384319387e+00 -1.439954137151445650e+02
-5.095869441198345839e+00 -1.438193548027346367e+02
-5.067321153012358081e+00 -1.436809727131741852e+02
-5.038772864826370323e+00 -1.435905125770555060e+02
-5.010224576640382566e+00 -1.435558214770535983e+02
-4.981676288454394808e+00 -1.435829213897403065e+02
-4.953128000268407050e+00 -1.436761058509169118e+02
-4.924579712082433502e+00 -1.438498089379391160e+02
-4.896031423896445745e+00 -1.440311466080194407e+02
-4.867483135710457987e+00 -1.442885824160882748e+02
-4.838934847524484439e+00 -1.446236822741724666e+02
-4.810386559338482471e+00 -1.450245274414236860e+02
-4.781838271152494713e+00 -1.455057693227046798e+02
-4.753289982966521166e+00 -1.460547311039868816e+02
-4.724741694780533408e+00 -1.466675309125016042e+02
-4.696193406594545650e+00 -1.473397136279079405e+02
-4.667645118408572102e+00 -1.480662050264248535e+02
-4.639096830222584344e+00 -1.488409571271857885e+02
-4.610548542036582376e+00 -1.496574691916235338e+02
-4.582000253850608829e+00 -1.505074607953250734e+02
-4.553451965664621071e+00 -1.513823195417959084e+02
-4.524903677478633313e+00 -1.522722210016590338e+02
-4.496355389292659765e+00 -1.531649627426785685e+02
-4.467807101106672008e+00 -1.538994782868530535e+02
-4.439258812920684250e+00 -1.540611091129561032e+02
-4.410710524734696492e+00 -1.543449024158993552e+02
-4.382162236548708734e+00 -1.546345866188254945e+02
-4.353613948362720976e+00 -1.549260869338706073e+02
-4.325065660176747429e+00 -1.552153250802887214e+02
-4.296517371990759671e+00 -1.554999106481764386e+02
-4.267969083804771913e+00 -1.557771265511436809e+02
-4.239420795618784155e+00 -1.560468630935326360e+02
-4.210872507432796397e+00 -1.563110285581091148e+02
-4.182324219246808639e+00 -1.565734931935478471e+02
-4.153775931060835092e+00 -1.568401178736493762e+02
-4.125227642874847334e+00 -1.571142500640171136e+02
-4.096679354688859576e+00 -1.574029213526708872e+02
-4.068131066502871818e+00 -1.577034244100741205e+02
-4.039582778316884060e+00 -1.580188520254734215e+02
-4.011034490130910513e+00 -1.583286707914502074e+02
-3.982486201944922755e+00 -1.586404232220688755e+02
-3.953937913758934997e+00 -1.589481793666904537e+02
-3.925389625572947239e+00 -1.592349127446232444e+02
-3.896841337386973692e+00 -1.594900554426606050e+02
-3.868293049200971723e+00 -1.597057359239339860e+02
-3.839744761014998176e+00 -1.598802282652837903e+02
-3.811196472829010418e+00 -1.600178949902303032e+02
-3.782648184643022660e+00 -1.601305951746290361e+02
-3.754099896457034902e+00 -1.602314362372559060e+02
-3.725551608271061355e+00 -1.603343634072641350e+02
-3.697003320085073597e+00 -1.604500824807347215e+02
-3.668455031899085839e+00 -1.605849535135407962e+02
-3.639906743713098081e+00 -1.607383851527812624e+02
-3.611358455527110323e+00 -1.609032620862915337e+02
-3.582810167341136776e+00 -1.610626462182503076e+02
-3.554261879155149018e+00 -1.611740108476839168e+02
-3.525713590969161260e+00 -1.612644058649553358e+02
-3.497165302783173502e+00 -1.613083748521282814e+02
-3.468617014597185744e+00 -1.612915484394605130e+02
-3.440068726411197986e+00 -1.612233443493078084e+02
-3.411520438225224439e+00 -1.611155481079621836e+02
-3.382972150039236681e+00 -1.609868694092913870e+02
-3.354423861853248923e+00 -1.608572539999261437e+02
-3.325875573667261165e+00 -1.607453142696626855e+02
-3.297327285481287618e+00 -1.606630609872698301e+02
-3.268778997295285649e+00 -1.606162911695247999e+02
-3.240230709109312102e+00 -1.606054181817545157e+02
-3.211682420923324344e+00 -1.606294615434611899e+02
-3.183134132737336586e+00 -1.606613320559775957e+02
-3.154585844551363039e+00 -1.606858936125293553e+02
-3.126037556365375281e+00 -1.606651107688903721e+02
-3.097489268179387523e+00 -1.606142664022517863e+02
-3.068940979993399765e+00 -1.605323015397858057e+02
-3.040392691807412007e+00 -1.604062361952422577e+02
-3.011844403621424249e+00 -1.602492693312364906e+02
-2.983296115435450702e+00 -1.600765743758238386e+02
-2.954747827249462944e+00 -1.599044792835828446e+02
-2.926199539063475186e+00 -1.597482157031593033e+02
-2.897651250877487428e+00 -1.596191745268510545e+02
-2.869102962691499670e+00 -1.595338764651491203e+02
-2.840554674505511912e+00 -1.594851654241900007e+02
-2.812006386319538365e+00 -1.594568431915426743e+02
-2.783458098133550607e+00 -1.594416108712866560e+02
-2.754909809947562849e+00 -1.594280158737071247e+02
-2.726361521761589302e+00 -1.594027506915988113e+02
-2.697813233575601544e+00 -1.593509722478080732e+02
-2.669264945389599575e+00 -1.592553024517783342e+02
-2.640716657203626028e+00 -1.591371564434867594e+02
-2.612168369017638270e+00 -1.589950057603025186e+02
-2.583620080831650512e+00 -1.588309712035825498e+02
-2.555071792645676965e+00 -1.586627338433002592e+02
-2.526523504459689207e+00 -1.585030330731563879e+02
-2.497975216273701449e+00 -1.583894676728368154e+02
-2.469426928087713691e+00 -1.582920777955768870e+02
-2.440878639901725933e+00 -1.582124302000298997e+02
-2.412330351715738175e+00 -1.581521941684302419e+02
-2.383782063529764628e+00 -1.581076684597514088e+02
-2.355233775343776870e+00 -1.580710050432892331e+02
-2.326685487157789112e+00 -1.580318712341793059e+02
-2.298137198971801354e+00 -1.579798233883560101e+02
-2.269588910785813596e+00 -1.579066841833056856e+02
-2.241040622599825838e+00 -1.578025131209234644e+02
-2.212492334413852291e+00 -1.576771513334478527e+02
-2.183944046227864533e+00 -1.575385358291437683e+02
-2.155395758041876775e+00 -1.574026749218309362e+02
-2.126847469855889017e+00 -1.572951489465842201e+02
-2.098299181669901259e+00 -1.571806068551295539e+02
-2.069750893483913501e+00 -1.570717987165196519e+02
-2.041202605297939954e+00 -1.569774728992977941e+02
-2.012654317111952196e+00 -1.569015322866166002e+02
-1.984106028925964438e+00 -1.568430655862013055e+02
-1.955557740739990891e+00 -1.567970450132655174e+02
-1.927009452553988922e+00 -1.567556340208297456e+02
-1.898461164368001164e+00 -1.567098694307830726e+02
-1.869912876182027617e+00 -1.566516216453567552e+02
-1.841364587996039859e+00 -1.565754523283612514e+02
-1.812816299810052101e+00 -1.564794328351574677e+02
-1.784268011624078554e+00 -1.564060769777046005e+02
-1.755719723438090796e+00 -1.563303305970121926e+02
-1.727171435252088827e+00 -1.562310501083499616e+02
-1.698623147066115280e+00 -1.561179645695934823e+02
-1.670074858880127522e+00 -1.560067738681552783e+02
-1.641526570694139764e+00 -1.559071729023490605e+02
-1.612978282508166217e+00 -1.558247383500371370e+02
-1.584429994322178459e+00 -1.557606852754722695e+02
-1.555881706136190701e+00 -1.557122469854740245e+02
-1.527333417950202943e+00 -1.556735708225750443e+02
-1.498785129764215185e+00 -1.556370205042505290e+02
-1.470236841578227427e+00 -1.555947650972079828e+02
-1.441688553392253880e+00 -1.555404401571542508e+02
-1.413140265206266122e+00 -1.555526396856899680e+02
-1.384591977020278364e+00 -1.555229378239307607e+02
-1.356043688834304817e+00 -1.554548414181626299e+02
-1.327495400648302848e+00 -1.553603553412722533e+02
-1.298947112462315090e+00 -1.552527882695936228e+02
-1.270398824276341543e+00 -1.551429614808719180e+02
-1.241850536090353785e+00 -1.550414929026306368e+02
-1.213302247904366027e+00 -1.549561672292731487e+02
-1.184753959718392480e+00 -1.548899249642712732e+02
-1.156205671532404722e+00 -1.548418493717092019e+02
-1.127657383346402753e+00 -1.548077676382751520e+02
-1.099109095160429206e+00 -1.547812365867566768e+02
-1.070560806974441448e+00 -1.547947223164922548e+02
-1.042012518788453690e+00 -1.548535614273689589e+02
-1.013464230602480143e+00 -1.548741482744044902e+02
-9.849159424164923848e-01 -1.548535797351962344e+02
-9.563676542305046269e-01 -1.547954409361873331e+02
-9.278193660445168689e-01 -1.547086728327873573e+02
-8.992710778585291109e-01 -1.546051544847576338e+02
-8.707227896725413530e-01 -1.544981258227999774e+02
-8.421745014865678058e-01 -1.543986325644341093e+02
-8.136262133005800479e-01 -1.543121904739936383e+02
-7.850779251145922899e-01 -1.542456693830985444e+02
-7.565296369286187428e-01 -1.541998381109436309e+02
-7.279813487426167740e-01 -1.541720436684979063e+02
-6.994330605566290160e-01 -1.542450365173400542e+02
-6.708847723706554689e-01 -1.543366956160987229e+02
-6.423364841846677109e-01 -1.544016969906778343e+02
-6.137881959986799529e-01 -1.544296073437888879e+02
-5.852399078127064058e-01 -1.544148052352719560e+02
-5.566916196267186479e-01 -1.543572975660602253e+02
-5.281433314407166790e-01 -1.542621198910094051e+02
-4.995950432547431319e-01 -1.541375474049642662e+02
-4.710467550687553739e-01 -1.539927614466054138e+02
-4.424984668827676160e-01 -1.538357465353187763e+02
-4.139501786967940689e-01 -1.536717862318768937e+02
-3.854018905108063109e-01 -1.535027056454962064e+02
-3.568536023248043421e-01 -1.533421914332160441e+02
-3.283053141388307949e-01 -1.532664168418030215e+02
-2.997570259528430370e-01 -1.531562557096752073e+02
-2.712087377668552790e-01 -1.530044400754778451e+02
-2.426604495808817319e-01 -1.528092677942145201e+02
-2.141121613948939739e-01 -1.525755335175361154e+02
-1.855638732088920051e-01 -1.523138847033909258e+02
-1.570155850229184580e-01 -1.520389327393610870e+02
-1.284672968369307000e-01 -1.517668741002590025e+02
-9.991900865094294204e-02 -1.515133687707138392e+02
-7.137072046496939492e-02 -1.512920800309138940e+02
-4.282243227898163695e-02 -1.511139112907508775e+02
-1.427414409299387898e-02 -1.509866846769762390e+02
1.427414409299387898e-02 -1.509866846769762390e+02
4.282243227898163695e-02 -1.511139112907507922e+02
7.137072046496939492e-02 -1.512920800309136666e+02
9.991900865094294204e-02 -1.515133687707155445e+02
1.284672968369307000e-01 -1.517668741002586046e+02
1.570155850229184580e-01 -1.520389327393616838e+02
1.855638732088920051e-01 -1.523138847033898742e+02
2.141121613948939739e-01 -1.525755335175361154e+02
2.426604495808817319e-01 -1.528092677942137243e+02
2.712087377668552790e-01 -1.530044400754773335e+02
2.997570259528430370e-01 -1.531562557096753210e+02
3.283053141388307949e-01 -1.532664168418034194e+02
3.568536023248043421e-01 -1.533421914332163567e+02
3.854018905107921000e-01 -1.535027056454976275e+02
4.139501786967940689e-01 -1.536717862318766663e+02
4.424984668827676160e-01 -1.538357465353181226e+02
4.710467550687553739e-01 -1.539927614466048453e+02
4.995950432547431319e-01 -1.541375474049631862e+02
5.281433314407166790e-01 -1.542621198910099736e+02
5.566916196267044370e-01 -1.543572975660595432e+02
5.852399078126921950e-01 -1.544148052352739455e+02
6.137881959986799529e-01 -1.544296073437868131e+02
6.423364841846677109e-01 -1.544016969906747647e+02
6.708847723706554689e-01 -1.543366956160964776e+02
6.994330605566290160e-01 -1.542450365173411058e+02
7.279813487426167740e-01 -1.541720436684931599e+02
7.565296369286045319e-01 -1.541998381109393961e+02
7.850779251145780790e-01 -1.542456693830939116e+02
8.136262133005800479e-01 -1.543121904739935246e+02
8.421745014865678058e-01 -1.543986325644307271e+02
8.707227896725413530e-01 -1.544981258227996648e+02
8.992710778585291109e-01 -1.546051544847570653e+02
9.278193660445168689e-01 -1.547086728327876699e+02
9.563676542304904160e-01 -1.547954409361848320e+02
9.849159424164781740e-01 -1.548535797351947849e+02
1.013464230602480143e+00 -1.548741482744063660e+02
1.042012518788453690e+00 -1.548535614273689305e+02
1.070560806974441448e+00 -1.547947223164927095e+02
1.099109095160429206e+00 -1.547812365867595474e+02
1.127657383346402753e+00 -1.548077676382743277e+02
1.156205671532390511e+00 -1.548418493717105378e+02
1.184753959718378269e+00 -1.548899249642713301e+02
1.213302247904366027e+00 -1.549561672292740013e+02
1.241850536090353785e+00 -1.550414929026304662e+02
1.270398824276341543e+00 -1.551429614808721738e+02
1.298947112462315090e+00 -1.552527882695931396e+02
1.327495400648302848e+00 -1.553603553412721112e+02
1.356043688834304817e+00 -1.554548414181633689e+02
1.384591977020264153e+00 -1.555229378239301070e+02
1.413140265206266122e+00 -1.555526396856893427e+02
1.441688553392253880e+00 -1.555404401571532276e+02
1.470236841578227427e+00 -1.555947650972090628e+02
1.498785129764215185e+00 -1.556370205042489943e+02
1.527333417950202943e+00 -1.556735708225770622e+02
1.555881706136190701e+00 -1.557122469854751614e+02
1.584429994322164248e+00 -1.557606852754742874e+02
1.612978282508166217e+00 -1.558247383500368244e+02
1.641526570694139764e+00 -1.559071729023496289e+02
1.670074858880127522e+00 -1.560067738681550225e+02
1.698623147066115280e+00 -1.561179645695938234e+02
1.727171435252088827e+00 -1.562310501083503880e+02
1.755719723438090796e+00 -1.563303305970123631e+02
1.784268011624064343e+00 -1.564060769777027531e+02
1.812816299810052101e+00 -1.564794328351550234e+02
1.841364587996039859e+00 -1.565754523283600008e+02
1.869912876182027617e+00 -1.566516216453585457e+02
1.898461164368001164e+00 -1.567098694307840105e+02
1.927009452553988922e+00 -1.567556340208277561e+02
1.955557740739976680e+00 -1.567970450132637552e+02
1.984106028925964438e+00 -1.568430655861988328e+02
2.012654317111952196e+00 -1.569015322866176234e+02
2.041202605297939954e+00 -1.569774728992951509e+02
2.069750893483913501e+00 -1.570717987165192824e+02
2.098299181669901259e+00 -1.571806068551286444e+02
2.126847469855889017e+00 -1.572951489465839927e+02
2.155395758041876775e+00 -1.574026749218336363e+02
2.183944046227864533e+00 -1.575385358291421483e+02
2.212492334413852291e+00 -1.576771513334480801e+02
2.241040622599825838e+00 -1.578025131209246297e+02
2.269588910785813596e+00 -1.579066841833075614e+02
2.298137198971801354e+00 -1.579798233883544185e+02
2.326685487157774901e+00 -1.580318712341770322e+02
2.355233775343776870e+00 -1.580710050432871867e+02
2.383782063529750417e+00 -1.581076684597483109e+02
2.412330351715738175e+00 -1.581521941684302988e+02
2.440878639901725933e+00 -1.582124302000308660e+02
2.469426928087713691e+00 -1.582920777955775122e+02
2.497975216273687238e+00 -1.583894676728344280e+02
2.526523504459674996e+00 -1.585030330731590311e+02
2.555071792645662754e+00 -1.586627338432998613e+02
2.583620080831650512e+00 -1.588309712035833172e+02
2.612168369017638270e+00 -1.589950057603012965e+02
2.640716657203626028e+00 -1.591371564434885215e+02
2.669264945389599575e+00 -1.592553024517792721e+02
2.697813233575587333e+00 -1.593509722478090680e+02
2.726361521761575091e+00 -1.594027506915997492e+02
2.754909809947562849e+00 -1.594280158737081763e+02
2.783458098133550607e+00 -1.594416108712875086e+02
2.812006386319524154e+00 -1.594568431915434985e+02
2.840554674505511912e+00 -1.594851654241896313e+02
2.869102962691499670e+00 -1.595338764651495751e+02
2.897651250877487428e+00 -1.596191745268545787e+02
2.926199539063460975e+00 -1.597482157031595307e+02
2.954747827249462944e+00 -1.599044792835827025e+02
2.983296115435436491e+00 -1.600765743758236965e+02
3.011844403621424249e+00 -1.602492693312360075e+02
3.040392691807412007e+00 -1.604062361952404387e+02
3.068940979993399765e+00 -1.605323015397875963e+02
3.097489268179373312e+00 -1.606142664022522126e+02
3.126037556365361070e+00 -1.606651107688900026e+02
3.154585844551348828e+00 -1.606858936125298101e+02
3.183134132737336586e+00 -1.606613320559786189e+02
3.211682420923324344e+00 -1.606294615434602520e+02
3.240230709109297891e+00 -1.606054181817550557e+02
3.268778997295285649e+00 -1.606162911695267894e+02
3.297327285481287618e+00 -1.606630609872710238e+02
3.325875573667261165e+00 -1.607453142696640214e+02
3.354423861853248923e+00 -1.608572539999272806e+02
3.382972150039236681e+00 -1.609868694092929218e+02
3.411520438225210228e+00 -1.611155481079639173e+02
3.440068726411197986e+00 -1.612233443493085474e+02
3.468617014597185744e+00 -1.612915484394620762e+02
3.497165302783173502e+00 -1.613083748521290488e+02
3.525713590969147049e+00 -1.612644058649557337e+02
3.554261879155149018e+00 -1.611740108476837747e+02
3.582810167341122565e+00 -1.610626462182503644e+02
3.611358455527110323e+00 -1.609032620862919885e+02
3.639906743713098081e+00 -1.607383851527814045e+02
3.668455031899071628e+00 -1.605849535135386645e+02
3.697003320085073597e+00 -1.604500824807348067e+02
3.725551608271047144e+00 -1.603343634072638508e+02
3.754099896457034902e+00 -1.602314362372567302e+02
3.782648184643022660e+00 -1.601305951746284677e+02
3.811196472829010418e+00 -1.600178949902306442e+02
3.839744761014983965e+00 -1.598802282652834776e+02
3.868293049200971723e+00 -1.597057359239336449e+02
3.896841337386973692e+00 -1.594900554426611734e+02
3.925389625572947239e+00 -1.592349127446229886e+02
3.953937913758934997e+00 -1.589481793666912495e+02
3.982486201944922755e+00 -1.586404232220688471e+02
4.011034490130896302e+00 -1.583286707914498095e+02
4.039582778316884060e+00 -1.580188520254739331e+02
4.068131066502871818e+00 -1.577034244100746889e+02
4.096679354688859576e+00 -1.574029213526708588e+02
4.125227642874847334e+00 -1.571142500640174262e+02
4.153775931060835092e+00 -1.568401178736494899e+02
4.182324219246808639e+00 -1.565734931935477334e+02
4.210872507432796397e+00 -1.563110285581090864e+02
4.239420795618784155e+00 -1.560468630935320107e+02
4.267969083804757702e+00 -1.557771265511434251e+02
4.296517371990759671e+00 -1.554999106481761544e+02
4.325065660176747429e+00 -1.552153250802882951e+02
4.353613948362720976e+00 -1.549260869338705220e+02
4.382162236548708734e+00 -1.546345866188249261e+02
4.410710524734696492e+00 -1.543449024158990710e+02
4.439258812920670039e+00 -1.540611091129556769e+02
4.467807101106657797e+00 -1.538994782868529683e+02
4.496355389292659765e+00 -1.531649627426774600e+02
4.524903677478633313e+00 -1.522722210016561917e+02
4.553451965664621071e+00 -1.513823195417940326e+02
4.582000253850608829e+00 -1.505074607953232544e+02
4.610548542036582376e+00 -1.496574691916221980e+02
4.639096830222570134e+00 -1.488409571271850496e+02
4.667645118408557892e+00 -1.480662050264234040e+02
4.696193406594545650e+00 -1.473397136279064910e+02
4.724741694780533408e+00 -1.466675309124994158e+02
4.753289982966521166e+00 -1.460547311039846363e+02
4.781838271152494713e+00 -1.455057693227032019e+02
4.810386559338482471e+00 -1.450245274414214407e+02
4.838934847524470229e+00 -1.446236822741709602e+02
4.867483135710443776e+00 -1.442885824160860579e+02
4.896031423896445745e+00 -1.440311466080179628e+02
4.924579712082433502e+00 -1.438498089379382918e+02
4.953128000268407050e+00 -1.436761058509162012e+02
4.981676288454394808e+00 -1.435829213897403065e+02
5.010224576640382566e+00 -1.435558214770521772e+02
5.038772864826356113e+00 -1.435905125770548239e+02
5.067321153012343871e+00 -1.436809727131734178e+02
5.095869441198345839e+00 -1.438193548027346651e+02
5.124417729384319387e+00 -1.439954137151439966e+02
5.152966017570307145e+00 -1.441969647808984689e+02
5.181514305756294902e+00 -1.444103592780209340e+02
5.210062593942268450e+00 -1.446087707472824206e+02
5.238610882128270418e+00 -1.448072443037497976e+02
5.267159170314243966e+00 -1.449832679874311623e+02
5.295707458500231724e+00 -1.451338158043949988e+02
5.324255746686219481e+00 -1.452568754225036969e+02
5.352804034872207239e+00 -1.453872595921995980e+02
5.381352323058180787e+00 -1.454526797828836777e+02
5.409900611244168545e+00 -1.454927575266061126e+02
5.438448899430170513e+00 -1.455422960196189308e+02
5.466997187616129850e+00 -1.456104647040766338e+02
5.495545475802131818e+00 -1.457009930344556210e+02
5.524093763988119576e+00 -1.458185868831280914e+02
5.552642052174093124e+00 -1.459398371583015717e+02
5.581190340360080882e+00 -1.460957061010443852e+02
5.609738628546068639e+00 -1.462551663184634663e+02
5.638286916732056397e+00 -1.464131165910590084e+02
5.666835204918029945e+00 -1.465485893624091602e+02
5.695383493104031913e+00 -1.466756357053375552e+02
5.723931781290005461e+00 -1.467863931062942413e+02
5.752480069475993218e+00 -1.468817190579067358e+02
5.781028357661980976e+00 -1.469794338194773502e+02
5.809576645847954524e+00 -1.470876556096271770e+02
5.838124934033956492e+00 -1.471275181666278797e+02
5.866673222219930040e+00 -1.471820621345619884e+02
5.895221510405917797e+00 -1.472490497007538579e+02
5.923769798591905555e+00 -1.473605828137056903e+02
5.952318086777893313e+00 -1.474931585210179037e+02
5.980866374963866861e+00 -1.476491945491099500e+02
6.009414663149854618e+00 -1.477968713286995524e+02
6.037962951335856587e+00 -1.479582733080825960e+02
6.066511239521830134e+00 -1.481021273033179000e+02
6.095059527707817892e+00 -1.482123611286893947e+02
6.123607815893805650e+00 -1.483023129650365206e+02
6.152156104079779197e+00 -1.483645443543112492e+02
6.180704392265766955e+00 -1.484128843970778178e+02
6.209252680451754713e+00 -1.484436038532969633e+02
6.237800968637742471e+00 -1.485252345325162082e+02
6.266349256823730229e+00 -1.485527365648795808e+02
6.294897545009717987e+00 -1.485810947432058526e+02
6.323445833195691534e+00 -1.486335085832579068e+02
6.351994121381679292e+00 -1.487111432881363555e+02
6.380542409567667050e+00 -1.488270779154097454e+02
6.409090697753640598e+00 -1.489516279478717138e+02
6.437638985939642566e+00 -1.490743410664276780e+02
6.466187274125630324e+00 -1.491905099565223907e+02
6.494735562311603871e+00 -1.492778594311076859e+02
6.523283850497591629e+00 -1.493314134416797856e+02
6.551832138683579387e+00 -1.493401607860006379e+02
6.580380426869552934e+00 -1.493368932048425677e+02
6.608928715055540692e+00 -1.493158089984432593e+02
6.637477003241542661e+00 -1.493072574170397218e+02
6.666025291427516208e+00 -1.493117691331517278e+02
6.694573579613503966e+00 -1.493518868979130332e+02
6.723121867799491724e+00 -1.493500833161116930e+02
6.751670155985465271e+00 -1.493748883921133199e+02
6.780218444171453029e+00 -1.494361705723944169e+02
6.808766732357440787e+00 -1.495118267713891385e+02
6.837315020543428545e+00 -1.495962254255717596e+02
6.865863308729416303e+00 -1.496714042989329982e+02
6.894411596915404061e+00 -1.497290857401211213e+02
6.922959885101377608e+00 -1.497532635685174398e+02
6.951508173287365366e+00 -1.497493057229506235e+02
6.980056461473353124e+00 -1.497167726746300218e+02
7.008604749659326671e+00 -1.496575574116797611e+02
7.037153037845328640e+00 -1.495964219058420213e+02
7.065701326031316398e+00 -1.495444611376412354e+02
7.094249614217289945e+00 -1.495261376546958445e+02
7.122797902403277703e+00 -1.495498449229702658e+02
7.151346190589265461e+00 -1.495501721208744641e+02
7.179894478775253219e+00 -1.495708155114325564e+02
7.208442766961226766e+00 -1.496129547158671471e+02
7.236991055147228735e+00 -1.496689651513973160e+02
7.265539343333202282e+00 -1.497244335268231055e+02
7.294087631519190040e+00 -1.497703216340601671e+02
7.322635919705177798e+00 -1.497881484016375282e+02
7.351184207891151345e+00 -1.497828683400758791e+02
7.379732496077153314e+00 -1.497377784840853394e+02
7.408280784263126861e+00 -1.496798399518794440e+02
7.436829072449114619e+00 -1.496149743020368987e+02
7.465377360635102377e+00 -1.495450950249943673e+02
7.493925648821090135e+00 -1.494957688735093768e+02
7.522473937007063682e+00 -1.494740197060915534e+02
7.551022225193051440e+00 -1.494812107828224725e+02
7.579570513379053409e+00 -1.495159838825557301e+02
7.608118801565012745e+00 -1.495412104271020723e+02
7.636667089751014714e+00 -1.495842374529072458e+02
7.665215377937002472e+00 -1.496328247062916716e+02
7.693763666122976019e+00 -1.496794768967975244e+02
7.722311954308963777e+00 -1.497042812328577668e+02
7.750860242494951535e+00 -1.497130531255095036e+02
7.779408530680939293e+00 -1.496898137906872535e+02
7.807956818866912840e+00 -1.496514538234058307e+02
7.836505107052914809e+00 -1.495969971224393191e+02
7.865053395238888356e+00 -1.495309982028853710e+02
7.893601683424876114e+00 -1.494830252390148644e+02
7.922149971610863872e+00 -1.494513121970558132e+02
7.950698259796837419e+00 -1.494439847249454374e+02
7.979246547982839388e+00 -1.494613413874000116e+02
8.007794836168827146e+00 -1.495066851881910281e+02
8.036343124354800693e+00 -1.495580032963370058e+02
8.064891412540788451e+00 -1.496118197653192112e+02
8.093439700726776209e+00 -1.496686802073621436e+02
8.121987988912749756e+00 -1.497073125143192271e+02
8.150536277098737514e+00 -1.497383504653424495e+02
8.179084565284739483e+00 -1.497408593005854982e+02
8.207632853470713030e+00 -1.497283129711782976e+02
8.236181141656700788e+00 -1.496984949389866699e+02
8.264729429842688546e+00 -1.496592146627709781e+02
8.293277718028662093e+00 -1.496143300236026334e+02
8.321826006214649851e+00 -1.495886291858184620e+02
8.350374294400637609e+00 -1.495792766453076297e+02
8.378922582586625367e+00 -1.495950852705881289e+02
8.407470870772613125e+00 -1.496349102368671424e+02
8.436019158958600883e+00 -1.496937541810206653e+02
8.464567447144574430e+00 -1.497692039649788001e+02
8.493115735330562188e+00 -1.498401274695793859e+02
8.521664023516549946e+00 -1.499036715580872681e+02
8.550212311702523493e+00 -1.499597121612594037e+02
8.578760599888525462e+00 -1.499901510758595577e+02
8.607308888074513220e+00 -1.500015613426180323e+02
8.635857176260486767e+00 -1.499984803655416670e+02
8.664405464446474525e+00 -1.499821144429714650e+02
8.692953752632462283e+00 -1.499563626099470923e+02
8.721502040818435830e+00 -1.499403516767135898e+02
8.750050329004423588e+00 -1.499363507214648621e+02
8.778598617190411346e+00 -1.499549001913757422e+02
8.807146905376399104e+00 -1.499963388959945689e+02
8.835695193562386862e+00 -1.500603171038137589e+02
8.864243481748374620e+00 -1.501433313133254615e+02
8.892791769934348167e+00 -1.502340022287342265e+02
8.921340058120335925e+00 -1.503213402278379647e+02
8.949888346306323683e+00 -1.504021429209906273e+02
8.978436634492311441e+00 -1.504678209398701370e+02
9.006984922678299199e+00 -1.505046433300027786e+02
9.035533210864286957e+00 -1.505261784601237878e+02
9.064081499050260504e+00 -1.505266993168000624e+02
9.092629787236248262e+00 -1.505247032208333451e+02
9.121178075422236020e+00 -1.505213919654989070e+02
9.149726363608209567e+00 -1.505251038627313278e+02
9.178274651794211536e+00 -1.505466181892373925e+02
9.206822939980185083e+00 -1.505940325434442002e+02
9.235371228166172841e+00 -1.506632527659191396e+02
9.263919516352160599e+00 -1.507561726337683297e+02
9.292467804538148357e+00 -1.508546562540913953e+02
9.321016092724136115e+00 -1.509646813477527871e+02
9.349564380910109662e+00 -1.510692082035336341e+02
9.378112669096097420e+00 -1.511618044036897288e+02
9.406660957282085178e+00 -1.512252275915072346e+02
9.435209245468072936e+00 -1.512747814139028151e+02
9.463757533654060694e+00 -1.512952818690049810e+02
9.492305821840034241e+00 -1.513072493819429667e+02
9.520854110026036210e+00 -1.513092385137704809e+02
9.549402398212009757e+00 -1.513193867077920061e+02
9.577950686397997515e+00 -1.513411064464404774e+02
9.606498974583985273e+00 -1.513871567201964865e+02
9.635047262769958820e+00 -1.514579950703895292e+02
9.663595550955946578e+00 -1.515547322496477136e+02
9.692143839141934336e+00 -1.516727147503752917e+02
9.720692127327922094e+00 -1.517910623655404265e+02
9.749240415513895641e+00 -1.519220149839957230e+02
9.777788703699897610e+00 -1.520258988214582132e+02
9.806336991885871157e+00 -1.521219421051613949e+02
9.834885280071858915e+00 -1.521927670869284839e+02
9.863433568257846673e+00 -1.522294975676355193e+02
9.891981856443834431e+00 -1.522472610174140186e+02
9.920530144629822189e+00 -1.522567325836944860e+02
9.949078432815809947e+00 -1.522617559296209038e+02
9.977626721001783494e+00 -1.522784729562823429e+02
1.000617500918777125e+01 -1.523050006556004234e+02
1.003472329737375901e+01 -1.523678520375736980e+02
1.006327158555973256e+01 -1.524581364205494367e+02
1.009181987374572032e+01 -1.525749394131624967e+02
1.012036816193172228e+01 -1.526963577323693073e+02
1.014891645011769583e+01 -1.528371283791571784e+02
1.017746473830368359e+01 -1.529595406643926481e+02
1.020601302648967135e+01 -1.530760113188938476e+02
1.023456131467564489e+01 -1.531480345778784908e+02
1.026310960286163265e+01 -1.531998426855098785e+02
1.029165789104762041e+01 -1.532138425392741112e+02
1.032020617923360817e+01 -1.532098692853832347e+02
1.034875446741959593e+01 -1.531996452970949747e+02
1.037730275560558368e+01 -1.531923650961850853e+02
1.040585104379155723e+01 -1.531931630173934593e+02
1.043439933197754499e+01 -1.532290856200315261e+02
1.046294762016353275e+01 -1.532952226995554383e+02
1.049149590834950629e+01 -1.533893745377710331e+02
1.052004419653550826e+01 -1.534931457577611411e+02
1.054859248472149602e+01 -1.536208193002909468e+02
1.057714077290746957e+01 -1.537358021707473483e+02
1.060568906109345733e+01 -1.538458948102513375e+02
1.063423734927944508e+01 -1.539252771833598104e+02
1.066278563746541863e+01 -1.539691956105879740e+02
1.069133392565140639e+01 -1.539732825047269671e+02
1.071988221383740836e+01 -1.539401528165353739e+02
1.074843050202338191e+01 -1.538965516214061608e+02
1.077697879020936966e+01 -1.538532917293750586e+02
1.080552707839535742e+01 -1.538221158632218248e+02
1.083407536658133097e+01 -1.538015785980301757e+02
1.086262365476731873e+01 -1.538200045590661205e+02
1.089117194295330648e+01 -1.538556483883317298e+02
1.091972023113929424e+01 -1.539275136392404590e+02
1.094826851932528200e+01 -1.540047111183227742e+02
1.097681680751126976e+01 -1.540943833712324249e+02
1.100536509569724331e+01 -1.541727258040710069e+02
1.103391338388323106e+01 -1.542222206314692698e+02
1.106246167206921882e+01 -1.542471577350357563e+02
1.109100996025519237e+01 -1.542328960995571379e+02
1.111955824844119434e+01 -1.541889952470618255e+02
1.114810653662718209e+01 -1.541128011673143874e+02
1.117665482481315564e+01 -1.540297354740336289e+02
1.120520311299914340e+01 -1.539514001685619178e+02
1.123375140118513116e+01 -1.538828149933405314e+02
1.126229968937111892e+01 -1.538461741205487385e+02
1.129084797755709246e+01 -1.538281772989785168e+02
1.131939626574309443e+01 -1.538426036798701944e+02
1.134794455392906798e+01 -1.538687444043061987e+02
1.137649284211505574e+01 -1.539129883182478693e+02
1.140504113030104349e+01 -1.539452150201609584e+02
1.143358941848701704e+01 -1.539671794885193208e+02
1.146213770667301901e+01 -1.539589312144098017e+02
1.149068599485899256e+01 -1.539275412535588146e+02
1.151923428304498032e+01 -1.538661763600920551e+02
1.154778257123096807e+01 -1.537836225749492485e+02
1.157633085941695583e+01 -1.536938487481117193e+02
1.160487914760292938e+01 -1.535823572748409731e+02
1.163342743578891714e+01 -1.534884149159246363e+02
1.166197572397491911e+01 -1.534082116096313086e+02
1.169052401216087844e+01 -1.533555584508272034e+02
1.171907230034688041e+01 -1.533321080719366591e+02
1.174762058853286817e+01 -1.533194118906041297e+02
1.177616887671884172e+01 -1.533161381687823734e+02
1.180471716490482947e+01 -1.533239659694828276e+02
1.183326545309081723e+01 -1.533165515878848453e+02
1.186181374127680499e+01 -1.533001133840890020e+02
1.189036202946279275e+01 -1.532586886648773259e+02
1.191891031764878051e+01 -1.531984077376026505e+02
1.194745860583475405e+01 -1.531159806140716171e+02
1.197600689402074181e+01 -1.530244484925647157e+02
1.200455518220672957e+01 -1.529293966091508423e+02
1.203310347039270312e+01 -1.528326249315367136e+02
1.206165175857870508e+01 -1.527405490726227697e+02
1.209020004676469284e+01 -1.526770699060839434e+02
1.211874833495066639e+01 -1.526242055680139913e+02
1.214729662313665415e+01 -1.525887723115209553e+02
1.217584491132264191e+01 -1.525746843324581619e+02
1.220439319950861545e+01 -1.525611456425758092e+02
1.223294148769460321e+01 -1.525515675539002416e+02
1.226148977588060518e+01 -1.525266710272240402e+02
1.229003806406657873e+01 -1.524903567548821854e+02
1.231858635225256648e+01 -1.524463614874208020e+02
1.234713464043855424e+01 -1.523801570278872930e+02
1.237568292862452779e+01 -1.523000187844252480e+02
1.240423121681051555e+01 -1.522155038500879130e+02
1.243277950499650331e+01 -1.521312520205240446e+02
1.246132779318249106e+01 -1.520667043393092683e+02
1.248987608136847882e+01 -1.519934431331444102e+02
1.251842436955446658e+01 -1.519369354790623845e+02
1.254697265774044013e+01 -1.519019845970990161e+02
1.257552094592642788e+01 -1.518743648804473310e+02
1.260406923411241564e+01 -1.518619230047948179e+02
1.263261752229838919e+01 -1.518513600357838413e+02
1.266116581048439116e+01 -1.518375717904546036e+02
1.268971409867037892e+01 -1.518146534356604889e+02
1.271826238685635246e+01 -1.517870892917587753e+02
1.274681067504234022e+01 -1.517412836878901885e+02
1.277535896322832798e+01 -1.516828624818399760e+02
1.280390725141430153e+01 -1.516173530209640319e+02
1.283245553960028928e+01 -1.515565506197443142e+02
1.286100382778629125e+01 -1.514916836200920898e+02
1.288955211597226480e+01 -1.514407125333506201e+02
1.291810040415825256e+01 -1.513941038837372446e+02
1.294664869234424032e+01 -1.513622169131660087e+02
1.297519698053021386e+01 -1.513377789459331950e+02
1.300374526871620162e+01 -1.513285167191512812e+02
1.303229355690218938e+01 -1.513236077371685155e+02
1.306084184508817714e+01 -1.513204815814955850e+02
1.308939013327416490e+01 -1.513185416355212567e+02
1.311793842146015265e+01 -1.513041236554147133e+02
1.314648670964612620e+01 -1.512795923293220994e+02
1.317503499783211396e+01 -1.512450790243524921e+02
1.320358328601811593e+01 -1.512056058601456527e+02
1.323213157420407526e+01 -1.511579166928906943e+02
1.326067986239007723e+01 -1.511153530769393569e+02
1.328922815057606499e+01 -1.510720420771079944e+02
1.331777643876203854e+01 -1.510393402152299700e+02
1.334632472694802630e+01 -1.510165847387845020e+02
1.337487301513401405e+01 -1.510031945671023834e+02
1.340342130332000181e+01 -1.510009498268356651e+02
1.343196959150597536e+01 -1.510047925369231621e+02
1.346051787969197733e+01 -1.510164054489433170e+02
1.348906616787795087e+01 -1.510246355224396666e+02
1.351761445606393863e+01 -1.510293477822232830e+02
1.354616274424992639e+01 -1.510261867039885146e+02
1.357471103243589994e+01 -1.510193893794653661e+02
1.360325932062190191e+01 -1.509998281880857576e+02
1.363180760880787545e+01 -1.509783588584280665e+02
1.366035589699386321e+01 -1.509470137785423276e+02
1.368890418517985097e+01 -1.509237419961782223e+02
1.371745247336583873e+01 -1.509023053282963929e+02
1.374600076155181227e+01 -1.508897307911540224e+02
1.377454904973780003e+01 -1.508864972974035652e+02
1.380309733792380200e+01 -1.508931857101938476e+02
1.383164562610976134e+01 -1.509113213932336066e+02
1.386019391429576331e+01 -1.509318576388504027e+02
1.388874220248175106e+01 -1.509552993356730326e+02
1.391729049066772461e+01 -1.509778088603098922e+02
1.394583877885371237e+01 -1.509996292363194641e+02
1.397438706703970013e+01 -1.510068746140119060e+02
1.400293535522568789e+01 -1.510142637843331386e+02
1.403148364341167564e+01 -1.510114224790557387e+02
1.406003193159766340e+01 -1.510030012015407124e+02
1.408858021978363695e+01 -1.509967909882837489e+02
1.411712850796962471e+01 -1.509888864174382093e+02
1.414567679615561246e+01 -1.509893764500034479e+02
1.417422508434158601e+01 -1.509959392900936450e+02
1.420277337252758798e+01 -1.510137510923816251e+02
1.423132166071357574e+01 -1.510396797156440130e+02
1.425986994889954929e+01 -1.510733872967916795e+02
