-1.425986994889954929e+01 -1.510733816399013847e+02
-1.423132166071357574e+01 -1.510396739898839087e+02
-1.420277337252758798e+01 -1.510137452767155821e+02
-1.417422508434160022e+01 -1.509959333618378423e+02
-1.414567679615561246e+01 -1.509893703891731036e+02
-1.411712850796962471e+01 -1.509888801998667418e+02
-1.408858021978363695e+01 -1.509967845871233862e+02
-1.406003193159766340e+01 -1.510029946125115998e+02
-1.403148364341167564e+01 -1.510114156817546416e+02
-1.400293535522568789e+01 -1.510142567812493155e+02
-1.397438706703971434e+01 -1.510068674089750118e+02
-1.394583877885371237e+01 -1.509996218168266182e+02
-1.391729049066772461e+01 -1.509778012430351737e+02
-1.388874220248175106e+01 -1.509552915154692982e+02
-1.386019391429576331e+01 -1.509318496120962436e+02
-1.383164562610977555e+01 -1.509113131440916220e+02
-1.380309733792380200e+01 -1.508931772296708687e+02
-1.377454904973780003e+01 -1.508864885557597688e+02
-1.374600076155181227e+01 -1.508897217606266565e+02
-1.371745247336583873e+01 -1.509022959849386893e+02
-1.368890418517985097e+01 -1.509237323032721747e+02
-1.366035589699386321e+01 -1.509470037309823738e+02
-1.363180760880788966e+01 -1.509783484279904258e+02
-1.360325932062190191e+01 -1.509998173846915108e+02
-1.357471103243589994e+01 -1.510193782088089449e+02
-1.354616274424992639e+01 -1.510261751860622610e+02
-1.351761445606393863e+01 -1.510293359126688415e+02
-1.348906616787795087e+01 -1.510246233236867681e+02
-1.346051787969197733e+01 -1.510163929216027441e+02
-1.343196959150598957e+01 -1.510047796935714928e+02
-1.340342130332000181e+01 -1.510009366493306686e+02
-1.337487301513401405e+01 -1.510031810399247547e+02
-1.334632472694802630e+01 -1.510165708311203616e+02
-1.331777643876203854e+01 -1.510393258927905720e+02
-1.328922815057606499e+01 -1.510720273070414237e+02
-1.326067986239007723e+01 -1.511153378369051836e+02
-1.323213157420408947e+01 -1.511579009789170698e+02
-1.320358328601811593e+01 -1.512055896464944738e+02
-1.317503499783211396e+01 -1.512450623547065618e+02
-1.314648670964612620e+01 -1.512795752323147838e+02
-1.311793842146015265e+01 -1.513041061719494564e+02
-1.308939013327416490e+01 -1.513185238308747103e+02
-1.306084184508817714e+01 -1.513204635129998223e+02
-1.303229355690220359e+01 -1.513235894265249328e+02
-1.300374526871621583e+01 -1.513284981704222787e+02
-1.297519698053021386e+01 -1.513377601285081937e+02
-1.294664869234424032e+01 -1.513621977912003160e+02
-1.291810040415825256e+01 -1.513940844448505914e+02
-1.288955211597226480e+01 -1.514406927277620412e+02
-1.286100382778629125e+01 -1.514916634384345855e+02
-1.283245553960030350e+01 -1.515565300251994074e+02
-1.280390725141431574e+01 -1.516173320452022324e+02
-1.277535896322832798e+01 -1.516828411170170057e+02
-1.274681067504234022e+01 -1.517412620059820654e+02
-1.271826238685635246e+01 -1.517870673734300908e+02
-1.268971409867037892e+01 -1.518146313981933986e+02
-1.266116581048439116e+01 -1.518375496872660619e+02
-1.263261752229840340e+01 -1.518513379414773397e+02
-1.260406923411241564e+01 -1.518619009628877734e+02
-1.257552094592642788e+01 -1.518743429044263564e+02
-1.254697265774044013e+01 -1.519019626379487704e+02
-1.251842436955446658e+01 -1.519369135453185891e+02
-1.248987608136847882e+01 -1.519934211183012565e+02
-1.246132779318249106e+01 -1.520666822029245111e+02
-1.243277950499651752e+01 -1.521312297788698800e+02
-1.240423121681051555e+01 -1.522154814429667908e+02
-1.237568292862452779e+01 -1.522999962343427285e+02
-1.234713464043855424e+01 -1.523801343449857484e+02
-1.231858635225256648e+01 -1.524463387879973482e+02
-1.229003806406657873e+01 -1.524903341667763357e+02
-1.226148977588060518e+01 -1.525266485967624703e+02
-1.223294148769461742e+01 -1.525515453800975365e+02
-1.220439319950861545e+01 -1.525611237644250764e+02
-1.217584491132264191e+01 -1.525746627436236338e+02
-1.214729662313665415e+01 -1.525887510095497532e+02
-1.211874833495066639e+01 -1.526241843979897510e+02
-1.209020004676469284e+01 -1.526770488232739638e+02
-1.206165175857870508e+01 -1.527405279695000786e+02
-1.203310347039271733e+01 -1.528326036407809170e+02
-1.200455518220672957e+01 -1.529293750979887534e+02
-1.197600689402074181e+01 -1.530244267236589621e+02
-1.194745860583475405e+01 -1.531159585493278712e+02
-1.191891031764878051e+01 -1.531983853479912057e+02
-1.189036202946279275e+01 -1.532586659775630835e+02
-1.186181374127680499e+01 -1.533000904279085148e+02
-1.183326545309081723e+01 -1.533165284193501066e+02
-1.180471716490482947e+01 -1.533239426032401695e+02
-1.177616887671884172e+01 -1.533161145579944673e+02
-1.174762058853286817e+01 -1.533193879256263585e+02
-1.171907230034688041e+01 -1.533320835777800824e+02
-1.169052401216089265e+01 -1.533555332937515630e+02
-1.166197572397491911e+01 -1.534081855077780858e+02
-1.163342743578891714e+01 -1.534883875417287982e+02
-1.160487914760292938e+01 -1.535823284266102178e+02
-1.157633085941695583e+01 -1.536938181417496310e+02
-1.154778257123096807e+01 -1.537835901919978028e+02
-1.151923428304498032e+01 -1.538661421045534041e+02
-1.149068599485900677e+01 -1.539275051121824163e+02
-1.146213770667301901e+01 -1.539588932332539457e+02
-1.143358941848701704e+01 -1.539671398198863130e+02
-1.140504113030104349e+01 -1.539451737704947050e+02
-1.137649284211505574e+01 -1.539129455582916819e+02
-1.134794455392906798e+01 -1.538687001307402511e+02
-1.131939626574309443e+01 -1.538425576482214581e+02
-1.129084797755710667e+01 -1.538281293332620976e+02
-1.126229968937111892e+01 -1.538461238015641470e+02
-1.123375140118513116e+01 -1.538827620261784830e+02
-1.120520311299914340e+01 -1.539513440637610415e+02
-1.117665482481315564e+01 -1.540296759838097103e+02
-1.114810653662718209e+01 -1.541127381026278442e+02
-1.111955824844119434e+01 -1.541889284642456914e+02
-1.109100996025520658e+01 -1.542328261506847866e+02
-1.106246167206923303e+01 -1.542470849574719978e+02
-1.103391338388323106e+01 -1.542221458076739964e+02
-1.100536509569724331e+01 -1.541726494049397616e+02
-1.097681680751126976e+01 -1.540943059895824092e+02
-1.094826851932528200e+01 -1.540046331773679640e+02
-1.091972023113929424e+01 -1.539274349786533094e+02
-1.089117194295332069e+01 -1.538555690586686069e+02
-1.086262365476733294e+01 -1.538199240307639855e+02
-1.083407536658134518e+01 -1.538014966627999058e+02
-1.080552707839535742e+01 -1.538220319389735096e+02
-1.077697879020936966e+01 -1.538532057097486927e+02
-1.074843050202338191e+01 -1.538964634110759846e+02
-1.071988221383740836e+01 -1.539400624769727983e+02
-1.069133392565142060e+01 -1.539731904470896211e+02
-1.066278563746543284e+01 -1.539691028188209145e+02
-1.063423734927944508e+01 -1.539251846323520283e+02
-1.060568906109345733e+01 -1.538458034048871923e+02
-1.057714077290746957e+01 -1.537357126744708751e+02
-1.054859248472149602e+01 -1.536207318944784674e+02
-1.052004419653550826e+01 -1.534930607468987489e+02
-1.049149590834952050e+01 -1.533892914886040728e+02
-1.046294762016353275e+01 -1.532951416933817370e+02
-1.043439933197754499e+01 -1.532290059213071345e+02
-1.040585104379157144e+01 -1.531930842772147230e+02
-1.037730275560558368e+01 -1.531922865762122115e+02
-1.034875446741959593e+01 -1.531995670472933853e+02
-1.032020617923360817e+01 -1.532097911134077322e+02
-1.029165789104763462e+01 -1.532137646151282411e+02
-1.026310960286163265e+01 -1.531997652491758970e+02
-1.023456131467565910e+01 -1.531479581934488579e+02
-1.020601302648967135e+01 -1.530759361879925677e+02
-1.017746473830368359e+01 -1.529594673612020870e+02
-1.014891645011769583e+01 -1.528370568452749865e+02
-1.012036816193172228e+01 -1.526962881094060549e+02
-1.009181987374573453e+01 -1.525748709899513642e+02
-1.006327158555974677e+01 -1.524580690276740427e+02
-1.003472329737375901e+01 -1.523677848301436484e+02
-1.000617500918777125e+01 -1.523049331497459207e+02
-9.977626721001797705e+00 -1.522784042530788327e+02
-9.949078432815809947e+00 -1.522616855622416097e+02
-9.920530144629822189e+00 -1.522566599229652979e+02
-9.891981856443834431e+00 -1.522471859388432733e+02
-9.863433568257846673e+00 -1.522294197907072828e+02
-9.834885280071858915e+00 -1.521926867221955035e+02
-9.806336991885885368e+00 -1.521218595360618906e+02
-9.777788703699897610e+00 -1.520258140903288790e+02
-9.749240415513909852e+00 -1.519219283462355747e+02
-9.720692127327922094e+00 -1.517909739619263974e+02
-9.692143839141934336e+00 -1.516726244814239237e+02
-9.663595550955946578e+00 -1.515546397883610723e+02
-9.635047262769973031e+00 -1.514578999797140852e+02
-9.606498974583985273e+00 -1.513870583588647207e+02
-9.577950686397997515e+00 -1.513410042168495409e+02
-9.549402398212023968e+00 -1.513192800001156115e+02
-9.520854110026036210e+00 -1.513091268655696808e+02
-9.492305821840034241e+00 -1.513071325746034859e+02
-9.463757533654060694e+00 -1.512951603307648156e+02
-9.435209245468072936e+00 -1.512746554380397868e+02
-9.406660957282085178e+00 -1.512250980344534241e+02
-9.378112669096111631e+00 -1.511616721526138463e+02
-9.349564380910123873e+00 -1.510690743028242196e+02
-9.321016092724136115e+00 -1.509645463607833733e+02
-9.292467804538148357e+00 -1.508545209125980477e+02
-9.263919516352160599e+00 -1.507560369891705818e+02
-9.235371228166172841e+00 -1.506631170475797603e+02
-9.206822939980199294e+00 -1.505938964098100428e+02
-9.178274651794211536e+00 -1.505464818268380327e+02
-9.149726363608223778e+00 -1.505249663829367250e+02
-9.121178075422250231e+00 -1.505212531374668288e+02
-9.092629787236248262e+00 -1.505245637598349049e+02
-9.064081499050260504e+00 -1.505265590033288561e+02
-9.035533210864286957e+00 -1.505260384355187568e+02
-9.006984922678299199e+00 -1.505045046479579014e+02
-8.978436634492311441e+00 -1.504676834263954959e+02
-8.949888346306337894e+00 -1.504020085871656534e+02
-8.921340058120350136e+00 -1.503212096302257805e+02
-8.892791769934348167e+00 -1.502338755452997248e+02
-8.864243481748374620e+00 -1.501432085186091570e+02
-8.835695193562386862e+00 -1.500601984982509975e+02
-8.807146905376399104e+00 -1.499962233257811590e+02
-8.778598617190425557e+00 -1.499547863209187426e+02
-8.750050329004437799e+00 -1.499362380485030712e+02
-8.721502040818450041e+00 -1.499402390190246308e+02
-8.692953752632462283e+00 -1.499562488403863654e+02
-8.664405464446474525e+00 -1.499819989556764028e+02
-8.635857176260486767e+00 -1.499983621924004353e+02
-8.607308888074513220e+00 -1.500014398797554520e+02
-8.578760599888525462e+00 -1.499900246721825283e+02
-8.550212311702537704e+00 -1.499595806413551031e+02
-8.521664023516549946e+00 -1.499035349223809703e+02
-8.493115735330562188e+00 -1.498399837674591311e+02
-8.464567447144574430e+00 -1.497690512240988596e+02
-8.436019158958600883e+00 -1.496935917157662743e+02
-8.407470870772613125e+00 -1.496347364869025682e+02
-8.378922582586625367e+00 -1.495948962573885126e+02
-8.350374294400651820e+00 -1.495790710665584413e+02
-8.321826006214649851e+00 -1.495884022584889124e+02
-8.293277718028662093e+00 -1.496140789081092635e+02
-8.264729429842688546e+00 -1.496589372369788578e+02
-8.236181141656700788e+00 -1.496981875343064985e+02
-8.207632853470713030e+00 -1.497279738344656437e+02
-8.179084565284739483e+00 -1.497404876665861195e+02
-8.150536277098751725e+00 -1.497379459115794020e+02
-8.121987988912749756e+00 -1.497068765196682421e+02
-8.093439700726776209e+00 -1.496682116957863968e+02
-8.064891412540788451e+00 -1.496113209949440375e+02
-8.036343124354800693e+00 -1.495574748082734686e+02
-8.007794836168827146e+00 -1.495061266353683038e+02
-7.979246547982839388e+00 -1.494607521576209592e+02
-7.950698259796837419e+00 -1.494433616923649879e+02
-7.922149971610863872e+00 -1.494506535455669223e+02
-7.893601683424876114e+00 -1.494823272727792300e+02
-7.865053395238888356e+00 -1.495302593097453610e+02
-7.836505107052914809e+00 -1.495962152915775221e+02
-7.807956818866927051e+00 -1.496506324987543053e+02
-7.779408530680939293e+00 -1.496889579634100187e+02
-7.750860242494951535e+00 -1.497121682465600827e+02
-7.722311954308963777e+00 -1.497033757721368659e+02
-7.693763666122976019e+00 -1.496785586864539539e+02
-7.665215377937002472e+00 -1.496319017755390917e+02
-7.636667089751014714e+00 -1.495833182933030514e+02
-7.608118801565026956e+00 -1.495402927558560862e+02
-7.579570513379053409e+00 -1.495150725196604071e+02
-7.551022225193051440e+00 -1.494803057316689490e+02
-7.522473937007063682e+00 -1.494731224160014733e+02
-7.493925648821090135e+00 -1.494948713575966508e+02
-7.465377360635102377e+00 -1.495441988171618846e+02
-7.436829072449114619e+00 -1.496140763562142979e+02
-7.408280784263141072e+00 -1.496789416302355562e+02
-7.379732496077153314e+00 -1.497368805349802301e+02
-7.351184207891151345e+00 -1.497819716190206236e+02
-7.322635919705177798e+00 -1.497872623053802386e+02
-7.294087631519190040e+00 -1.497694426998758672e+02
-7.265539343333202282e+00 -1.497235618777279171e+02
-7.236991055147228735e+00 -1.496681009588243114e+02
-7.208442766961240977e+00 -1.496120808489342551e+02
-7.179894478775253219e+00 -1.495699288689160937e+02
-7.151346190589265461e+00 -1.495492538731016907e+02
-7.122797902403277703e+00 -1.495488746346503888e+02
-7.094249614217289945e+00 -1.495251166394627091e+02
-7.065701326031316398e+00 -1.495433527086324830e+02
-7.037153037845328640e+00 -1.495951950035377536e+02
-7.008604749659340882e+00 -1.496562078124768789e+02
-6.980056461473367335e+00 -1.497152632036309967e+02
-6.951508173287365366e+00 -1.497476232889226537e+02
-6.922959885101377608e+00 -1.497513967797353018e+02
-6.894411596915404061e+00 -1.497270285964121967e+02
-6.865863308729416303e+00 -1.496691583602050173e+02
-6.837315020543428545e+00 -1.495937892681842243e+02
-6.808766732357454998e+00 -1.495091920036519184e+02
-6.780218444171467240e+00 -1.494333312249585504e+02
-6.751670155985465271e+00 -1.493718217386175411e+02
-6.723121867799491724e+00 -1.493467657354100311e+02
-6.694573579613503966e+00 -1.493482882565003820e+02
-6.666025291427516208e+00 -1.493079159826770308e+02
-6.637477003241542661e+00 -1.493031283181925630e+02
-6.608928715055554903e+00 -1.493114069581750414e+02
-6.580380426869567145e+00 -1.493321716600197533e+02
-6.551832138683579387e+00 -1.493352073599575647e+02
-6.523283850497591629e+00 -1.493262894468684578e+02
-6.494735562311603871e+00 -1.492724928786136900e+02
-6.466187274125630324e+00 -1.491851375817548160e+02
-6.437638985939642566e+00 -1.490690622462639396e+02
-6.409090697753654808e+00 -1.489461204059014392e+02
-6.380542409567667050e+00 -1.488217092932454761e+02
-6.351994121381679292e+00 -1.487059421532399313e+02
-6.323445833195691534e+00 -1.486284515995194795e+02
-6.294897545009717987e+00 -1.485761592175379349e+02
-6.266349256823730229e+00 -1.485479065793033158e+02
-6.237800968637742471e+00 -1.485204857303683923e+02
-6.209252680451754713e+00 -1.484390235624347838e+02
-6.180704392265766955e+00 -1.484084288280620569e+02
-6.152156104079779197e+00 -1.483603695219352119e+02
-6.123607815893805650e+00 -1.482986353097832648e+02
-6.095059527707817892e+00 -1.482094087855093392e+02
-6.066511239521830134e+00 -1.480978150015112078e+02
-6.037962951335856587e+00 -1.479548986521137408e+02
-6.009414663149854618e+00 -1.477948821925934624e+02
-5.980866374963866861e+00 -1.476444010969512419e+02
-5.952318086777893313e+00 -1.474899987119494540e+02
-5.923769798591905555e+00 -1.473544990287840335e+02
-5.895221510405917797e+00 -1.472447409823791418e+02
-5.866673222219944250e+00 -1.471791263449910616e+02
-5.838124934033956492e+00 -1.471220110741706151e+02
-5.809576645847954524e+00 -1.470822097281381673e+02
-5.781028357661980976e+00 -1.469718895875763849e+02
-5.752480069475993218e+00 -1.468737361121788467e+02
-5.723931781290005461e+00 -1.467745201454004871e+02
-5.695383493104031913e+00 -1.466614752998902986e+02
-5.666835204918044155e+00 -1.465302751348446577e+02
-5.638286916732056397e+00 -1.463799437670341774e+02
-5.609738628546068639e+00 -1.462152920865314627e+02
-5.581190340360080882e+00 -1.460445904395021728e+02
-5.552642052174093124e+00 -1.458774946146660625e+02
-5.524093763988119576e+00 -1.457229142332672893e+02
-5.495545475802131818e+00 -1.455874048717533924e+02
-5.466997187616144060e+00 -1.454740711565484617e+02
-5.438448899430170513e+00 -1.453824536236261338e+02
-5.409900611244168545e+00 -1.453080509942669494e+02
-5.381352323058180787e+00 -1.452436426384023207e+02
-5.352804034872207239e+00 -1.451612356361452214e+02
-5.324255746686219481e+00 -1.450258452332160175e+02
-5.295707458500231724e+00 -1.449013283890793389e+02
-5.267159170314258176e+00 -1.447674582578936509e+02
-5.238610882128270418e+00 -1.446211325544807664e+02
-5.210062593942268450e+00 -1.444637483378035085e+02
-5.181514305756294902e+00 -1.442998337676895062e+02
-5.152966017570307145e+00 -1.441360083505376792e+02
-5.124417729384319387e+00 -1.439793058184249617e+02
-5.095869441198345839e+00 -1.438357158789833363e+02
-5.067321153012358081e+00 -1.437090708556253276e+02
-5.038772864826370323e+00 -1.436005494326457779e+02
-5.010224576640382566e+00 -1.435081869835749444e+02
-4.981676288454394808e+00 -1.434275771024519202e+02
-4.953128000268407050e+00 -1.433523722399605447e+02
-4.924579712082433502e+00 -1.432753009720355237e+02
-4.896031423896445745e+00 -1.431483225705370614e+02
-4.867483135710457987e+00 -1.430179626039447385e+02
-4.838934847524484439e+00 -1.428830547389725041e+02
-4.810386559338482471e+00 -1.427398919010969678e+02
-4.781838271152494713e+00 -1.425910356643587136e+02
-4.753289982966521166e+00 -1.424403184311036910e+02
-4.724741694780533408e+00 -1.422928045487797419e+02
-4.696193406594545650e+00 -1.421535554716367074e+02
-4.667645118408572102e+00 -1.420265524921411782e+02
-4.639096830222584344e+00 -1.419139405823669620e+02
-4.610548542036582376e+00 -1.418157273477784202e+02
-4.582000253850608829e+00 -1.417295457984061500e+02
-4.553451965664621071e+00 -1.416512830070235793e+02
-4.524903677478633313e+00 -1.415755719045585295e+02
-4.496355389292659765e+00 -1.414967316461203950e+02
-4.467807101106672008e+00 -1.414013808195558113e+02
-4.439258812920684250e+00 -1.412704083834489381e+02
-4.410710524734696492e+00 -1.411430741989655075e+02
-4.382162236548708734e+00 -1.410113838887062911e+02
-4.353613948362720976e+00 -1.408767726671788694e+02
-4.325065660176747429e+00 -1.407428522706459546e+02
-4.296517371990759671e+00 -1.406135835174461022e+02
-4.267969083804771913e+00 -1.404926605922985345e+02
-4.239420795618784155e+00 -1.403827720682367612e+02
-4.210872507432796397e+00 -1.402850431524149997e+02
-4.182324219246808639e+00 -1.401988059026501503e+02
-4.153775931060835092e+00 -1.401216613860737255e+02
-4.125227642874847334e+00 -1.400498619607556634e+02
-4.096679354688859576e+00 -1.399788863997567887e+02
-4.068131066502871818e+00 -1.399042312837410407e+02
-4.039582778316884060e+00 -1.398222162041712409e+02
-4.011034490130910513e+00 -1.397104313110442035e+02
-3.982486201944922755e+00 -1.395937600606778801e+02
-3.953937913758934997e+00 -1.394757520444118484e+02
-3.925389625572947239e+00 -1.393565158881860668e+02
-3.896841337386973692e+00 -1.392393994655623146e+02
-3.868293049200971723e+00 -1.391275349770665457e+02
-3.839744761014998176e+00 -1.390237192831169466e+02
-3.811196472829010418e+00 -1.389297910688991919e+02
-3.782648184643022660e+00 -1.388462381007686872e+02
-3.754099896457034902e+00 -1.387720540109032754e+02
-3.725551608271061355e+00 -1.387048625560215100e+02
-3.697003320085073597e+00 -1.386412738147475352e+02
-3.668455031899085839e+00 -1.385774369771513932e+02
-3.639906743713098081e+00 -1.385097010856113116e+02
-3.611358455527110323e+00 -1.384352687662234302e+02
-3.582810167341136776e+00 -1.383490383236951686e+02
-3.554261879155149018e+00 -1.382415051849374095e+02
-3.525713590969161260e+00 -1.381368056164121754e+02
-3.497165302783173502e+00 -1.380326163800675374e+02
-3.468617014597185744e+00 -1.379311111910006389e+02
-3.440068726411197986e+00 -1.378350896316600824e+02
-3.411520438225224439e+00 -1.377467170714536167e+02
-3.382972150039236681e+00 -1.376672627007253027e+02
-3.354423861853248923e+00 -1.375968006645694004e+02
-3.325875573667261165e+00 -1.375341367018822041e+02
-3.297327285481287618e+00 -1.374769578897947326e+02
-3.268778997295285649e+00 -1.374221849866601985e+02
-3.240230709109312102e+00 -1.373664755577032679e+02
-3.211682420923324344e+00 -1.373067999306764193e+02
-3.183134132737336586e+00 -1.372409808531027409e+02
-3.154585844551363039e+00 -1.371680882321263368e+02
-3.126037556365375281e+00 -1.370784138405838348e+02
-3.097489268179387523e+00 -1.369861710217972757e+02
-3.068940979993399765e+00 -1.368956957298843804e+02
-3.040392691807412007e+00 -1.368084361106326412e+02
-3.011844403621424249e+00 -1.367266937301759810e+02
-2.983296115435450702e+00 -1.366522096350972788e+02
-2.954747827249462944e+00 -1.365858564907824189e+02
-2.926199539063475186e+00 -1.365274319747223615e+02
-2.897651250877487428e+00 -1.364756307553125509e+02
-2.869102962691499670e+00 -1.364282146859893317e+02
-2.840554674505511912e+00 -1.363823555642995871e+02
-2.812006386319538365e+00 -1.363350996310304595e+02
-2.783458098133550607e+00 -1.362838766158706676e+02
-2.754909809947562849e+00 -1.362269577576254846e+02
-2.726361521761589302e+00 -1.361637660953263946e+02
-2.697813233575601544e+00 -1.360934303956832991e+02
-2.669264945389599575e+00 -1.360116468796618676e+02
-2.640716657203626028e+00 -1.359337341648668769e+02
-2.612168369017638270e+00 -1.358594617296083698e+02
-2.583620080831650512e+00 -1.357906691249661435e+02
-2.555071792645676965e+00 -1.357287920428517793e+02
-2.526523504459689207e+00 -1.356744179593084709e+02
-2.497975216273701449e+00 -1.356271503941854633e+02
-2.469426928087713691e+00 -1.355856147073634759e+02
-2.440878639901725933e+00 -1.355476417168327714e+02
-2.412330351715738175e+00 -1.355106022175245073e+02
-2.383782063529764628e+00 -1.354718403978680499e+02
-2.355233775343776870e+00 -1.354291324106221737e+02
-2.326685487157789112e+00 -1.353810821791406340e+02
-2.298137198971801354e+00 -1.353273705486429321e+02
-2.269588910785813596e+00 -1.352688022188968091e+02
-2.241040622599825838e+00 -1.352019972180437719e+02
-2.212492334413852291e+00 -1.351354723863039453e+02
-2.183944046227864533e+00 -1.350730832036023799e+02
-2.155395758041876775e+00 -1.350161662485679130e+02
-2.126847469855889017e+00 -1.349658778941577850e+02
-2.098299181669901259e+00 -1.349225931448690972e+02
-2.069750893483913501e+00 -1.348857724388249721e+02
-2.041202605297939954e+00 -1.348539926430261744e+02
-2.012654317111952196e+00 -1.348251414619997206e+02
-1.984106028925964438e+00 -1.347967451153218690e+02
-1.955557740739990891e+00 -1.347663778915519970e+02
-1.927009452553988922e+00 -1.347320819361754616e+02
-1.898461164368001164e+00 -1.346927157177222227e+02
-1.869912876182027617e+00 -1.346481573712162572e+02
-1.841364587996039859e+00 -1.345993175513924029e+02
-1.812816299810052101e+00 -1.345474082663700983e+02
-1.784268011624078554e+00 -1.344909132679081267e+02
-1.755719723438090796e+00 -1.344395707511434352e+02
-1.727171435252088827e+00 -1.343936945403776519e+02
-1.698623147066115280e+00 -1.343541976620020932e+02
-1.670074858880127522e+00 -1.343213127486850169e+02
-1.641526570694139764e+00 -1.342943889949324046e+02
-1.612978282508166217e+00 -1.342719647441955715e+02
-1.584429994322178459e+00 -1.342519706608048011e+02
-1.555881706136190701e+00 -1.342320531117340181e+02
-1.527333417950202943e+00 -1.342099655709101569e+02
-1.498785129764215185e+00 -1.341839586597714060e+02
-1.470236841578227427e+00 -1.341530920947490699e+02
-1.441688553392253880e+00 -1.341174023014877150e+02
-1.413140265206266122e+00 -1.340778885109591556e+02
-1.384591977020278364e+00 -1.340363210406018766e+02
-1.356043688834304817e+00 -1.339924254122533966e+02
-1.327495400648302848e+00 -1.339513300878809616e+02
-1.298947112462315090e+00 -1.339159357534156527e+02
-1.270398824276341543e+00 -1.338867788219119461e+02
-1.241850536090353785e+00 -1.338638648032296032e+02
-1.213302247904366027e+00 -1.338465146948514644e+02
-1.184753959718392480e+00 -1.338332273384964139e+02
-1.156205671532404722e+00 -1.338219573614586864e+02
-1.127657383346402753e+00 -1.338104365081179310e+02
-1.099109095160429206e+00 -1.337965520769779744e+02
-1.070560806974441448e+00 -1.337787142440869275e+02
-1.042012518788453690e+00 -1.337561394080253194e+02
-1.013464230602480143e+00 -1.337289890687695788e+02
-9.849159424164923848e-01 -1.336983333833827885e+02
-9.563676542305046269e-01 -1.336659479154382666e+02
-9.278193660445168689e-01 -1.336338787219817732e+02
-8.992710778585291109e-01 -1.336019980610035987e+02
-8.707227896725413530e-01 -1.335761524760824273e+02
-8.421745014865678058e-01 -1.335565986627331938e+02
-8.136262133005800479e-01 -1.335419753503911693e+02
-7.850779251145922899e-01 -1.335317790914591285e+02
-7.565296369286187428e-01 -1.335240500306747151e+02
-7.279813487426167740e-01 -1.335161756206437076e+02
-6.994330605566290160e-01 -1.335051799662797407e+02
-6.708847723706554689e-01 -1.334880675448768557e+02
-6.423364841846677109e-01 -1.334621595207171083e+02
-6.137881959986799529e-01 -1.334253575232119715e+02
-5.852399078127064058e-01 -1.333762827399800699e+02
-5.566916196267186479e-01 -1.333142673694647158e+02
-5.281433314407166790e-01 -1.332392144506694649e+02
-4.995950432547431319e-01 -1.331513779557429302e+02
-4.710467550687553739e-01 -1.330501392700507211e+02
-4.424984668827676160e-01 -1.329369686255968190e+02
-4.139501786967940689e-01 -1.328127297113742884e+02
-3.854018905108063109e-01 -1.326769236424902658e+02
-3.568536023248043421e-01 -1.325294232891855302e+02
-3.283053141388307949e-01 -1.323712688155872002e+02
-2.997570259528430370e-01 -1.322039632636064539e+02
-2.712087377668552790e-01 -1.320299713360210490e+02
-2.426604495808817319e-01 -1.318527629147858704e+02
-2.141121613948939739e-01 -1.316767035976523630e+02
-1.855638732088920051e-01 -1.315068109009821740e+02
-1.570155850229184580e-01 -1.313484232681413459e+02
-1.284672968369307000e-01 -1.312068394981059498e+02
-9.991900865094294204e-02 -1.310869794913936630e+02
-7.137072046496939492e-02 -1.309931001020661085e+02
-4.282243227898163695e-02 -1.309285809039266439e+02
-1.427414409299387898e-02 -1.308951611110241231e+02
1.427414409299387898e-02 -1.308951611110241515e+02
4.282243227898163695e-02 -1.309285809039265587e+02
7.137072046496939492e-02 -1.309931001020658243e+02
9.991900865094294204e-02 -1.310869794913946293e+02
1.284672968369307000e-01 -1.312068394981056372e+02
1.570155850229184580e-01 -1.313484232681416586e+02
1.855638732088920051e-01 -1.315068109009815203e+02
2.141121613948939739e-01 -1.316767035976523630e+02
2.426604495808817319e-01 -1.318527629147854157e+02
2.712087377668552790e-01 -1.320299713360205942e+02
2.997570259528430370e-01 -1.322039632636065392e+02
3.283053141388307949e-01 -1.323712688155875412e+02
3.568536023248043421e-01 -1.325294232891858144e+02
3.854018905107921000e-01 -1.326769236424901806e+02
4.139501786967940689e-01 -1.328127297113740894e+02
4.424984668827676160e-01 -1.329369686255963927e+02
4.710467550687553739e-01 -1.330501392700503231e+02
4.995950432547431319e-01 -1.331513779557423334e+02
5.281433314407166790e-01 -1.332392144506698060e+02
5.566916196267044370e-01 -1.333142673694642326e+02
5.852399078126921950e-01 -1.333762827399813489e+02
6.137881959986799529e-01 -1.334253575232109199e+02
6.423364841846677109e-01 -1.334621595207155167e+02
6.708847723706554689e-01 -1.334880675448756620e+02
6.994330605566290160e-01 -1.335051799662806502e+02
7.279813487426167740e-01 -1.335161756206434518e+02
7.565296369286045319e-01 -1.335240500306732940e+02
7.850779251145780790e-01 -1.335317790914575369e+02
8.136262133005800479e-01 -1.335419753503911693e+02
8.421745014865678058e-01 -1.335565986627315169e+02
8.707227896725413530e-01 -1.335761524760823420e+02
8.992710778585291109e-01 -1.336019980610033144e+02
9.278193660445168689e-01 -1.336338787219819437e+02
9.563676542304904160e-01 -1.336659479154368455e+02
9.849159424164781740e-01 -1.336983333833821916e+02
1.013464230602480143e+00 -1.337289890687708862e+02
1.042012518788453690e+00 -1.337561394080253478e+02
1.070560806974441448e+00 -1.337787142440875243e+02
1.099109095160429206e+00 -1.337965520769791112e+02
1.127657383346402753e+00 -1.338104365081175899e+02
1.156205671532390511e+00 -1.338219573614594253e+02
1.184753959718378269e+00 -1.338332273384958739e+02
1.213302247904366027e+00 -1.338465146948519191e+02
1.241850536090353785e+00 -1.338638648032296032e+02
1.270398824276341543e+00 -1.338867788219119461e+02
1.298947112462315090e+00 -1.339159357534156243e+02
1.327495400648302848e+00 -1.339513300878805069e+02
1.356043688834304817e+00 -1.339924254122536240e+02
1.384591977020264153e+00 -1.340363210406011376e+02
1.413140265206266122e+00 -1.340778885109594114e+02
1.441688553392253880e+00 -1.341174023014870613e+02
1.470236841578227427e+00 -1.341530920947490415e+02
1.498785129764215185e+00 -1.341839586597713492e+02
1.527333417950202943e+00 -1.342099655709106116e+02
1.555881706136190701e+00 -1.342320531117346150e+02
1.584429994322164248e+00 -1.342519706608055969e+02
1.612978282508166217e+00 -1.342719647441950030e+02
1.641526570694139764e+00 -1.342943889949326888e+02
1.670074858880127522e+00 -1.343213127486844769e+02
1.698623147066115280e+00 -1.343541976620020080e+02
1.727171435252088827e+00 -1.343936945403779077e+02
1.755719723438090796e+00 -1.344395707511436626e+02
1.784268011624064343e+00 -1.344909132679072741e+02
1.812816299810052101e+00 -1.345474082663697573e+02
1.841364587996039859e+00 -1.345993175513921187e+02
1.869912876182027617e+00 -1.346481573712172519e+02
1.898461164368001164e+00 -1.346927157177221659e+02
1.927009452553988922e+00 -1.347320819361751774e+02
1.955557740739976680e+00 -1.347663778915518265e+02
1.984106028925964438e+00 -1.347967451153205616e+02
2.012654317111952196e+00 -1.348251414620004027e+02
2.041202605297939954e+00 -1.348539926430248386e+02
2.069750893483913501e+00 -1.348857724388250006e+02
2.098299181669901259e+00 -1.349225931448693245e+02
2.126847469855889017e+00 -1.349658778941580124e+02
2.155395758041876775e+00 -1.350161662485685383e+02
2.183944046227864533e+00 -1.350730832036014135e+02
2.212492334413852291e+00 -1.351354723863050538e+02
2.241040622599825838e+00 -1.352019972180441982e+02
2.269588910785813596e+00 -1.352688022188973491e+02
2.298137198971801354e+00 -1.353273705486420226e+02
2.326685487157774901e+00 -1.353810821791395540e+02
2.355233775343776870e+00 -1.354291324106216337e+02
2.383782063529750417e+00 -1.354718403978663446e+02
2.412330351715738175e+00 -1.355106022175242231e+02
2.440878639901725933e+00 -1.355476417168335672e+02
2.469426928087713691e+00 -1.355856147073635327e+02
2.497975216273687238e+00 -1.356271503941837295e+02
2.526523504459674996e+00 -1.356744179593083288e+02
2.555071792645662754e+00 -1.357287920428513814e+02
2.583620080831650512e+00 -1.357906691249664846e+02
2.612168369017638270e+00 -1.358594617296080571e+02
2.640716657203626028e+00 -1.359337341648673885e+02
2.669264945389599575e+00 -1.360116468796615550e+02
2.697813233575587333e+00 -1.360934303956836402e+02
2.726361521761575091e+00 -1.361637660953263094e+02
2.754909809947562849e+00 -1.362269577576269057e+02
2.783458098133550607e+00 -1.362838766158709802e+02
2.812006386319524154e+00 -1.363350996310315395e+02
2.840554674505511912e+00 -1.363823555642993028e+02
2.869102962691499670e+00 -1.364282146859893601e+02
2.897651250877487428e+00 -1.364756307553148247e+02
2.926199539063460975e+00 -1.365274319747218783e+02
2.954747827249462944e+00 -1.365858564907821062e+02
2.983296115435436491e+00 -1.366522096350967672e+02
3.011844403621424249e+00 -1.367266937301758674e+02
3.040392691807412007e+00 -1.368084361106320443e+02
3.068940979993399765e+00 -1.368956957298849488e+02
3.097489268179373312e+00 -1.369861710217971336e+02
3.126037556365361070e+00 -1.370784138405834938e+02
3.154585844551348828e+00 -1.371680882321260526e+02
3.183134132737336586e+00 -1.372409808531024282e+02
3.211682420923324344e+00 -1.373067999306761067e+02
3.240230709109297891e+00 -1.373664755577033532e+02
3.268778997295285649e+00 -1.374221849866615912e+02
3.297327285481287618e+00 -1.374769578897953579e+02
3.325875573667261165e+00 -1.375341367018824883e+02
3.354423861853248923e+00 -1.375968006645701109e+02
3.382972150039236681e+00 -1.376672627007260985e+02
3.411520438225210228e+00 -1.377467170714546683e+02
3.440068726411197986e+00 -1.378350896316602245e+02
3.468617014597185744e+00 -1.379311111910030831e+02
3.497165302783173502e+00 -1.380326163800676795e+02
3.525713590969147049e+00 -1.381368056164128291e+02
3.554261879155149018e+00 -1.382415051849391148e+02
3.582810167341122565e+00 -1.383490383236955097e+02
3.611358455527110323e+00 -1.384352687662236292e+02
3.639906743713098081e+00 -1.385097010856116526e+02
3.668455031899071628e+00 -1.385774369771502847e+02
3.697003320085073597e+00 -1.386412738147485015e+02
3.725551608271047144e+00 -1.387048625560219648e+02
3.754099896457034902e+00 -1.387720540109036449e+02
3.782648184643022660e+00 -1.388462381007683462e+02
3.811196472829010418e+00 -1.389297910688995046e+02
3.839744761014983965e+00 -1.390237192831169182e+02
3.868293049200971723e+00 -1.391275349770666594e+02
3.896841337386973692e+00 -1.392393994655622862e+02
3.925389625572947239e+00 -1.393565158881854131e+02
3.953937913758934997e+00 -1.394757520444117631e+02
3.982486201944922755e+00 -1.395937600606781075e+02
4.011034490130896302e+00 -1.397104313110441183e+02
4.039582778316884060e+00 -1.398222162041719798e+02
4.068131066502871818e+00 -1.399042312837426039e+02
4.096679354688859576e+00 -1.399788863997569877e+02
4.125227642874847334e+00 -1.400498619607561750e+02
4.153775931060835092e+00 -1.401216613860751750e+02
4.182324219246808639e+00 -1.401988059026510882e+02
4.210872507432796397e+00 -1.402850431524157955e+02
4.239420795618784155e+00 -1.403827720682357949e+02
4.267969083804757702e+00 -1.404926605922987335e+02
4.296517371990759671e+00 -1.406135835174465569e+02
4.325065660176747429e+00 -1.407428522706461536e+02
4.353613948362720976e+00 -1.408767726671797220e+02
4.382162236548708734e+00 -1.410113838887072006e+02
4.410710524734696492e+00 -1.411430741989660760e+02
4.439258812920670039e+00 -1.412704083834492792e+02
4.467807101106657797e+00 -1.414013808195562092e+02
4.496355389292659765e+00 -1.414967316461215034e+02
4.524903677478633313e+00 -1.415755719045592116e+02
4.553451965664621071e+00 -1.416512830070239772e+02
4.582000253850608829e+00 -1.417295457984065195e+02
4.610548542036582376e+00 -1.418157273477787612e+02
4.639096830222570134e+00 -1.419139405823690367e+02
4.667645118408557892e+00 -1.420265524921399276e+02
4.696193406594545650e+00 -1.421535554716367074e+02
4.724741694780533408e+00 -1.422928045487788324e+02
4.753289982966521166e+00 -1.424403184311030941e+02
4.781838271152494713e+00 -1.425910356643585146e+02
4.810386559338482471e+00 -1.427398919010962288e+02
4.838934847524470229e+00 -1.428830547389711683e+02
4.867483135710443776e+00 -1.430179626039433174e+02
4.896031423896445745e+00 -1.431483225705365498e+02
4.924579712082433502e+00 -1.432753009720358648e+02
4.953128000268407050e+00 -1.433523722399609994e+02
4.981676288454394808e+00 -1.434275771024530002e+02
5.010224576640382566e+00 -1.435081869835740349e+02
5.038772864826356113e+00 -1.436005494326458347e+02
5.067321153012343871e+00 -1.437090708556255549e+02
5.095869441198345839e+00 -1.438357158789845300e+02
5.124417729384319387e+00 -1.439793058184254733e+02
5.152966017570307145e+00 -1.441360083505397824e+02
5.181514305756294902e+00 -1.442998337676891367e+02
5.210062593942268450e+00 -1.444637483378037928e+02
5.238610882128270418e+00 -1.446211325544792317e+02
5.267159170314243966e+00 -1.447674582578938214e+02
5.295707458500231724e+00 -1.449013283890798505e+02
5.324255746686219481e+00 -1.450258452332160459e+02
5.352804034872207239e+00 -1.451612356361454488e+02
5.381352323058180787e+00 -1.452436426384019512e+02
5.409900611244168545e+00 -1.453080509942668641e+02
5.438448899430170513e+00 -1.453824536236249685e+02
5.466997187616129850e+00 -1.454740711565478648e+02
5.495545475802131818e+00 -1.455874048717525113e+02
5.524093763988119576e+00 -1.457229142332663514e+02
5.552642052174093124e+00 -1.458774946146653235e+02
5.581190340360080882e+00 -1.460445904395013201e+02
5.609738628546068639e+00 -1.462152920865312637e+02
5.638286916732056397e+00 -1.463799437670331827e+02
5.666835204918029945e+00 -1.465302751348436914e+02
5.695383493104031913e+00 -1.466614752998887070e+02
5.723931781290005461e+00 -1.467745201453992649e+02
5.752480069475993218e+00 -1.468737361121788183e+02
5.781028357661980976e+00 -1.469718895875745375e+02
5.809576645847954524e+00 -1.470822097281366894e+02
5.838124934033956492e+00 -1.471220110741696203e+02
5.866673222219930040e+00 -1.471791263449902658e+02
5.895221510405917797e+00 -1.472447409823781186e+02
5.923769798591905555e+00 -1.473544990287831808e+02
5.952318086777893313e+00 -1.474899987119485161e+02
5.980866374963866861e+00 -1.476444010969501051e+02
6.009414663149854618e+00 -1.477948821925919844e+02
6.037962951335856587e+00 -1.479548986521127745e+02
6.066511239521830134e+00 -1.480978150015094172e+02
6.095059527707817892e+00 -1.482094087855078612e+02
6.123607815893805650e+00 -1.482986353097817016e+02
6.152156104079779197e+00 -1.483603695219341319e+02
6.180704392265766955e+00 -1.484084288280603801e+02
6.209252680451754713e+00 -1.484390235624341585e+02
6.237800968637742471e+00 -1.485204857303670849e+02
6.266349256823730229e+00 -1.485479065793021789e+02
6.294897545009717987e+00 -1.485761592175374233e+02
6.323445833195691534e+00 -1.486284515995181721e+02
6.351994121381679292e+00 -1.487059421532389365e+02
6.380542409567667050e+00 -1.488217092932443393e+02
6.409090697753640598e+00 -1.489461204059000750e+02
6.437638985939642566e+00 -1.490690622462639681e+02
6.466187274125630324e+00 -1.491851375817541907e+02
6.494735562311603871e+00 -1.492724928786133205e+02
6.523283850497591629e+00 -1.493262894468683157e+02
6.551832138683579387e+00 -1.493352073599579910e+02
6.580380426869552934e+00 -1.493321716600192701e+02
6.608928715055540692e+00 -1.493114069581747572e+02
6.637477003241542661e+00 -1.493031283181925346e+02
6.666025291427516208e+00 -1.493079159826770592e+02
6.694573579613503966e+00 -1.493482882565002114e+02
6.723121867799491724e+00 -1.493467657354096616e+02
6.751670155985465271e+00 -1.493718217386170579e+02
6.780218444171453029e+00 -1.494333312249581809e+02
6.808766732357440787e+00 -1.495091920036505826e+02
6.837315020543428545e+00 -1.495937892681837695e+02
6.865863308729416303e+00 -1.496691583602059836e+02
6.894411596915404061e+00 -1.497270285964120831e+02
6.922959885101377608e+00 -1.497513967797359555e+02
6.951508173287365366e+00 -1.497476232889227106e+02
6.980056461473353124e+00 -1.497152632036309114e+02
7.008604749659326671e+00 -1.496562078124775326e+02
7.037153037845328640e+00 -1.495951950035376399e+02
7.065701326031316398e+00 -1.495433527086318293e+02
7.094249614217289945e+00 -1.495251166394630786e+02
7.122797902403277703e+00 -1.495488746346499624e+02
7.151346190589265461e+00 -1.495492538731018044e+02
7.179894478775253219e+00 -1.495699288689161790e+02
7.208442766961226766e+00 -1.496120808489348235e+02
7.236991055147228735e+00 -1.496681009588248514e+02
7.265539343333202282e+00 -1.497235618777276329e+02
7.294087631519190040e+00 -1.497694426998761514e+02
7.322635919705177798e+00 -1.497872623053804091e+02
7.351184207891151345e+00 -1.497819716190208226e+02
7.379732496077153314e+00 -1.497368805349802017e+02
7.408280784263126861e+00 -1.496789416302360394e+02
7.436829072449114619e+00 -1.496140763562139568e+02
7.465377360635102377e+00 -1.495441988171615435e+02
7.493925648821090135e+00 -1.494948713575963382e+02
7.522473937007063682e+00 -1.494731224160016723e+02
7.551022225193051440e+00 -1.494803057316684090e+02
7.579570513379053409e+00 -1.495150725196609756e+02
7.608118801565012745e+00 -1.495402927558565978e+02
7.636667089751014714e+00 -1.495833182933028525e+02
7.665215377937002472e+00 -1.496319017755388643e+02
7.693763666122976019e+00 -1.496785586864548918e+02
7.722311954308963777e+00 -1.497033757721367522e+02
7.750860242494951535e+00 -1.497121682465613617e+02
7.779408530680939293e+00 -1.496889579634106440e+02
7.807956818866912840e+00 -1.496506324987541632e+02
7.836505107052914809e+00 -1.495962152915773800e+02
7.865053395238888356e+00 -1.495302593097451620e+02
7.893601683424876114e+00 -1.494823272727794574e+02
7.922149971610863872e+00 -1.494506535455670928e+02
7.950698259796837419e+00 -1.494433616923644763e+02
7.979246547982839388e+00 -1.494607521576209876e+02
8.007794836168827146e+00 -1.495061266353696681e+02
8.036343124354800693e+00 -1.495574748082747760e+02
8.064891412540788451e+00 -1.496113209949432985e+02
8.093439700726776209e+00 -1.496682116957867947e+02
8.121987988912749756e+00 -1.497068765196680147e+02
8.150536277098737514e+00 -1.497379459115800273e+02
8.179084565284739483e+00 -1.497404876665861480e+02
8.207632853470713030e+00 -1.497279738344658426e+02
8.236181141656700788e+00 -1.496981875343059869e+02
8.264729429842688546e+00 -1.496589372369782893e+02
8.293277718028662093e+00 -1.496140789081099456e+02
8.321826006214649851e+00 -1.495884022584876902e+02
8.350374294400637609e+00 -1.495790710665579013e+02
8.378922582586625367e+00 -1.495948962573891947e+02
8.407470870772613125e+00 -1.496347364869018861e+02
8.436019158958600883e+00 -1.496935917157661038e+02
8.464567447144574430e+00 -1.497690512240993428e+02
8.493115735330562188e+00 -1.498399837674579089e+02
8.521664023516549946e+00 -1.499035349223812545e+02
8.550212311702523493e+00 -1.499595806413553021e+02
8.578760599888525462e+00 -1.499900246721825567e+02
8.607308888074513220e+00 -1.500014398797557362e+02
8.635857176260486767e+00 -1.499983621924004353e+02
8.664405464446474525e+00 -1.499819989556764313e+02
8.692953752632462283e+00 -1.499562488403857401e+02
8.721502040818435830e+00 -1.499402390190248866e+02
8.750050329004423588e+00 -1.499362380485024175e+02
8.778598617190411346e+00 -1.499547863209193963e+02
8.807146905376399104e+00 -1.499962233257804769e+02
8.835695193562386862e+00 -1.500601984982502586e+02
8.864243481748374620e+00 -1.501432085186087022e+02
8.892791769934348167e+00 -1.502338755452988153e+02
8.921340058120335925e+00 -1.503212096302266048e+02
8.949888346306323683e+00 -1.504020085871650849e+02
8.978436634492311441e+00 -1.504676834263940464e+02
9.006984922678299199e+00 -1.505045046479569351e+02
9.035533210864286957e+00 -1.505260384355175347e+02
9.064081499050260504e+00 -1.505265590033279182e+02
9.092629787236248262e+00 -1.505245637598354165e+02
9.121178075422236020e+00 -1.505212531374661182e+02
9.149726363608209567e+00 -1.505249663829374924e+02
9.178274651794211536e+00 -1.505464818268372937e+02
9.206822939980185083e+00 -1.505938964098100428e+02
9.235371228166172841e+00 -1.506631170475796750e+02
9.263919516352160599e+00 -1.507560369891704681e+02
9.292467804538148357e+00 -1.508545209125984456e+02
9.321016092724136115e+00 -1.509645463607836859e+02
9.349564380910109662e+00 -1.510690743028237932e+02
9.378112669096097420e+00 -1.511616721526142442e+02
9.406660957282085178e+00 -1.512250980344534810e+02
9.435209245468072936e+00 -1.512746554380399857e+02
9.463757533654060694e+00 -1.512951603307649862e+02
9.492305821840034241e+00 -1.513071325746030027e+02
9.520854110026036210e+00 -1.513091268655698514e+02
9.549402398212009757e+00 -1.513192800001156684e+02
9.577950686397997515e+00 -1.513410042168495124e+02
9.606498974583985273e+00 -1.513870583588646639e+02
9.635047262769958820e+00 -1.514578999797146537e+02
9.663595550955946578e+00 -1.515546397883613281e+02
9.692143839141934336e+00 -1.516726244814234121e+02
9.720692127327922094e+00 -1.517909739619261700e+02
9.749240415513895641e+00 -1.519219283462344379e+02
9.777788703699897610e+00 -1.520258140903282538e+02
9.806336991885871157e+00 -1.521218595360608106e+02
9.834885280071858915e+00 -1.521926867221940824e+02
9.863433568257846673e+00 -1.522294197907063449e+02
9.891981856443834431e+00 -1.522471859388427049e+02
9.920530144629822189e+00 -1.522566599229647863e+02
9.949078432815809947e+00 -1.522616855622410412e+02
9.977626721001783494e+00 -1.522784042530795148e+02
1.000617500918777125e+01 -1.523049331497454091e+02
1.003472329737375901e+01 -1.523677848301430515e+02
1.006327158555973256e+01 -1.524580690276740995e+02
1.009181987374572032e+01 -1.525748709899519326e+02
1.012036816193172228e+01 -1.526962881094061970e+02
1.014891645011769583e+01 -1.528370568452746738e+02
1.017746473830368359e+01 -1.529594673612017175e+02
1.020601302648967135e+01 -1.530759361879924541e+02
1.023456131467564489e+01 -1.531479581934484884e+02
1.026310960286163265e+01 -1.531997652491760391e+02
1.029165789104762041e+01 -1.532137646151281558e+02
1.032020617923360817e+01 -1.532097911134077606e+02
1.034875446741959593e+01 -1.531995670472932716e+02
1.037730275560558368e+01 -1.531922865762131210e+02
1.040585104379155723e+01 -1.531930842772148083e+02
1.043439933197754499e+01 -1.532290059213066229e+02
1.046294762016353275e+01 -1.532951416933809128e+02
1.049149590834950629e+01 -1.533892914886038454e+02
1.052004419653550826e+01 -1.534930607468981805e+02
1.054859248472149602e+01 -1.536207318944781832e+02
1.057714077290746957e+01 -1.537357126744708182e+02
1.060568906109345733e+01 -1.538458034048863396e+02
1.063423734927944508e+01 -1.539251846323520851e+02
1.066278563746541863e+01 -1.539691028188204598e+02
1.069133392565140639e+01 -1.539731904470884274e+02
1.071988221383740836e+01 -1.539400624769728836e+02
1.074843050202338191e+01 -1.538964634110753877e+02
1.077697879020936966e+01 -1.538532057097481527e+02
1.080552707839535742e+01 -1.538220319389731969e+02
1.083407536658133097e+01 -1.538014966627994511e+02
1.086262365476731873e+01 -1.538199240307642981e+02
1.089117194295330648e+01 -1.538555690586683795e+02
1.091972023113929424e+01 -1.539274349786526273e+02
1.094826851932528200e+01 -1.540046331773679071e+02
1.097681680751126976e+01 -1.540943059895830345e+02
1.100536509569724331e+01 -1.541726494049398468e+02
1.103391338388323106e+01 -1.542221458076736269e+02
1.106246167206921882e+01 -1.542470849574712020e+02
1.109100996025519237e+01 -1.542328261506847866e+02
1.111955824844119434e+01 -1.541889284642452935e+02
1.114810653662718209e+01 -1.541127381026275884e+02
1.117665482481315564e+01 -1.540296759838090566e+02
1.120520311299914340e+01 -1.539513440637611268e+02
1.123375140118513116e+01 -1.538827620261785967e+02
1.126229968937111892e+01 -1.538461238015646302e+02
1.129084797755709246e+01 -1.538281293332622681e+02
1.131939626574309443e+01 -1.538425576482216002e+02
1.134794455392906798e+01 -1.538687001307399385e+02
1.137649284211505574e+01 -1.539129455582911703e+02
1.140504113030104349e+01 -1.539451737704944208e+02
1.143358941848701704e+01 -1.539671398198868530e+02
1.146213770667301901e+01 -1.539588932332552531e+02
1.149068599485899256e+01 -1.539275051121831552e+02
1.151923428304498032e+01 -1.538661421045531768e+02
1.154778257123096807e+01 -1.537835901919974049e+02
1.157633085941695583e+01 -1.536938181417497447e+02
1.160487914760292938e+01 -1.535823284266103030e+02
1.163342743578891714e+01 -1.534883875417290824e+02
1.166197572397491911e+01 -1.534081855077783700e+02
1.169052401216087844e+01 -1.533555332937515345e+02
1.171907230034688041e+01 -1.533320835777800539e+02
1.174762058853286817e+01 -1.533193879256256764e+02
1.177616887671884172e+01 -1.533161145579950073e+02
1.180471716490482947e+01 -1.533239426032406811e+02
1.183326545309081723e+01 -1.533165284193492255e+02
1.186181374127680499e+01 -1.533000904279080316e+02
1.189036202946279275e+01 -1.532586659775629414e+02
1.191891031764878051e+01 -1.531983853479906941e+02
1.194745860583475405e+01 -1.531159585493271891e+02
1.197600689402074181e+01 -1.530244267236591327e+02
1.200455518220672957e+01 -1.529293750979892366e+02
1.203310347039270312e+01 -1.528326036407812580e+02
1.206165175857870508e+01 -1.527405279695003344e+02
1.209020004676469284e+01 -1.526770488232741911e+02
1.211874833495066639e+01 -1.526241843979901489e+02
1.214729662313665415e+01 -1.525887510095496964e+02
1.217584491132264191e+01 -1.525746627436256802e+02
1.220439319950861545e+01 -1.525611237644242806e+02
1.223294148769460321e+01 -1.525515453800980765e+02
1.226148977588060518e+01 -1.525266485967628967e+02
1.229003806406657873e+01 -1.524903341667761367e+02
1.231858635225256648e+01 -1.524463387879972629e+02
1.234713464043855424e+01 -1.523801343449862884e+02
1.237568292862452779e+01 -1.522999962343430980e+02
1.240423121681051555e+01 -1.522154814429667340e+02
1.243277950499650331e+01 -1.521312297788701358e+02
1.246132779318249106e+01 -1.520666822029258185e+02
1.248987608136847882e+01 -1.519934211183017396e+02
1.251842436955446658e+01 -1.519369135453188164e+02
1.254697265774044013e+01 -1.519019626379495946e+02
1.257552094592642788e+01 -1.518743429044271238e+02
1.260406923411241564e+01 -1.518619009628878871e+02
1.263261752229838919e+01 -1.518513379414780502e+02
1.266116581048439116e+01 -1.518375496872664030e+02
1.268971409867037892e+01 -1.518146313981945070e+02
1.271826238685635246e+01 -1.517870673734308298e+02
1.274681067504234022e+01 -1.517412620059823780e+02
1.277535896322832798e+01 -1.516828411170181710e+02
1.280390725141430153e+01 -1.516173320452025450e+02
1.283245553960028928e+01 -1.515565300251994643e+02
1.286100382778629125e+01 -1.514916634384352960e+02
1.288955211597226480e+01 -1.514406927277624391e+02
1.291810040415825256e+01 -1.513940844448510177e+02
1.294664869234424032e+01 -1.513621977912000602e+02
1.297519698053021386e+01 -1.513377601285083642e+02
1.300374526871620162e+01 -1.513284981704222503e+02
1.303229355690218938e+01 -1.513235894265257002e+02
1.306084184508817714e+01 -1.513204635130005045e+02
1.308939013327416490e+01 -1.513185238308737439e+02
1.311793842146015265e+01 -1.513041061719495417e+02
1.314648670964612620e+01 -1.512795752323145280e+02
1.317503499783211396e+01 -1.512450623547069881e+02
1.320358328601811593e+01 -1.512055896464939906e+02
1.323213157420407526e+01 -1.511579009789171835e+02
1.326067986239007723e+01 -1.511153378369045583e+02
1.328922815057606499e+01 -1.510720273070404289e+02
1.331777643876203854e+01 -1.510393258927908562e+02
1.334632472694802630e+01 -1.510165708311211290e+02
1.337487301513401405e+01 -1.510031810399249821e+02
1.340342130332000181e+01 -1.510009366493300718e+02
1.343196959150597536e+01 -1.510047796935716065e+02
1.346051787969197733e+01 -1.510163929216035399e+02
1.348906616787795087e+01 -1.510246233236877913e+02
1.351761445606393863e+01 -1.510293359126686425e+02
1.354616274424992639e+01 -1.510261751860627442e+02
1.357471103243589994e+01 -1.510193782088101671e+02
1.360325932062190191e+01 -1.509998173846914824e+02
1.363180760880787545e+01 -1.509783484279908521e+02
1.366035589699386321e+01 -1.509470037309834254e+02
1.368890418517985097e+01 -1.509237323032719758e+02
1.371745247336583873e+01 -1.509022959849389736e+02
1.374600076155181227e+01 -1.508897217606267134e+02
1.377454904973780003e+01 -1.508864885557597688e+02
1.380309733792380200e+01 -1.508931772296701865e+02
1.383164562610976134e+01 -1.509113131440915652e+02
1.386019391429576331e+01 -1.509318496120966415e+02
1.388874220248175106e+01 -1.509552915154689572e+02
1.391729049066772461e+01 -1.509778012430352305e+02
1.394583877885371237e+01 -1.509996218168271298e+02
1.397438706703970013e+01 -1.510068674089746139e+02
1.400293535522568789e+01 -1.510142567812493155e+02
1.403148364341167564e+01 -1.510114156817541584e+02
1.406003193159766340e+01 -1.510029946125118556e+02
1.408858021978363695e+01 -1.509967845871235852e+02
1.411712850796962471e+01 -1.509888801998664292e+02
1.414567679615561246e+01 -1.509893703891717394e+02
1.417422508434158601e+01 -1.509959333618385529e+02
1.420277337252758798e+01 -1.510137452767149284e+02
1.423132166071357574e+01 -1.510396739898831413e+02
1.425986994889954929e+01 -1.510733816399012426e+02
