-1.425986994889954929e+01 -1.510740084210536054e+02
-1.423132166071357574e+01 -1.510403510355235994e+02
-1.420277337252758798e+01 -1.510144832396471486e+02
-1.417422508434160022e+01 -1.509967472691314754e+02
-1.414567679615561246e+01 -1.509902724391527045e+02
-1.411712850796962471e+01 -1.509898866006846845e+02
-1.408858021978363695e+01 -1.509979092812750139e+02
-1.406003193159766340e+01 -1.510042547318763866e+02
-1.403148364341167564e+01 -1.510128280342811706e+02
-1.400293535522568789e+01 -1.510158351449855445e+02
-1.397438706703971434e+01 -1.510086197405935309e+02
-1.394583877885371237e+01 -1.510015655135484849e+02
-1.391729049066772461e+01 -1.509799487571131067e+02
-1.388874220248175106e+01 -1.509576502773162474e+02
-1.386019391429576331e+01 -1.509344300350378205e+02
-1.383164562610977555e+01 -1.509141268021933797e+02
-1.380309733792380200e+01 -1.508962387539946235e+02
-1.377454904973780003e+01 -1.508898091804828425e+02
-1.374600076155181227e+01 -1.508933200078915036e+02
-1.371745247336583873e+01 -1.509061830892373166e+02
-1.368890418517985097e+01 -1.509279214581261783e+02
-1.366035589699386321e+01 -1.509515005968078754e+02
-1.363180760880788966e+01 -1.509831608406599628e+02
-1.360325932062190191e+01 -1.510049309368347963e+02
-1.357471103243589994e+01 -1.510247826082783149e+02
-1.354616274424992639e+01 -1.510318416384120894e+02
-1.351761445606393863e+01 -1.510352437208383094e+02
-1.348906616787795087e+01 -1.510307334688426124e+02
-1.346051787969197733e+01 -1.510226822810593887e+02
-1.343196959150598957e+01 -1.510112136428621170e+02
-1.340342130332000181e+01 -1.510074872107065573e+02
-1.337487301513401405e+01 -1.510098227673535405e+02
-1.334632472694802630e+01 -1.510232937486795208e+02
-1.331777643876203854e+01 -1.510461009240551675e+02
-1.328922815057606499e+01 -1.510788319498115868e+02
-1.326067986239007723e+01 -1.511221530219908118e+02
-1.323213157420408947e+01 -1.511646920333946014e+02
-1.320358328601811593e+01 -1.512123349351317643e+02
-1.317503499783211396e+01 -1.512517266296209186e+02
-1.314648670964612620e+01 -1.512861378901555724e+02
-1.311793842146015265e+01 -1.513105565336647089e+02
-1.308939013327416490e+01 -1.513248456832175179e+02
-1.306084184508817714e+01 -1.513266966451844553e+02
-1.303229355690220359e+01 -1.513297845043952066e+02
-1.300374526871621583e+01 -1.513347682951665547e+02
-1.297519698053021386e+01 -1.513442347405416513e+02
-1.294664869234424032e+01 -1.513690712450803915e+02
-1.291810040415825256e+01 -1.514015531423102630e+02
-1.288955211597226480e+01 -1.514495353123398331e+02
-1.286100382778629125e+01 -1.515030568532879727e+02
-1.283245553960030350e+01 -1.515723539479303099e+02
-1.280390725141431574e+01 -1.516404064677844303e+02
-1.277535896322832798e+01 -1.517173800485108188e+02
-1.274681067504234022e+01 -1.517931889464183826e+02
-1.271826238685635246e+01 -1.518647290513843302e+02
-1.268971409867037892e+01 -1.519282886723599972e+02
-1.266116581048439116e+01 -1.520009694698664475e+02
-1.263261752229840340e+01 -1.520823921645050234e+02
-1.260406923411241564e+01 -1.521814142817688378e+02
-1.257552094592642788e+01 -1.523097305687087726e+02
-1.254697265774044013e+01 -1.524871599536071471e+02
-1.251842436955446658e+01 -1.527105990809300806e+02
-1.248987608136847882e+01 -1.530083958539513844e+02
-1.246132779318249106e+01 -1.533849717211558072e+02
-1.243277950499651752e+01 -1.538202616365912547e+02
-1.240423121681051555e+01 -1.543677444796596490e+02
-1.237568292862452779e+01 -1.550166023772571577e+02
-1.234713464043855424e+01 -1.557759921656076472e+02
-1.231858635225256648e+01 -1.566384493758179417e+02
-1.229003806406657873e+01 -1.575789157500448709e+02
-1.226148977588060518e+01 -1.586058879422076302e+02
-1.223294148769461742e+01 -1.596748271684552947e+02
-1.220439319950861545e+01 -1.606374517271334241e+02
-1.217584491132264191e+01 -1.613957982599466163e+02
-1.214729662313665415e+01 -1.618351871761511518e+02
-1.211874833495066639e+01 -1.619235581888256661e+02
-1.209020004676469284e+01 -1.617166871391787595e+02
-1.206165175857870508e+01 -1.613590663201470079e+02
-1.203310347039271733e+01 -1.609610767674793124e+02
-1.200455518220672957e+01 -1.605449063263811240e+02
-1.197600689402074181e+01 -1.601942201962189642e+02
-1.194745860583475405e+01 -1.599526870999198422e+02
-1.191891031764878051e+01 -1.598351836845492642e+02
-1.189036202946279275e+01 -1.598071513420961196e+02
-1.186181374127680499e+01 -1.598698811891416938e+02
-1.183326545309081723e+01 -1.600103413717021681e+02
-1.180471716490482947e+01 -1.602207602915450764e+02
-1.177616887671884172e+01 -1.604716307882310389e+02
-1.174762058853286817e+01 -1.607555190676569907e+02
-1.171907230034688041e+01 -1.610556986347372685e+02
-1.169052401216089265e+01 -1.613545859960747748e+02
-1.166197572397491911e+01 -1.616405233743179224e+02
-1.163342743578891714e+01 -1.619000848801678387e+02
-1.160487914760292938e+01 -1.621254076337592949e+02
-1.157633085941695583e+01 -1.623111189115288084e+02
-1.154778257123096807e+01 -1.623503388403692611e+02
-1.151923428304498032e+01 -1.623913960288015232e+02
-1.149068599485900677e+01 -1.624335242145135965e+02
-1.146213770667301901e+01 -1.624711762450045853e+02
-1.143358941848701704e+01 -1.625047393478887159e+02
-1.140504113030104349e+01 -1.625334424894318204e+02
-1.137649284211505574e+01 -1.625553344523143267e+02
-1.134794455392906798e+01 -1.625718738301073927e+02
-1.131939626574309443e+01 -1.625817880622358587e+02
-1.129084797755710667e+01 -1.625846843980220910e+02
-1.126229968937111892e+01 -1.625822212985448800e+02
-1.123375140118513116e+01 -1.625740739082564232e+02
-1.120520311299914340e+01 -1.625596421310325752e+02
-1.117665482481315564e+01 -1.625460073849919809e+02
-1.114810653662718209e+01 -1.625276579549730798e+02
-1.111955824844119434e+01 -1.625066460060428426e+02
-1.109100996025520658e+01 -1.624834551528557824e+02
-1.106246167206923303e+01 -1.624580632327594572e+02
-1.103391338388323106e+01 -1.624318840774055275e+02
-1.100536509569724331e+01 -1.624049821372072415e+02
-1.097681680751126976e+01 -1.623757054540572540e+02
-1.094826851932528200e+01 -1.623460470029729947e+02
-1.091972023113929424e+01 -1.623169050872174353e+02
-1.089117194295332069e+01 -1.622883213739986559e+02
-1.086262365476733294e+01 -1.622651725431417447e+02
-1.083407536658134518e+01 -1.622432810591844259e+02
-1.080552707839535742e+01 -1.622239718818063636e+02
-1.077697879020936966e+01 -1.622127909758784767e+02
-1.074843050202338191e+01 -1.622086597529661560e+02
-1.071988221383740836e+01 -1.622117952061630604e+02
-1.069133392565142060e+01 -1.622227608141856194e+02
-1.066278563746543284e+01 -1.622409305199202549e+02
-1.063423734927944508e+01 -1.622666455041411098e+02
-1.060568906109345733e+01 -1.623004618538506065e+02
-1.057714077290746957e+01 -1.623420337032414125e+02
-1.054859248472149602e+01 -1.623915006176294469e+02
-1.052004419653550826e+01 -1.624485373123395959e+02
-1.049149590834952050e+01 -1.625135789532100716e+02
-1.046294762016353275e+01 -1.625870048291576495e+02
-1.043439933197754499e+01 -1.626695846450676299e+02
-1.040585104379157144e+01 -1.627621198343613287e+02
-1.037730275560558368e+01 -1.628631937254190234e+02
-1.034875446741959593e+01 -1.629788800064158920e+02
-1.032020617923360817e+01 -1.631061007904143025e+02
-1.029165789104763462e+01 -1.632462318543618380e+02
-1.026310960286163265e+01 -1.633990370049705234e+02
-1.023456131467565910e+01 -1.635641443586646346e+02
-1.020601302648967135e+01 -1.637394588848175090e+02
-1.017746473830368359e+01 -1.639252249049603165e+02
-1.014891645011769583e+01 -1.641244027157135577e+02
-1.012036816193172228e+01 -1.643320952750542290e+02
-1.009181987374573453e+01 -1.645493614569582235e+02
-1.006327158555974677e+01 -1.647761287585369416e+02
-1.003472329737375901e+01 -1.650128423548017622e+02
-1.000617500918777125e+01 -1.652602143698412362e+02
-9.977626721001797705e+00 -1.655201653192998492e+02
-9.949078432815809947e+00 -1.657929010669403169e+02
-9.920530144629822189e+00 -1.660801187908160443e+02
-9.891981856443834431e+00 -1.663825251696104601e+02
-9.863433568257846673e+00 -1.667006829120254565e+02
-9.834885280071858915e+00 -1.670339106047411519e+02
-9.806336991885885368e+00 -1.673814841805106823e+02
-9.777788703699897610e+00 -1.677382282334849890e+02
-9.749240415513909852e+00 -1.681068249138336341e+02
-9.720692127327922094e+00 -1.684771028128967600e+02
-9.692143839141934336e+00 -1.688500375148041428e+02
-9.663595550955946578e+00 -1.692223106363252327e+02
-9.635047262769973031e+00 -1.695902602871714180e+02
-9.606498974583985273e+00 -1.699566800467114547e+02
-9.577950686397997515e+00 -1.703204527192349360e+02
-9.549402398212023968e+00 -1.706830028233089536e+02
-9.520854110026036210e+00 -1.710469201418542013e+02
-9.492305821840034241e+00 -1.714125562755156693e+02
-9.463757533654060694e+00 -1.717825281678765350e+02
-9.435209245468072936e+00 -1.721534708605235551e+02
-9.406660957282085178e+00 -1.725193143105435638e+02
-9.378112669096111631e+00 -1.728722872379908608e+02
-9.349564380910123873e+00 -1.732006226880274653e+02
-9.321016092724136115e+00 -1.734696650707711001e+02
-9.292467804538148357e+00 -1.736970692863529564e+02
-9.263919516352160599e+00 -1.738666832087898797e+02
-9.235371228166172841e+00 -1.739784574834849309e+02
-9.206822939980199294e+00 -1.740393810103529120e+02
-9.178274651794211536e+00 -1.740599448113334802e+02
-9.149726363608223778e+00 -1.740536071848504491e+02
-9.121178075422250231e+00 -1.740392088391160428e+02
-9.092629787236248262e+00 -1.740253358009297244e+02
-9.064081499050260504e+00 -1.740188117052258860e+02
-9.035533210864286957e+00 -1.740225358740772492e+02
-9.006984922678299199e+00 -1.740327397366799289e+02
-8.978436634492311441e+00 -1.740427020427451339e+02
-8.949888346306337894e+00 -1.740416328212810413e+02
-8.921340058120350136e+00 -1.740207777483299765e+02
-8.892791769934348167e+00 -1.739637363714257390e+02
-8.864243481748374620e+00 -1.738784248557291789e+02
-8.835695193562386862e+00 -1.737612070287223673e+02
-8.807146905376399104e+00 -1.736277124401367189e+02
-8.778598617190425557e+00 -1.734866762333453210e+02
-8.750050329004437799e+00 -1.733486709731001270e+02
-8.721502040818450041e+00 -1.732253184302464604e+02
-8.692953752632462283e+00 -1.731232013573113875e+02
-8.664405464446474525e+00 -1.730464811052439700e+02
-8.635857176260486767e+00 -1.729953223359397896e+02
-8.607308888074513220e+00 -1.729659377293615421e+02
-8.578760599888525462e+00 -1.729499192281778335e+02
-8.550212311702537704e+00 -1.729370923498462957e+02
-8.521664023516549946e+00 -1.729172205599903691e+02
-8.493115735330562188e+00 -1.728809511380859476e+02
-8.464567447144574430e+00 -1.728225412512850596e+02
-8.436019158958600883e+00 -1.727333804829700057e+02
-8.407470870772613125e+00 -1.726286482358878231e+02
-8.378922582586625367e+00 -1.725067944415974637e+02
-8.350374294400651820e+00 -1.723816345349663663e+02
-8.321826006214649851e+00 -1.722622072588745255e+02
-8.293277718028662093e+00 -1.721566678685638578e+02
-8.264729429842688546e+00 -1.720709872776353393e+02
-8.236181141656700788e+00 -1.720060667624005646e+02
-8.207632853470713030e+00 -1.719604617389406371e+02
-8.179084565284739483e+00 -1.719289122938795913e+02
-8.150536277098751725e+00 -1.719039350282546081e+02
-8.121987988912749756e+00 -1.718765679719039099e+02
-8.093439700726776209e+00 -1.718384007007276182e+02
-8.064891412540788451e+00 -1.717829743313481856e+02
-8.036343124354800693e+00 -1.717071718066875974e+02
-8.007794836168827146e+00 -1.716106649940264219e+02
-7.979246547982839388e+00 -1.715005129687867225e+02
-7.950698259796837419e+00 -1.713824041633087347e+02
-7.922149971610863872e+00 -1.712644389816560420e+02
-7.893601683424876114e+00 -1.711567602466880658e+02
-7.865053395238888356e+00 -1.710645972649513737e+02
-7.836505107052914809e+00 -1.709914622767894343e+02
-7.807956818866927051e+00 -1.709378319630774001e+02
-7.779408530680939293e+00 -1.709005559298041987e+02
-7.750860242494951535e+00 -1.708743460061178610e+02
-7.722311954308963777e+00 -1.708519029870871577e+02
-7.693763666122976019e+00 -1.708256461434681341e+02
-7.665215377937002472e+00 -1.707884734263422217e+02
-7.636667089751014714e+00 -1.707359052508772095e+02
-7.608118801565026956e+00 -1.706664891206217760e+02
-7.579570513379053409e+00 -1.705826086966748960e+02
-7.551022225193051440e+00 -1.704893104892934161e+02
-7.522473937007063682e+00 -1.703954976703337536e+02
-7.493925648821090135e+00 -1.703032045434250392e+02
-7.465377360635102377e+00 -1.702222182189418618e+02
-7.436829072449114619e+00 -1.701570552370196765e+02
-7.408280784263141072e+00 -1.701097067783688885e+02
-7.379732496077153314e+00 -1.700793346605044576e+02
-7.351184207891151345e+00 -1.700623566776121436e+02
-7.322635919705177798e+00 -1.700529667101384064e+02
-7.294087631519190040e+00 -1.700441512096223278e+02
-7.265539343333202282e+00 -1.700288409869384054e+02
-7.236991055147228735e+00 -1.700014488273015161e+02
-7.208442766961240977e+00 -1.699587214623032310e+02
-7.179894478775253219e+00 -1.699013884564098760e+02
-7.151346190589265461e+00 -1.698319124882835069e+02
-7.122797902403277703e+00 -1.697559409887041966e+02
-7.094249614217289945e+00 -1.696803354836749236e+02
-7.065701326031316398e+00 -1.696113806019123444e+02
-7.037153037845328640e+00 -1.695534504382784746e+02
-7.008604749659340882e+00 -1.695114195536257000e+02
-6.980056461473367335e+00 -1.694862727841336323e+02
-6.951508173287365366e+00 -1.694761942867666278e+02
-6.922959885101377608e+00 -1.694768855461124417e+02
-6.894411596915404061e+00 -1.694822412608950231e+02
-6.865863308729416303e+00 -1.694854047417412062e+02
-6.837315020543428545e+00 -1.694802484807736391e+02
-6.808766732357454998e+00 -1.694623297187915227e+02
-6.780218444171467240e+00 -1.694292047131086747e+02
-6.751670155985465271e+00 -1.693821501373064393e+02
-6.723121867799491724e+00 -1.693253243662367424e+02
-6.694573579613503966e+00 -1.692649204489281942e+02
-6.666025291427516208e+00 -1.692071322467281220e+02
-6.637477003241542661e+00 -1.691586505513979262e+02
-6.608928715055554903e+00 -1.691235986217434970e+02
-6.580380426869567145e+00 -1.691049861361037188e+02
-6.551832138683579387e+00 -1.691030007986145733e+02
-6.523283850497591629e+00 -1.691148665097160801e+02
-6.494735562311603871e+00 -1.691354966570914939e+02
-6.466187274125630324e+00 -1.691588759374185713e+02
-6.437638985939642566e+00 -1.691776491125451116e+02
-6.409090697753654808e+00 -1.691856324746996165e+02
-6.380542409567667050e+00 -1.691789990623097140e+02
-6.351994121381679292e+00 -1.691570816107277153e+02
-6.323445833195691534e+00 -1.691223769610822103e+02
-6.294897545009717987e+00 -1.690801087652528452e+02
-6.266349256823730229e+00 -1.690370922084977110e+02
-6.237800968637742471e+00 -1.689996694478865606e+02
-6.209252680451754713e+00 -1.689723008448345638e+02
-6.180704392265766955e+00 -1.689613397418657428e+02
-6.152156104079779197e+00 -1.689679430159008575e+02
-6.123607815893805650e+00 -1.689913409938799020e+02
-6.095059527707817892e+00 -1.690282833097572848e+02
-6.066511239521830134e+00 -1.690717151978446395e+02
-6.037962951335856587e+00 -1.691143090614117455e+02
-6.009414663149854618e+00 -1.691488230090037064e+02
-5.980866374963866861e+00 -1.691696309868569870e+02
-5.952318086777893313e+00 -1.691738572647431909e+02
-5.923769798591905555e+00 -1.691621470051440213e+02
-5.895221510405917797e+00 -1.691385065749237526e+02
-5.866673222219944250e+00 -1.691094736158173362e+02
-5.838124934033956492e+00 -1.690827917619561163e+02
-5.809576645847954524e+00 -1.690659480404344208e+02
-5.781028357661980976e+00 -1.690595120634270643e+02
-5.752480069475993218e+00 -1.690723661615897129e+02
-5.723931781290005461e+00 -1.691053313459473202e+02
-5.695383493104031913e+00 -1.691552537669030585e+02
-5.666835204918044155e+00 -1.692166562936651530e+02
-5.638286916732056397e+00 -1.692819183530285443e+02
-5.609738628546068639e+00 -1.693426226385335269e+02
-5.581190340360080882e+00 -1.693910854768482466e+02
-5.552642052174093124e+00 -1.694220163693305210e+02
-5.524093763988119576e+00 -1.694336545932033573e+02
-5.495545475802131818e+00 -1.694285522296678721e+02
-5.466997187616144060e+00 -1.694125762528547625e+02
-5.438448899430170513e+00 -1.693940515616720006e+02
-5.409900611244168545e+00 -1.693819585623221258e+02
-5.381352323058180787e+00 -1.693854485495082827e+02
-5.352804034872207239e+00 -1.694062163600123654e+02
-5.324255746686219481e+00 -1.694407604987229661e+02
-5.295707458500231724e+00 -1.694993031074137662e+02
-5.267159170314258176e+00 -1.695753864265281834e+02
-5.238610882128270418e+00 -1.696613107570992725e+02
-5.210062593942268450e+00 -1.697474707507737719e+02
-5.181514305756294902e+00 -1.698238966490607709e+02
-5.152966017570307145e+00 -1.698823215847197616e+02
-5.124417729384319387e+00 -1.699180393651036809e+02
-5.095869441198345839e+00 -1.699311096822523552e+02
-5.067321153012358081e+00 -1.699264524246017061e+02
-5.038772864826370323e+00 -1.699131779825335684e+02
-5.010224576640382566e+00 -1.699028174657961472e+02
-4.981676288454394808e+00 -1.699042480499891212e+02
-4.953128000268407050e+00 -1.699260017757175660e+02
-4.924579712082433502e+00 -1.699733109552130372e+02
-4.896031423896445745e+00 -1.700315128495064414e+02
-4.867483135710457987e+00 -1.701139630979357946e+02
-4.838934847524484439e+00 -1.702150990895494829e+02
-4.810386559338482471e+00 -1.703223138004712212e+02
-4.781838271152494713e+00 -1.704238783949167555e+02
-4.753289982966521166e+00 -1.705078473037590925e+02
-4.724741694780533408e+00 -1.705654892266011871e+02
-4.696193406594545650e+00 -1.705934854069166136e+02
-4.667645118408572102e+00 -1.705964026597133625e+02
-4.639096830222584344e+00 -1.705821228365684874e+02
-4.610548542036582376e+00 -1.705618699976105574e+02
-4.582000253850608829e+00 -1.705490566341321141e+02
-4.553451965664621071e+00 -1.705556549717391590e+02
-4.524903677478633313e+00 -1.705902570934175060e+02
-4.496355389292659765e+00 -1.706568397096889953e+02
-4.467807101106672008e+00 -1.707474475284257949e+02
-4.439258812920684250e+00 -1.708398178171865140e+02
-4.410710524734696492e+00 -1.709548060166594041e+02
-4.382162236548708734e+00 -1.710703787831858449e+02
-4.353613948362720976e+00 -1.711691630181104529e+02
-4.325065660176747429e+00 -1.712387830893919727e+02
-4.296517371990759671e+00 -1.712747700102121655e+02
-4.267969083804771913e+00 -1.712729750389073331e+02
-4.239420795618784155e+00 -1.712414113164739433e+02
-4.210872507432796397e+00 -1.711938825990046666e+02
-4.182324219246808639e+00 -1.711469799917892374e+02
-4.153775931060835092e+00 -1.711165261950371814e+02
-4.125227642874847334e+00 -1.711148648649847814e+02
-4.096679354688859576e+00 -1.711491204425232411e+02
-4.068131066502871818e+00 -1.712202463001886770e+02
-4.039582778316884060e+00 -1.713227643051365874e+02
-4.011034490130910513e+00 -1.714139974991952045e+02
-3.982486201944922755e+00 -1.715120259873822022e+02
-3.953937913758934997e+00 -1.716065897085728125e+02
-3.925389625572947239e+00 -1.716699199499356325e+02
-3.896841337386973692e+00 -1.716906919998948524e+02
-3.868293049200971723e+00 -1.716647459623906116e+02
-3.839744761014998176e+00 -1.715981250283667237e+02
-3.811196472829010418e+00 -1.715052181560759550e+02
-3.782648184643022660e+00 -1.714048367319944646e+02
-3.754099896457034902e+00 -1.713158776890090849e+02
-3.725551608271061355e+00 -1.712538230472734142e+02
-3.697003320085073597e+00 -1.712285503389018970e+02
-3.668455031899085839e+00 -1.712432158275070719e+02
-3.639906743713098081e+00 -1.712939159234782664e+02
-3.611358455527110323e+00 -1.713699874481243910e+02
-3.582810167341136776e+00 -1.714510974589615273e+02
-3.554261879155149018e+00 -1.714909824370948570e+02
-3.525713590969161260e+00 -1.715194925955761391e+02
-3.497165302783173502e+00 -1.715097253616236230e+02
-3.468617014597185744e+00 -1.714477289640667834e+02
-3.440068726411197986e+00 -1.713417130037248626e+02
-3.411520438225224439e+00 -1.712040586705075214e+02
-3.382972150039236681e+00 -1.710527963490583829e+02
-3.354423861853248923e+00 -1.709072246633968177e+02
-3.325875573667261165e+00 -1.707838934543721905e+02
-3.297327285481287618e+00 -1.706941651763681023e+02
-3.268778997295285649e+00 -1.706429488706391453e+02
-3.240230709109312102e+00 -1.706298064458263752e+02
-3.211682420923324344e+00 -1.706531647126263351e+02
-3.183134132737336586e+00 -1.706854111279329800e+02
-3.154585844551363039e+00 -1.707110719250763964e+02
-3.126037556365375281e+00 -1.706914544244667695e+02
-3.097489268179387523e+00 -1.706418273728438635e+02
-3.068940979993399765e+00 -1.705607527383645277e+02
-3.040392691807412007e+00 -1.704351814250289863e+02
-3.011844403621424249e+00 -1.702781384814103944e+02
-2.983296115435450702e+00 -1.701049881995731994e+02
-2.954747827249462944e+00 -1.699321467412060827e+02
-2.926199539063475186e+00 -1.697749339616173074e+02
-2.897651250877487428e+00 -1.696448229080658336e+02
-2.869102962691499670e+00 -1.695584752419694610e+02
-2.840554674505511912e+00 -1.695087302221019172e+02
-2.812006386319538365e+00 -1.694792638311699591e+02
-2.783458098133550607e+00 -1.694628103356081965e+02
-2.754909809947562849e+00 -1.694478000466692720e+02
-2.726361521761589302e+00 -1.694210368272071037e+02
-2.697813233575601544e+00 -1.693676240979440024e+02
-2.669264945389599575e+00 -1.692702099704075067e+02
-2.640716657203626028e+00 -1.691502965284037430e+02
-2.612168369017638270e+00 -1.690064421774941366e+02
-2.583620080831650512e+00 -1.688408022678378302e+02
-2.555071792645676965e+00 -1.686711356303777620e+02
-2.526523504459689207e+00 -1.685102092241161813e+02
-2.497975216273701449e+00 -1.683956367992785204e+02
-2.469426928087713691e+00 -1.682973991558712612e+02
-2.440878639901725933e+00 -1.682170748331258210e+02
-2.412330351715738175e+00 -1.681562830892461307e+02
-2.383782063529764628e+00 -1.681113308533450095e+02
-2.355233775343776870e+00 -1.680743283615422570e+02
-2.326685487157789112e+00 -1.680349560764352645e+02
-2.298137198971801354e+00 -1.679827351554141330e+02
-2.269588910785813596e+00 -1.679094678104801801e+02
-2.241040622599825838e+00 -1.678052159302329471e+02
-2.212492334413852291e+00 -1.676797945214937613e+02
-2.183944046227864533e+00 -1.675411463716455103e+02
-2.155395758041876775e+00 -1.674052761640180051e+02
-2.126847469855889017e+00 -1.672977741590543701e+02
-2.098299181669901259e+00 -1.671832500073078336e+02
-2.069750893483913501e+00 -1.670744537830947536e+02
-2.041202605297939954e+00 -1.669801402872925848e+02
-2.012654317111952196e+00 -1.669042096264454074e+02
-1.984106028925964438e+00 -1.668457391814428092e+02
-1.955557740739990891e+00 -1.667997083346267573e+02
-1.927009452553988922e+00 -1.667582657988527046e+02
-1.898461164368001164e+00 -1.667124434431431155e+02
-1.869912876182027617e+00 -1.666541092596626754e+02
-1.841364587996039859e+00 -1.665778177598416221e+02
-1.812816299810052101e+00 -1.664816514070709275e+02
-1.784268011624078554e+00 -1.664081432325395156e+02
-1.755719723438090796e+00 -1.663322288461006337e+02
-1.727171435252088827e+00 -1.662327472586058263e+02
-1.698623147066115280e+00 -1.661194624027165219e+02
-1.670074858880127522e+00 -1.660080703944166203e+02
-1.641526570694139764e+00 -1.659082698840937837e+02
-1.612978282508166217e+00 -1.658256454819381815e+02
-1.584429994322178459e+00 -1.657614081658728082e+02
-1.555881706136190701e+00 -1.657127909655582130e+02
-1.527333417950202943e+00 -1.656739416461073233e+02
-1.498785129764215185e+00 -1.656372261512755983e+02
-1.470236841578227427e+00 -1.655948154486851536e+02
-1.441688553392253880e+00 -1.655403427514781640e+02
-1.413140265206266122e+00 -1.655524052724770740e+02
-1.384591977020278364e+00 -1.655225767891212456e+02
-1.356043688834304817e+00 -1.654543736793806374e+02
-1.327495400648302848e+00 -1.653597941089384449e+02
-1.298947112462315090e+00 -1.652521542659249860e+02
-1.270398824276341543e+00 -1.651422700163834918e+02
-1.241850536090353785e+00 -1.650407561489540740e+02
-1.213302247904366027e+00 -1.649553951321717875e+02
-1.184753959718392480e+00 -1.648891254761252583e+02
-1.156205671532404722e+00 -1.648410290853003630e+02
-1.127657383346402753e+00 -1.648069331014580712e+02
-1.099109095160429206e+00 -1.647803952632486357e+02
-1.070560806974441448e+00 -1.647938725448348407e+02
-1.042012518788453690e+00 -1.648526999083574651e+02
-1.013464230602480143e+00 -1.648732887916546304e+02
-9.849159424164923848e-01 -1.648527338853959634e+02
-9.563676542305046269e-01 -1.647946200177564435e+02
-9.278193660445168689e-01 -1.647078829646182214e+02
-8.992710778585291109e-01 -1.646044002913569386e+02
-8.707227896725413530e-01 -1.644973925289374392e+02
-8.421745014865678058e-01 -1.643979317329169021e+02
-8.136262133005800479e-01 -1.643115185206502247e+02
-7.850779251145922899e-01 -1.642450214237167927e+02
-7.565296369286187428e-01 -1.641992083822278232e+02
-7.279813487426167740e-01 -1.641714273806148867e+02
-6.994330605566290160e-01 -1.642444162111420098e+02
-6.708847723706554689e-01 -1.643360666923620670e+02
-6.423364841846677109e-01 -1.644010600041002021e+02
-6.137881959986799529e-01 -1.644289646433688574e+02
-5.852399078127064058e-01 -1.644141599309031108e+02
-5.566916196267186479e-01 -1.643566588622693985e+02
-5.281433314407166790e-01 -1.642614848212247693e+02
-4.995950432547431319e-01 -1.641369178204841432e+02
-4.710467550687553739e-01 -1.639921386243232746e+02
-4.424984668827676160e-01 -1.638351305317405320e+02
-4.139501786967940689e-01 -1.636711772168083883e+02
-3.854018905108063109e-01 -1.635021033337014558e+02
-3.568536023248043421e-01 -1.633415943512655133e+02
-3.283053141388307949e-01 -1.632658131255856802e+02
-2.997570259528430370e-01 -1.631556513203788086e+02
-2.712087377668552790e-01 -1.630038409342130308e+02
-2.426604495808817319e-01 -1.628086805042545677e+02
-2.141121613948939739e-01 -1.625749644110357508e+02
-1.855638732088920051e-01 -1.623133379878570963e+02
-1.570155850229184580e-01 -1.620384103823857345e+02
-1.284672968369307000e-01 -1.617663758094937521e+02
-9.991900865094294204e-02 -1.615128929410608123e+02
-7.137072046496939492e-02 -1.612916235490935719e+02
-4.282243227898163695e-02 -1.611134702303167501e+02
-1.427414409299387898e-02 -1.609862552837148257e+02
1.427414409299387898e-02 -1.609862552837148257e+02
4.282243227898163695e-02 -1.611134702303166932e+02
7.137072046496939492e-02 -1.612916235490933445e+02
9.991900865094294204e-02 -1.615128929410625176e+02
1.284672968369307000e-01 -1.617663758094933542e+02
1.570155850229184580e-01 -1.620384103823863313e+02
1.855638732088920051e-01 -1.623133379878560163e+02
2.141121613948939739e-01 -1.625749644110357508e+02
2.426604495808817319e-01 -1.628086805042537435e+02
2.712087377668552790e-01 -1.630038409342125192e+02
2.997570259528430370e-01 -1.631556513203788938e+02
3.283053141388307949e-01 -1.632658131255860496e+02
3.568536023248043421e-01 -1.633415943512658259e+02
3.854018905107921000e-01 -1.635021033337028769e+02
4.139501786967940689e-01 -1.636711772168081609e+02
4.424984668827676160e-01 -1.638351305317398499e+02
4.710467550687553739e-01 -1.639921386243227062e+02
4.995950432547431319e-01 -1.641369178204830348e+02
5.281433314407166790e-01 -1.642614848212253946e+02
5.566916196267044370e-01 -1.643566588622686879e+02
5.852399078126921950e-01 -1.644141599309051003e+02
6.137881959986799529e-01 -1.644289646433668111e+02
6.423364841846677109e-01 -1.644010600040971042e+02
6.708847723706554689e-01 -1.643360666923598217e+02
6.994330605566290160e-01 -1.642444162111430614e+02
7.279813487426167740e-01 -1.641714273806101687e+02
7.565296369286045319e-01 -1.641992083822236452e+02
7.850779251145780790e-01 -1.642450214237121600e+02
8.136262133005800479e-01 -1.643115185206501110e+02
8.421745014865678058e-01 -1.643979317329135483e+02
8.707227896725413530e-01 -1.644973925289370982e+02
8.992710778585291109e-01 -1.646044002913563986e+02
9.278193660445168689e-01 -1.647078829646185056e+02
9.563676542304904160e-01 -1.647946200177539140e+02
9.849159424164781740e-01 -1.648527338853945139e+02
1.013464230602480143e+00 -1.648732887916565346e+02
1.042012518788453690e+00 -1.648526999083574651e+02
1.070560806974441448e+00 -1.647938725448352955e+02
1.099109095160429206e+00 -1.647803952632515347e+02
1.127657383346402753e+00 -1.648069331014572469e+02
1.156205671532390511e+00 -1.648410290853016704e+02
1.184753959718378269e+00 -1.648891254761252867e+02
1.213302247904366027e+00 -1.649553951321726402e+02
1.241850536090353785e+00 -1.650407561489538750e+02
1.270398824276341543e+00 -1.651422700163837476e+02
1.298947112462315090e+00 -1.652521542659245313e+02
1.327495400648302848e+00 -1.653597941089383028e+02
1.356043688834304817e+00 -1.654543736793813764e+02
1.384591977020264153e+00 -1.655225767891205919e+02
1.413140265206266122e+00 -1.655524052724764488e+02
1.441688553392253880e+00 -1.655403427514771408e+02
1.470236841578227427e+00 -1.655948154486862336e+02
1.498785129764215185e+00 -1.656372261512740920e+02
1.527333417950202943e+00 -1.656739416461093413e+02
1.555881706136190701e+00 -1.657127909655593498e+02
1.584429994322164248e+00 -1.657614081658748262e+02
1.612978282508166217e+00 -1.658256454819378405e+02
1.641526570694139764e+00 -1.659082698840943522e+02
1.670074858880127522e+00 -1.660080703944163645e+02
1.698623147066115280e+00 -1.661194624027168913e+02
1.727171435252088827e+00 -1.662327472586062527e+02
1.755719723438090796e+00 -1.663322288461008611e+02
1.784268011624064343e+00 -1.664081432325376682e+02
1.812816299810052101e+00 -1.664816514070684832e+02
1.841364587996039859e+00 -1.665778177598404000e+02
1.869912876182027617e+00 -1.666541092596644376e+02
1.898461164368001164e+00 -1.667124434431440534e+02
1.927009452553988922e+00 -1.667582657988507151e+02
1.955557740739976680e+00 -1.667997083346249951e+02
1.984106028925964438e+00 -1.668457391814403650e+02
2.012654317111952196e+00 -1.669042096264464021e+02
2.041202605297939954e+00 -1.669801402872899416e+02
2.069750893483913501e+00 -1.670744537830944125e+02
2.098299181669901259e+00 -1.671832500073068957e+02
2.126847469855889017e+00 -1.672977741590541427e+02
2.155395758041876775e+00 -1.674052761640206768e+02
2.183944046227864533e+00 -1.675411463716439187e+02
2.212492334413852291e+00 -1.676797945214939887e+02
2.241040622599825838e+00 -1.678052159302341124e+02
2.269588910785813596e+00 -1.679094678104820844e+02
2.298137198971801354e+00 -1.679827351554125130e+02
2.326685487157774901e+00 -1.680349560764329908e+02
2.355233775343776870e+00 -1.680743283615402390e+02
2.383782063529750417e+00 -1.681113308533419115e+02
2.412330351715738175e+00 -1.681562830892461591e+02
2.440878639901725933e+00 -1.682170748331267873e+02
2.469426928087713691e+00 -1.682973991558718581e+02
2.497975216273687238e+00 -1.683956367992761898e+02
2.526523504459674996e+00 -1.685102092241187961e+02
2.555071792645662754e+00 -1.686711356303773641e+02
2.583620080831650512e+00 -1.688408022678386260e+02
2.612168369017638270e+00 -1.690064421774928860e+02
2.640716657203626028e+00 -1.691502965284055335e+02
2.669264945389599575e+00 -1.692702099704084731e+02
2.697813233575587333e+00 -1.693676240979449688e+02
2.726361521761575091e+00 -1.694210368272080132e+02
2.754909809947562849e+00 -1.694478000466703520e+02
2.783458098133550607e+00 -1.694628103356090492e+02
2.812006386319524154e+00 -1.694792638311707833e+02
2.840554674505511912e+00 -1.695087302221015761e+02
2.869102962691499670e+00 -1.695584752419699726e+02
2.897651250877487428e+00 -1.696448229080693295e+02
2.926199539063460975e+00 -1.697749339616175064e+02
2.954747827249462944e+00 -1.699321467412059405e+02
2.983296115435436491e+00 -1.701049881995730573e+02
3.011844403621424249e+00 -1.702781384814099397e+02
3.040392691807412007e+00 -1.704351814250271673e+02
3.068940979993399765e+00 -1.705607527383662614e+02
3.097489268179373312e+00 -1.706418273728442898e+02
3.126037556365361070e+00 -1.706914544244664000e+02
3.154585844551348828e+00 -1.707110719250768511e+02
3.183134132737336586e+00 -1.706854111279340032e+02
3.211682420923324344e+00 -1.706531647126254256e+02
3.240230709109297891e+00 -1.706298064458269153e+02
3.268778997295285649e+00 -1.706429488706411917e+02
3.297327285481287618e+00 -1.706941651763693528e+02
3.325875573667261165e+00 -1.707838934543735547e+02
3.354423861853248923e+00 -1.709072246633979546e+02
3.382972150039236681e+00 -1.710527963490599177e+02
3.411520438225210228e+00 -1.712040586705093119e+02
3.440068726411197986e+00 -1.713417130037256584e+02
3.468617014597185744e+00 -1.714477289640684035e+02
3.497165302783173502e+00 -1.715097253616244188e+02
3.525713590969147049e+00 -1.715194925955765939e+02
3.554261879155149018e+00 -1.714909824370947433e+02
3.582810167341122565e+00 -1.714510974589616694e+02
3.611358455527110323e+00 -1.713699874481249594e+02
3.639906743713098081e+00 -1.712939159234784654e+02
3.668455031899071628e+00 -1.712432158275046277e+02
3.697003320085073597e+00 -1.712285503389020676e+02
3.725551608271047144e+00 -1.712538230472731584e+02
3.754099896457034902e+00 -1.713158776890101649e+02
3.782648184643022660e+00 -1.714048367319938677e+02
3.811196472829010418e+00 -1.715052181560765803e+02
3.839744761014983965e+00 -1.715981250283664679e+02
3.868293049200971723e+00 -1.716647459623902137e+02
3.896841337386973692e+00 -1.716906919998961598e+02
3.925389625572947239e+00 -1.716699199499353199e+02
3.953937913758934997e+00 -1.716065897085745178e+02
3.982486201944922755e+00 -1.715120259873824864e+02
4.011034490130896302e+00 -1.714139974991948350e+02
4.039582778316884060e+00 -1.713227643051380369e+02
4.068131066502871818e+00 -1.712202463001904675e+02
4.096679354688859576e+00 -1.711491204425236674e+02
4.125227642874847334e+00 -1.711148648649860604e+02
4.153775931060835092e+00 -1.711165261950385457e+02
4.182324219246808639e+00 -1.711469799917895784e+02
4.210872507432796397e+00 -1.711938825990054340e+02
4.239420795618784155e+00 -1.712414113164727496e+02
4.267969083804757702e+00 -1.712729750389072763e+02
4.296517371990759671e+00 -1.712747700102124497e+02
4.325065660176747429e+00 -1.712387830893908927e+02
4.353613948362720976e+00 -1.711691630181114192e+02
4.382162236548708734e+00 -1.710703787831849070e+02
4.410710524734696492e+00 -1.709548060166588925e+02
4.439258812920670039e+00 -1.708398178171857751e+02
4.467807101106657797e+00 -1.707474475284254254e+02
4.496355389292659765e+00 -1.706568397096885406e+02
4.524903677478633313e+00 -1.705902570934171649e+02
4.553451965664621071e+00 -1.705556549717386190e+02
4.582000253850608829e+00 -1.705490566341329668e+02
4.610548542036582376e+00 -1.705618699976105006e+02
4.639096830222570134e+00 -1.705821228365676063e+02
4.667645118408557892e+00 -1.705964026597133056e+02
4.696193406594545650e+00 -1.705934854069164146e+02
4.724741694780533408e+00 -1.705654892266012723e+02
4.753289982966521166e+00 -1.705078473037587514e+02
4.781838271152494713e+00 -1.704238783949175229e+02
4.810386559338482471e+00 -1.703223138004718749e+02
4.838934847524470229e+00 -1.702150990895491987e+02
4.867483135710443776e+00 -1.701139630979363346e+02
4.896031423896445745e+00 -1.700315128495067825e+02
4.924579712082433502e+00 -1.699733109552131509e+02
4.953128000268407050e+00 -1.699260017757177081e+02
4.981676288454394808e+00 -1.699042480499891781e+02
5.010224576640382566e+00 -1.699028174657953798e+02
5.038772864826356113e+00 -1.699131779825333126e+02
5.067321153012343871e+00 -1.699264524246019050e+02
5.095869441198345839e+00 -1.699311096822526395e+02
5.124417729384319387e+00 -1.699180393651030556e+02
5.152966017570307145e+00 -1.698823215847191648e+02
5.181514305756294902e+00 -1.698238966490603161e+02
5.210062593942268450e+00 -1.697474707507728908e+02
5.238610882128270418e+00 -1.696613107570979082e+02
5.267159170314243966e+00 -1.695753864265273023e+02
5.295707458500231724e+00 -1.694993031074130840e+02
5.324255746686219481e+00 -1.694407604987219713e+02
5.352804034872207239e+00 -1.694062163600116548e+02
5.381352323058180787e+00 -1.693854485495080553e+02
5.409900611244168545e+00 -1.693819585623215289e+02
5.438448899430170513e+00 -1.693940515616718301e+02
5.466997187616129850e+00 -1.694125762528549046e+02
5.495545475802131818e+00 -1.694285522296685542e+02
5.524093763988119576e+00 -1.694336545932055174e+02
5.552642052174093124e+00 -1.694220163693307768e+02
5.581190340360080882e+00 -1.693910854768484171e+02
5.609738628546068639e+00 -1.693426226385339817e+02
5.638286916732056397e+00 -1.692819183530290275e+02
5.666835204918029945e+00 -1.692166562936668299e+02
5.695383493104031913e+00 -1.691552537669035701e+02
5.723931781290005461e+00 -1.691053313459468654e+02
5.752480069475993218e+00 -1.690723661615891444e+02
5.781028357661980976e+00 -1.690595120634271211e+02
5.809576645847954524e+00 -1.690659480404336819e+02
5.838124934033956492e+00 -1.690827917619552636e+02
5.866673222219930040e+00 -1.691094736158171656e+02
5.895221510405917797e+00 -1.691385065749233547e+02
5.923769798591905555e+00 -1.691621470051437370e+02
5.952318086777893313e+00 -1.691738572647426224e+02
5.980866374963866861e+00 -1.691696309868572996e+02
6.009414663149854618e+00 -1.691488230090029958e+02
6.037962951335856587e+00 -1.691143090614116602e+02
6.066511239521830134e+00 -1.690717151978438153e+02
6.095059527707817892e+00 -1.690282833097564321e+02
6.123607815893805650e+00 -1.689913409938804705e+02
6.152156104079779197e+00 -1.689679430159000049e+02
6.180704392265766955e+00 -1.689613397418648049e+02
6.209252680451754713e+00 -1.689723008448343080e+02
6.237800968637742471e+00 -1.689996694478855943e+02
6.266349256823730229e+00 -1.690370922084966594e+02
6.294897545009717987e+00 -1.690801087652532715e+02
6.323445833195691534e+00 -1.691223769610810734e+02
6.351994121381679292e+00 -1.691570816107268342e+02
6.380542409567667050e+00 -1.691789990623086624e+02
6.409090697753640598e+00 -1.691856324746978828e+02
6.437638985939642566e+00 -1.691776491125449127e+02
6.466187274125630324e+00 -1.691588759374182018e+02
6.494735562311603871e+00 -1.691354966570905276e+02
6.523283850497591629e+00 -1.691148665097151707e+02
6.551832138683579387e+00 -1.691030007986144028e+02
6.580380426869552934e+00 -1.691049861361031219e+02
6.608928715055540692e+00 -1.691235986217429854e+02
6.637477003241542661e+00 -1.691586505513982388e+02
6.666025291427516208e+00 -1.692071322467285199e+02
6.694573579613503966e+00 -1.692649204489286490e+02
6.723121867799491724e+00 -1.693253243662369414e+02
6.751670155985465271e+00 -1.693821501373066667e+02
6.780218444171453029e+00 -1.694292047131086179e+02
6.808766732357440787e+00 -1.694623297187902722e+02
6.837315020543428545e+00 -1.694802484807734970e+02
6.865863308729416303e+00 -1.694854047417425136e+02
6.894411596915404061e+00 -1.694822412608949094e+02
6.922959885101377608e+00 -1.694768855461125554e+02
6.951508173287365366e+00 -1.694761942867663436e+02
6.980056461473353124e+00 -1.694862727841331207e+02
7.008604749659326671e+00 -1.695114195536266095e+02
7.037153037845328640e+00 -1.695534504382777925e+02
7.065701326031316398e+00 -1.696113806019120602e+02
7.094249614217289945e+00 -1.696803354836754067e+02
7.122797902403277703e+00 -1.697559409887034292e+02
7.151346190589265461e+00 -1.698319124882832227e+02
7.179894478775253219e+00 -1.699013884564096770e+02
7.208442766961226766e+00 -1.699587214623032594e+02
7.236991055147228735e+00 -1.700014488273015445e+02
7.265539343333202282e+00 -1.700288409869380644e+02
7.294087631519190040e+00 -1.700441512096222425e+02
7.322635919705177798e+00 -1.700529667101382643e+02
7.351184207891151345e+00 -1.700623566776120015e+02
7.379732496077153314e+00 -1.700793346605042018e+02
7.408280784263126861e+00 -1.701097067783693433e+02
7.436829072449114619e+00 -1.701570552370193923e+02
7.465377360635102377e+00 -1.702222182189417765e+02
7.493925648821090135e+00 -1.703032045434250392e+02
7.522473937007063682e+00 -1.703954976703340378e+02
7.551022225193051440e+00 -1.704893104892926203e+02
7.579570513379053409e+00 -1.705826086966758055e+02
7.608118801565012745e+00 -1.706664891206228276e+02
7.636667089751014714e+00 -1.707359052508773516e+02
7.665215377937002472e+00 -1.707884734263418522e+02
7.693763666122976019e+00 -1.708256461434686742e+02
7.722311954308963777e+00 -1.708519029870876409e+02
7.750860242494951535e+00 -1.708743460061187136e+02
7.779408530680939293e+00 -1.709005559298047388e+02
7.807956818866912840e+00 -1.709378319630769170e+02
7.836505107052914809e+00 -1.709914622767894912e+02
7.865053395238888356e+00 -1.710645972649507769e+02
7.893601683424876114e+00 -1.711567602466880089e+02
7.922149971610863872e+00 -1.712644389816560420e+02
7.950698259796837419e+00 -1.713824041633080242e+02
7.979246547982839388e+00 -1.715005129687862109e+02
8.007794836168827146e+00 -1.716106649940270756e+02
8.036343124354800693e+00 -1.717071718066884216e+02
8.064891412540788451e+00 -1.717829743313478730e+02
8.093439700726776209e+00 -1.718384007007278740e+02
8.121987988912749756e+00 -1.718765679719038246e+02
8.150536277098737514e+00 -1.719039350282545229e+02
8.179084565284739483e+00 -1.719289122938796766e+02
8.207632853470713030e+00 -1.719604617389404382e+02
8.236181141656700788e+00 -1.720060667624002804e+02
8.264729429842688546e+00 -1.720709872776352540e+02
8.293277718028662093e+00 -1.721566678685649663e+02
8.321826006214649851e+00 -1.722622072588735875e+02
8.350374294400637609e+00 -1.723816345349661106e+02
8.378922582586625367e+00 -1.725067944415983447e+02
8.407470870772613125e+00 -1.726286482358876242e+02
8.436019158958600883e+00 -1.727333804829694657e+02
8.464567447144574430e+00 -1.728225412512855428e+02
8.493115735330562188e+00 -1.728809511380860613e+02
8.521664023516549946e+00 -1.729172205599903407e+02
8.550212311702523493e+00 -1.729370923498458978e+02
8.578760599888525462e+00 -1.729499192281774071e+02
8.607308888074513220e+00 -1.729659377293616274e+02
8.635857176260486767e+00 -1.729953223359393348e+02
8.664405464446474525e+00 -1.730464811052432879e+02
8.692953752632462283e+00 -1.731232013573105917e+02
8.721502040818435830e+00 -1.732253184302460340e+02
8.750050329004423588e+00 -1.733486709730995585e+02
8.778598617190411346e+00 -1.734866762333453494e+02
8.807146905376399104e+00 -1.736277124401366905e+02
8.835695193562386862e+00 -1.737612070287222537e+02
8.864243481748374620e+00 -1.738784248557279000e+02
8.892791769934348167e+00 -1.739637363714253411e+02
8.921340058120335925e+00 -1.740207777483301754e+02
8.949888346306323683e+00 -1.740416328212805013e+02
8.978436634492311441e+00 -1.740427020427439970e+02
9.006984922678299199e+00 -1.740327397366788205e+02
9.035533210864286957e+00 -1.740225358740768797e+02
9.064081499050260504e+00 -1.740188117052256871e+02
9.092629787236248262e+00 -1.740253358009312024e+02
9.121178075422236020e+00 -1.740392088391161280e+02
9.149726363608209567e+00 -1.740536071848515860e+02
9.178274651794211536e+00 -1.740599448113332528e+02
9.206822939980185083e+00 -1.740393810103538499e+02
9.235371228166172841e+00 -1.739784574834852720e+02
9.263919516352160599e+00 -1.738666832087903913e+02
9.292467804538148357e+00 -1.736970692863530701e+02
9.321016092724136115e+00 -1.734696650707709864e+02
9.349564380910109662e+00 -1.732006226880277495e+02
9.378112669096097420e+00 -1.728722872379906335e+02
9.406660957282085178e+00 -1.725193143105435070e+02
9.435209245468072936e+00 -1.721534708605232993e+02
9.463757533654060694e+00 -1.717825281678764213e+02
9.492305821840034241e+00 -1.714125562755153283e+02
9.520854110026036210e+00 -1.710469201418541445e+02
9.549402398212009757e+00 -1.706830028233089536e+02
9.577950686397997515e+00 -1.703204527192347655e+02
9.606498974583985273e+00 -1.699566800467114263e+02
9.635047262769958820e+00 -1.695902602871713043e+02
9.663595550955946578e+00 -1.692223106363248917e+02
9.692143839141934336e+00 -1.688500375148037733e+02
9.720692127327922094e+00 -1.684771028128964190e+02
9.749240415513895641e+00 -1.681068249138334068e+02
9.777788703699897610e+00 -1.677382282334847048e+02
9.806336991885871157e+00 -1.673814841805103697e+02
9.834885280071858915e+00 -1.670339106047408677e+02
9.863433568257846673e+00 -1.667006829120251723e+02
9.891981856443834431e+00 -1.663825251696102043e+02
9.920530144629822189e+00 -1.660801187908158738e+02
9.949078432815809947e+00 -1.657929010669400895e+02
9.977626721001783494e+00 -1.655201653192995366e+02
1.000617500918777125e+01 -1.652602143698409805e+02
1.003472329737375901e+01 -1.650128423548015348e+02
1.006327158555973256e+01 -1.647761287585366574e+02
1.009181987374572032e+01 -1.645493614569579393e+02
1.012036816193172228e+01 -1.643320952750539732e+02
1.014891645011769583e+01 -1.641244027157132450e+02
1.017746473830368359e+01 -1.639252249049599186e+02
1.020601302648967135e+01 -1.637394588848171395e+02
1.023456131467564489e+01 -1.635641443586642652e+02
1.026310960286163265e+01 -1.633990370049702108e+02
1.029165789104762041e+01 -1.632462318543615538e+02
1.032020617923360817e+01 -1.631061007904140183e+02
1.034875446741959593e+01 -1.629788800064155794e+02
1.037730275560558368e+01 -1.628631937254186823e+02
1.040585104379155723e+01 -1.627621198343610445e+02
1.043439933197754499e+01 -1.626695846450673457e+02
1.046294762016353275e+01 -1.625870048291572516e+02
1.049149590834950629e+01 -1.625135789532097590e+02
1.052004419653550826e+01 -1.624485373123392264e+02
1.054859248472149602e+01 -1.623915006176291627e+02
1.057714077290746957e+01 -1.623420337032411283e+02
1.060568906109345733e+01 -1.623004618538502370e+02
1.063423734927944508e+01 -1.622666455041408256e+02
1.066278563746541863e+01 -1.622409305199200276e+02
1.069133392565140639e+01 -1.622227608141854205e+02
1.071988221383740836e+01 -1.622117952061627761e+02
1.074843050202338191e+01 -1.622086597529659002e+02
1.077697879020936966e+01 -1.622127909758781925e+02
1.080552707839535742e+01 -1.622239718818060510e+02
1.083407536658133097e+01 -1.622432810591840848e+02
1.086262365476731873e+01 -1.622651725431415457e+02
1.089117194295330648e+01 -1.622883213739983717e+02
1.091972023113929424e+01 -1.623169050872170942e+02
1.094826851932528200e+01 -1.623460470029727389e+02
1.097681680751126976e+01 -1.623757054540569698e+02
1.100536509569724331e+01 -1.624049821372069857e+02
1.103391338388323106e+01 -1.624318840774051580e+02
1.106246167206921882e+01 -1.624580632327592298e+02
1.109100996025519237e+01 -1.624834551528555266e+02
1.111955824844119434e+01 -1.625066460060425015e+02
1.114810653662718209e+01 -1.625276579549728240e+02
1.117665482481315564e+01 -1.625460073849916967e+02
1.120520311299914340e+01 -1.625596421310323763e+02
1.123375140118513116e+01 -1.625740739082561959e+02
1.126229968937111892e+01 -1.625822212985447379e+02
1.129084797755709246e+01 -1.625846843980219774e+02
1.131939626574309443e+01 -1.625817880622356597e+02
1.134794455392906798e+01 -1.625718738301071369e+02
1.137649284211505574e+01 -1.625553344523140424e+02
1.140504113030104349e+01 -1.625334424894315930e+02
1.143358941848701704e+01 -1.625047393478885454e+02
1.146213770667301901e+01 -1.624711762450043580e+02
1.149068599485899256e+01 -1.624335242145134544e+02
1.151923428304498032e+01 -1.623913960288011822e+02
1.154778257123096807e+01 -1.623503388403690337e+02
1.157633085941695583e+01 -1.623111189115283253e+02
1.160487914760292938e+01 -1.621254076337587549e+02
1.163342743578891714e+01 -1.619000848801670429e+02
1.166197572397491911e+01 -1.616405233743169561e+02
1.169052401216087844e+01 -1.613545859960738937e+02
1.171907230034688041e+01 -1.610556986347359327e+02
1.174762058853286817e+01 -1.607555190676552002e+02
1.177616887671884172e+01 -1.604716307882291915e+02
1.180471716490482947e+01 -1.602207602915434848e+02
1.183326545309081723e+01 -1.600103413717004059e+02
1.186181374127680499e+01 -1.598698811891395337e+02
1.189036202946279275e+01 -1.598071513420939027e+02
1.191891031764878051e+01 -1.598351836845482694e+02
1.194745860583475405e+01 -1.599526870999185348e+02
1.197600689402074181e+01 -1.601942201962181400e+02
1.200455518220672957e+01 -1.605449063263803851e+02
1.203310347039270312e+01 -1.609610767674785166e+02
1.206165175857870508e+01 -1.613590663201460700e+02
1.209020004676469284e+01 -1.617166871391779068e+02
1.211874833495066639e+01 -1.619235581888249840e+02
1.214729662313665415e+01 -1.618351871761507823e+02
1.217584491132264191e+01 -1.613957982599463037e+02
1.220439319950861545e+01 -1.606374517271318609e+02
1.223294148769460321e+01 -1.596748271684547831e+02
1.226148977588060518e+01 -1.586058879422068344e+02
1.229003806406657873e+01 -1.575789157500441888e+02
1.231858635225256648e+01 -1.566384493758176859e+02
1.234713464043855424e+01 -1.557759921656068798e+02
1.237568292862452779e+01 -1.550166023772564188e+02
1.240423121681051555e+01 -1.543677444796595637e+02
1.243277950499650331e+01 -1.538202616365912263e+02
1.246132779318249106e+01 -1.533849717211572852e+02
1.248987608136847882e+01 -1.530083958539513560e+02
1.251842436955446658e+01 -1.527105990809300522e+02
1.254697265774044013e+01 -1.524871599536078577e+02
1.257552094592642788e+01 -1.523097305687094547e+02
1.260406923411241564e+01 -1.521814142817688662e+02
1.263261752229838919e+01 -1.520823921645057339e+02
1.266116581048439116e+01 -1.520009694698667602e+02
1.268971409867037892e+01 -1.519282886723611341e+02
1.271826238685635246e+01 -1.518647290513850407e+02
1.274681067504234022e+01 -1.517931889464186952e+02
1.277535896322832798e+01 -1.517173800485119841e+02
1.280390725141430153e+01 -1.516404064677847430e+02
1.283245553960028928e+01 -1.515723539479303668e+02
1.286100382778629125e+01 -1.515030568532886832e+02
1.288955211597226480e+01 -1.514495353123402026e+02
1.291810040415825256e+01 -1.514015531423106609e+02
1.294664869234424032e+01 -1.513690712450801072e+02
1.297519698053021386e+01 -1.513442347405418786e+02
1.300374526871620162e+01 -1.513347682951665263e+02
1.303229355690218938e+01 -1.513297845043960024e+02
1.306084184508817714e+01 -1.513266966451851090e+02
1.308939013327416490e+01 -1.513248456832165516e+02
1.311793842146015265e+01 -1.513105565336647942e+02
1.314648670964612620e+01 -1.512861378901553167e+02
1.317503499783211396e+01 -1.512517266296213734e+02
1.320358328601811593e+01 -1.512123349351312527e+02
1.323213157420407526e+01 -1.511646920333947151e+02
1.326067986239007723e+01 -1.511221530219901865e+02
1.328922815057606499e+01 -1.510788319498105921e+02
1.331777643876203854e+01 -1.510461009240554517e+02
1.334632472694802630e+01 -1.510232937486802598e+02
1.337487301513401405e+01 -1.510098227673537679e+02
1.340342130332000181e+01 -1.510074872107059605e+02
1.343196959150597536e+01 -1.510112136428622307e+02
1.346051787969197733e+01 -1.510226822810602130e+02
1.348906616787795087e+01 -1.510307334688436640e+02
1.351761445606393863e+01 -1.510352437208381104e+02
1.354616274424992639e+01 -1.510318416384126010e+02
1.357471103243589994e+01 -1.510247826082795655e+02
1.360325932062190191e+01 -1.510049309368347394e+02
1.363180760880787545e+01 -1.509831608406603891e+02
1.366035589699386321e+01 -1.509515005968089270e+02
1.368890418517985097e+01 -1.509279214581259794e+02
1.371745247336583873e+01 -1.509061830892375724e+02
1.374600076155181227e+01 -1.508933200078915604e+02
1.377454904973780003e+01 -1.508898091804828141e+02
1.380309733792380200e+01 -1.508962387539939414e+02
1.383164562610976134e+01 -1.509141268021933229e+02
1.386019391429576331e+01 -1.509344300350382468e+02
1.388874220248175106e+01 -1.509576502773158779e+02
1.391729049066772461e+01 -1.509799487571131635e+02
1.394583877885371237e+01 -1.510015655135490249e+02
1.397438706703970013e+01 -1.510086197405931046e+02
1.400293535522568789e+01 -1.510158351449855445e+02
1.403148364341167564e+01 -1.510128280342806875e+02
1.406003193159766340e+01 -1.510042547318766424e+02
1.408858021978363695e+01 -1.509979092812752128e+02
1.411712850796962471e+01 -1.509898866006843718e+02
1.414567679615561246e+01 -1.509902724391513402e+02
1.417422508434158601e+01 -1.509967472691321575e+02
1.420277337252758798e+01 -1.510144832396464949e+02
1.423132166071357574e+01 -1.510403510355228605e+02
1.425986994889954929e+01 -1.510740084210534633e+02
