-1.425986994889954929e+01 -1.738075503996316513e+02
-1.423132166071357574e+01 -1.737843047582103679e+02
-1.420277337252758798e+01 -1.737458561306934541e+02
-1.417422508434160022e+01 -1.736985725938912992e+02
-1.414567679615561246e+01 -1.736488723324644070e+02
-1.411712850796962471e+01 -1.735996027915270474e+02
-1.408858021978363695e+01 -1.735530274178908030e+02
-1.406003193159766340e+01 -1.735109703518588447e+02
-1.403148364341167564e+01 -1.734725986239662348e+02
-1.400293535522568789e+01 -1.734362727678204692e+02
-1.397438706703971434e+01 -1.733990128485473008e+02
-1.394583877885371237e+01 -1.733585054954507427e+02
-1.391729049066772461e+01 -1.733118501114891501e+02
-1.388874220248175106e+01 -1.732583437780068607e+02
-1.386019391429576331e+01 -1.731976580043421450e+02
-1.383164562610977555e+01 -1.731316633745379363e+02
-1.380309733792380200e+01 -1.730613691747921052e+02
-1.377454904973780003e+01 -1.729897857544925444e+02
-1.374600076155181227e+01 -1.729229798922594910e+02
-1.371745247336583873e+01 -1.728638473361899059e+02
-1.368890418517985097e+01 -1.728139840997161514e+02
-1.366035589699386321e+01 -1.727741679779126400e+02
-1.363180760880788966e+01 -1.727435763370755524e+02
-1.360325932062190191e+01 -1.727204001051808859e+02
-1.357471103243589994e+01 -1.727015342492154844e+02
-1.354616274424992639e+01 -1.726836346425517945e+02
-1.351761445606393863e+01 -1.726632784675868493e+02
-1.348906616787795087e+01 -1.726376800753269265e+02
-1.346051787969197733e+01 -1.726050657450420545e+02
-1.343196959150598957e+01 -1.725656450525794980e+02
-1.340342130332000181e+01 -1.725204851068172900e+02
-1.337487301513401405e+01 -1.724723183332965277e+02
-1.334632472694802630e+01 -1.724232313559441820e+02
-1.331777643876203854e+01 -1.723774266691706316e+02
-1.328922815057606499e+01 -1.723382450340021421e+02
-1.326067986239007723e+01 -1.723071446059821596e+02
-1.323213157420408947e+01 -1.722843917283282167e+02
-1.320358328601811593e+01 -1.722693167525801812e+02
-1.317503499783211396e+01 -1.722599188834665824e+02
-1.314648670964612620e+01 -1.722531874387518940e+02
-1.311793842146015265e+01 -1.722459296202660823e+02
-1.308939013327416490e+01 -1.722347862129919633e+02
-1.306084184508817714e+01 -1.722175482857745976e+02
-1.303229355690220359e+01 -1.721930738046125668e+02
-1.300374526871621583e+01 -1.721617720525192112e+02
-1.297519698053021386e+01 -1.721253604375276609e+02
-1.294664869234424032e+01 -1.720871386221104160e+02
-1.291810040415825256e+01 -1.720501863112794183e+02
-1.288955211597226480e+01 -1.720174707598387442e+02
-1.286100382778629125e+01 -1.719919032353249690e+02
-1.283245553960030350e+01 -1.719753131768732146e+02
-1.280390725141431574e+01 -1.719679213578014583e+02
-1.277535896322832798e+01 -1.719686714523307103e+02
-1.274681067504234022e+01 -1.719752209009030253e+02
-1.271826238685635246e+01 -1.719843909750878765e+02
-1.268971409867037892e+01 -1.719927128234391205e+02
-1.266116581048439116e+01 -1.719969081560929851e+02
-1.263261752229840340e+01 -1.719947699324691257e+02
-1.260406923411241564e+01 -1.719855553525594871e+02
-1.257552094592642788e+01 -1.719700129553973795e+02
-1.254697265774044013e+01 -1.719501657773498664e+02
-1.251842436955446658e+01 -1.719290696300172101e+02
-1.248987608136847882e+01 -1.719104142137948088e+02
-1.246132779318249106e+01 -1.718976357367751007e+02
-1.243277950499651752e+01 -1.718920251911725927e+02
-1.240423121681051555e+01 -1.718961663099674979e+02
-1.237568292862452779e+01 -1.719098958397692627e+02
-1.234713464043855424e+01 -1.719317033159874768e+02
-1.231858635225256648e+01 -1.719587670935353856e+02
-1.229003806406657873e+01 -1.719874728282151750e+02
-1.226148977588060518e+01 -1.720139719529317972e+02
-1.223294148769461742e+01 -1.720350742392423911e+02
-1.220439319950861545e+01 -1.720485775552438668e+02
-1.217584491132264191e+01 -1.720537033824296600e+02
-1.214729662313665415e+01 -1.720516670217979822e+02
-1.211874833495066639e+01 -1.720453127329852521e+02
-1.209020004676469284e+01 -1.720382913998756749e+02
-1.206165175857870508e+01 -1.720347845042296342e+02
-1.203310347039271733e+01 -1.720385257544633646e+02
-1.200455518220672957e+01 -1.720509739708204506e+02
-1.197600689402074181e+01 -1.720722571491373287e+02
-1.194745860583475405e+01 -1.721043126099427809e+02
-1.191891031764878051e+01 -1.721446647485108770e+02
-1.189036202946279275e+01 -1.721900770352364702e+02
-1.186181374127680499e+01 -1.722361491262755635e+02
-1.183326545309081723e+01 -1.722784422784141043e+02
-1.180471716490482947e+01 -1.723133050958160766e+02
-1.177616887671884172e+01 -1.723386978609935056e+02
-1.174762058853286817e+01 -1.723545085654914715e+02
-1.171907230034688041e+01 -1.723627809239208659e+02
-1.169052401216089265e+01 -1.723670850574291364e+02
-1.166197572397491911e+01 -1.723720890116557598e+02
-1.163342743578891714e+01 -1.723826245606238956e+02
-1.160487914760292938e+01 -1.724028302022531989e+02
-1.157633085941695583e+01 -1.724355156450159257e+02
-1.154778257123096807e+01 -1.724755618657621596e+02
-1.151923428304498032e+01 -1.725276111483823627e+02
-1.149068599485900677e+01 -1.725889470994265196e+02
-1.146213770667301901e+01 -1.726547130726566763e+02
-1.143358941848701704e+01 -1.727195666742466642e+02
-1.140504113030104349e+01 -1.727784161054079846e+02
-1.137649284211505574e+01 -1.728272921985333710e+02
-1.134794455392906798e+01 -1.728642577055697984e+02
-1.131939626574309443e+01 -1.728899572874070145e+02
-1.129084797755710667e+01 -1.729074199711629944e+02
-1.126229968937111892e+01 -1.729215743238573850e+02
-1.123375140118513116e+01 -1.729382781238243751e+02
-1.120520311299914340e+01 -1.729632571784344179e+02
-1.117665482481315564e+01 -1.730011288238415830e+02
-1.114810653662718209e+01 -1.730550696499421122e+02
-1.111955824844119434e+01 -1.731227891887914723e+02
-1.109100996025520658e+01 -1.731944111735160163e+02
-1.106246167206923303e+01 -1.732770269474302438e+02
-1.103391338388323106e+01 -1.733629846821300475e+02
-1.100536509569724331e+01 -1.734453373033958030e+02
-1.097681680751126976e+01 -1.735177806220572734e+02
-1.094826851932528200e+01 -1.735758997208480423e+02
-1.091972023113929424e+01 -1.736181225511929256e+02
-1.089117194295332069e+01 -1.736462823218714107e+02
-1.086262365476733294e+01 -1.736652739262300997e+02
-1.083407536658134518e+01 -1.736817893536182282e+02
-1.080552707839535742e+01 -1.737036729600000058e+02
-1.077697879020936966e+01 -1.737382166162122132e+02
-1.074843050202338191e+01 -1.737899080300433923e+02
-1.071988221383740836e+01 -1.738611830277656622e+02
-1.069133392565142060e+01 -1.739514315943612814e+02
-1.066278563746543284e+01 -1.740444548345953706e+02
-1.063423734927944508e+01 -1.741409982213470187e+02
-1.060568906109345733e+01 -1.742387176891590457e+02
-1.057714077290746957e+01 -1.743279904483834741e+02
-1.054859248472149602e+01 -1.744010553138605246e+02
-1.052004419653550826e+01 -1.744531874214182494e+02
-1.049149590834952050e+01 -1.744840171433476428e+02
-1.046294762016353275e+01 -1.744975720736115647e+02
-1.043439933197754499e+01 -1.745019823377768375e+02
-1.040585104379157144e+01 -1.745066645129064113e+02
-1.037730275560558368e+01 -1.745208548467123819e+02
-1.034875446741959593e+01 -1.745525503155881211e+02
-1.032020617923360817e+01 -1.746068182958045156e+02
-1.029165789104763462e+01 -1.746849988311989250e+02
-1.026310960286163265e+01 -1.747843780425756393e+02
-1.023456131467565910e+01 -1.748965134275181867e+02
-1.020601302648967135e+01 -1.749905751761586714e+02
-1.017746473830368359e+01 -1.750801042951229931e+02
-1.014891645011769583e+01 -1.751535800233102123e+02
-1.012036816193172228e+01 -1.752021306717038556e+02
-1.009181987374573453e+01 -1.752219305075722104e+02
-1.006327158555974677e+01 -1.752162394917896222e+02
-1.003472329737375901e+01 -1.751915210368881617e+02
-1.000617500918777125e+01 -1.751590543862118921e+02
-9.977626721001797705e+00 -1.751311783789000742e+02
-9.949078432815809947e+00 -1.751190285703063694e+02
-9.920530144629822189e+00 -1.751306574131232878e+02
-9.891981856443834431e+00 -1.751697828076304972e+02
-9.863433568257846673e+00 -1.752352251406856567e+02
-9.834885280071858915e+00 -1.753209397015780837e+02
-9.806336991885885368e+00 -1.754167260830470809e+02
-9.777788703699897610e+00 -1.754917217301824905e+02
-9.749240415513909852e+00 -1.755439163716231405e+02
-9.720692127327922094e+00 -1.755675436330725177e+02
-9.692143839141934336e+00 -1.755594736533370792e+02
-9.663595550955946578e+00 -1.755179728167333053e+02
-9.635047262769973031e+00 -1.754493307211788817e+02
-9.606498974583985273e+00 -1.753650737607513292e+02
-9.577950686397997515e+00 -1.752793554711742274e+02
-9.549402398212023968e+00 -1.752055555977157155e+02
-9.520854110026036210e+00 -1.751542148200429665e+02
-9.492305821840034241e+00 -1.751311141339988922e+02
-9.463757533654060694e+00 -1.751370471526459767e+02
-9.435209245468072936e+00 -1.751673375333628542e+02
-9.406660957282085178e+00 -1.752125673983832428e+02
-9.378112669096111631e+00 -1.752597891151944225e+02
-9.349564380910123873e+00 -1.752957172824946497e+02
-9.321016092724136115e+00 -1.752824093954661748e+02
-9.292467804538148357e+00 -1.752407655602445686e+02
-9.263919516352160599e+00 -1.751629631343043911e+02
-9.235371228166172841e+00 -1.750560916198381562e+02
-9.206822939980199294e+00 -1.749297277384462461e+02
-9.178274651794211536e+00 -1.747970053524548746e+02
-9.149726363608223778e+00 -1.746715036287832845e+02
-9.121178075422250231e+00 -1.745646166378318469e+02
-9.092629787236248262e+00 -1.744838108214494810e+02
-9.064081499050260504e+00 -1.744316604494309502e+02
-9.035533210864286957e+00 -1.744056496067544515e+02
-9.006984922678299199e+00 -1.743986646191194154e+02
-8.978436634492311441e+00 -1.744008527905584742e+02
-8.949888346306337894e+00 -1.743981581206845135e+02
-8.921340058120350136e+00 -1.743781877352379865e+02
-8.892791769934348167e+00 -1.743223219180314914e+02
-8.864243481748374620e+00 -1.742365004603383909e+02
-8.835695193562386862e+00 -1.741169041315090737e+02
-8.807146905376399104e+00 -1.739780399585166322e+02
-8.778598617190425557e+00 -1.738297593100050449e+02
-8.750050329004437799e+00 -1.736838318537485009e+02
-8.721502040818450041e+00 -1.735510998612050457e+02
-8.692953752632462283e+00 -1.734395754749519085e+02
-8.664405464446474525e+00 -1.733536213481453956e+02
-8.635857176260486767e+00 -1.732934401768660564e+02
-8.607308888074513220e+00 -1.732546229035577596e+02
-8.578760599888525462e+00 -1.732285260801943423e+02
-8.550212311702537704e+00 -1.732047901455696319e+02
-8.521664023516549946e+00 -1.731725069863171598e+02
-8.493115735330562188e+00 -1.731223592904109978e+02
-8.464567447144574430e+00 -1.730486125949115035e+02
-8.436019158958600883e+00 -1.729426354200448941e+02
-8.407470870772613125e+00 -1.728212002702993288e+02
-8.378922582586625367e+00 -1.726828970189401957e+02
-8.350374294400651820e+00 -1.725425328323807435e+02
-8.321826006214649851e+00 -1.724095836801024575e+02
-8.293277718028662093e+00 -1.722921600027858631e+02
-8.264729429842688546e+00 -1.721963448369576781e+02
-8.236181141656700788e+00 -1.721232667861510208e+02
-8.207632853470713030e+00 -1.720708546466071880e+02
-8.179084565284739483e+00 -1.720339013457457895e+02
-8.150536277098751725e+00 -1.720045475174146077e+02
-8.121987988912749756e+00 -1.719736671640822294e+02
-8.093439700726776209e+00 -1.719324966029888913e+02
-8.064891412540788451e+00 -1.718743720795544618e+02
-8.036343124354800693e+00 -1.717961999735354368e+02
-8.007794836168827146e+00 -1.716973298055645500e+02
-7.979246547982839388e+00 -1.715851031843721159e+02
-7.950698259796837419e+00 -1.714650808068738002e+02
-7.922149971610863872e+00 -1.713454915576581357e+02
-7.893601683424876114e+00 -1.712365076462052684e+02
-7.865053395238888356e+00 -1.711434485855039895e+02
-7.836505107052914809e+00 -1.710697092153424137e+02
-7.807956818866927051e+00 -1.710156405814253731e+02
-7.779408530680939293e+00 -1.709781643306311310e+02
-7.750860242494951535e+00 -1.709517795732592162e+02
-7.722311954308963777e+00 -1.709290059097344852e+02
-7.693763666122976019e+00 -1.709020227174806621e+02
-7.665215377937002472e+00 -1.708637289736210789e+02
-7.636667089751014714e+00 -1.708094604896834880e+02
-7.608118801565026956e+00 -1.707379095829759308e+02
-7.579570513379053409e+00 -1.706513802007419827e+02
-7.551022225193051440e+00 -1.705550947618161786e+02
-7.522473937007063682e+00 -1.704582467347184149e+02
-7.493925648821090135e+00 -1.703628387239700714e+02
-7.465377360635102377e+00 -1.702788223015173514e+02
-7.436829072449114619e+00 -1.702108037141661043e+02
-7.408280784263141072e+00 -1.701607887833171162e+02
-7.379732496077153314e+00 -1.701279009048016349e+02
-7.351184207891151345e+00 -1.701085072778107019e+02
-7.322635919705177798e+00 -1.700967790824137751e+02
-7.294087631519190040e+00 -1.700856411706061806e+02
-7.265539343333202282e+00 -1.700680252505947578e+02
-7.236991055147228735e+00 -1.700382572538569548e+02
-7.208442766961240977e+00 -1.699931341935329954e+02
-7.179894478775253219e+00 -1.699334828536345015e+02
-7.151346190589265461e+00 -1.698617656939968867e+02
-7.122797902403277703e+00 -1.697836556454014953e+02
-7.094249614217289945e+00 -1.697061485991146128e+02
-7.065701326031316398e+00 -1.696355162101523035e+02
-7.037153037845328640e+00 -1.695761294934137879e+02
-7.008604749659340882e+00 -1.695329491973176061e+02
-6.980056461473367335e+00 -1.695068843605977236e+02
-6.951508173287365366e+00 -1.694960910249026824e+02
-6.922959885101377608e+00 -1.694962408857705043e+02
-6.894411596915404061e+00 -1.695011966644521806e+02
-6.865863308729416303e+00 -1.695040414826910080e+02
-6.837315020543428545e+00 -1.694986170647244421e+02
-6.808766732357454998e+00 -1.694804702846872431e+02
-6.780218444171467240e+00 -1.694471224736119552e+02
-6.751670155985465271e+00 -1.693998437177135088e+02
-6.723121867799491724e+00 -1.693428115506725931e+02
-6.694573579613503966e+00 -1.692822142850991440e+02
-6.666025291427516208e+00 -1.692242610213159821e+02
-6.637477003241542661e+00 -1.691756789184882450e+02
-6.608928715055554903e+00 -1.691405670102783176e+02
-6.580380426869567145e+00 -1.691219527793609529e+02
-6.551832138683579387e+00 -1.691200376315007077e+02
-6.523283850497591629e+00 -1.691320003876778060e+02
-6.494735562311603871e+00 -1.691527157469564031e+02
-6.466187274125630324e+00 -1.691761635179963150e+02
-6.437638985939642566e+00 -1.691949483519536557e+02
-6.409090697753654808e+00 -1.692028392481975345e+02
-6.380542409567667050e+00 -1.691960196263993055e+02
-6.351994121381679292e+00 -1.691737986875190245e+02
-6.323445833195691534e+00 -1.691387081457766328e+02
-6.294897545009717987e+00 -1.690959831394531250e+02
-6.266349256823730229e+00 -1.690524728815176729e+02
-6.237800968637742471e+00 -1.690145482249046438e+02
-6.209252680451754713e+00 -1.689866822823454129e+02
-6.180704392265766955e+00 -1.689752563536457615e+02
-6.152156104079779197e+00 -1.689814270339268205e+02
-6.123607815893805650e+00 -1.690044163050489487e+02
-6.095059527707817892e+00 -1.690409892149978361e+02
-6.066511239521830134e+00 -1.690840592384395791e+02
-6.037962951335856587e+00 -1.691262587167304048e+02
-6.009414663149854618e+00 -1.691603554139196319e+02
-5.980866374963866861e+00 -1.691806905756417336e+02
-5.952318086777893313e+00 -1.691844197578711260e+02
-5.923769798591905555e+00 -1.691721844577951970e+02
-5.895221510405917797e+00 -1.691480078486105185e+02
-5.866673222219944250e+00 -1.691184512050526223e+02
-5.838124934033956492e+00 -1.690912784488914440e+02
-5.809576645847954524e+00 -1.690739898208290128e+02
-5.781028357661980976e+00 -1.690671567923578209e+02
-5.752480069475993218e+00 -1.690796803747674915e+02
-5.723931781290005461e+00 -1.691123725042591559e+02
-5.695383493104031913e+00 -1.691620820916479033e+02
-5.666835204918044155e+00 -1.692233072237549152e+02
-5.638286916732056397e+00 -1.692884362509124969e+02
-5.609738628546068639e+00 -1.693490239786219149e+02
-5.581190340360080882e+00 -1.693973792595605232e+02
-5.552642052174093124e+00 -1.694281970304882634e+02
-5.524093763988119576e+00 -1.694397224464038345e+02
-5.495545475802131818e+00 -1.694345082000229468e+02
-5.466997187616144060e+00 -1.694184269046482996e+02
-5.438448899430170513e+00 -1.693998160584239940e+02
-5.409900611244168545e+00 -1.693876610881254123e+02
-5.381352323058180787e+00 -1.693911292863053291e+02
-5.352804034872207239e+00 -1.694119129999185134e+02
-5.324255746686219481e+00 -1.694465028305336034e+02
-5.295707458500231724e+00 -1.695051344907807049e+02
-5.267159170314258176e+00 -1.695813401052650988e+02
-5.238610882128270418e+00 -1.696674057546897529e+02
-5.210062593942268450e+00 -1.697537138819220388e+02
-5.181514305756294902e+00 -1.698302833818209194e+02
-5.152966017570307145e+00 -1.698888212745811188e+02
-5.124417729384319387e+00 -1.699246157121061458e+02
-5.095869441198345839e+00 -1.699377273012583487e+02
-5.067321153012358081e+00 -1.699330798654118553e+02
-5.038772864826370323e+00 -1.699197958722328679e+02
-5.010224576640382566e+00 -1.699094174258723342e+02
-4.981676288454394808e+00 -1.699108423470173364e+02
-4.953128000268407050e+00 -1.699326056941595766e+02
-4.924579712082433502e+00 -1.699799559265082962e+02
-4.896031423896445745e+00 -1.700382064160849040e+02
-4.867483135710457987e+00 -1.701207303835464018e+02
-4.838934847524484439e+00 -1.702219568930638331e+02
-4.810386559338482471e+00 -1.703292642544738840e+02
-4.781838271152494713e+00 -1.704308993061027309e+02
-4.753289982966521166e+00 -1.705148952421705530e+02
-4.724741694780533408e+00 -1.705725158272778401e+02
-4.696193406594545650e+00 -1.706004285385238006e+02
-4.667645118408572102e+00 -1.706032163396631347e+02
-4.639096830222584344e+00 -1.705887741512653974e+02
-4.610548542036582376e+00 -1.705683414846683661e+02
-4.582000253850608829e+00 -1.705553575774894171e+02
-4.553451965664621071e+00 -1.705618134388188309e+02
-4.524903677478633313e+00 -1.705963070037667251e+02
-4.496355389292659765e+00 -1.706628241765802159e+02
-4.467807101106672008e+00 -1.707533964116522043e+02
-4.439258812920684250e+00 -1.708457294405203584e+02
-4.410710524734696492e+00 -1.709607172901887111e+02
-4.382162236548708734e+00 -1.710762864842492093e+02
-4.353613948362720976e+00 -1.711750423881946119e+02
-4.325065660176747429e+00 -1.712446027736743304e+02
-4.296517371990759671e+00 -1.712804860584569440e+02
-4.267969083804771913e+00 -1.712785486822301664e+02
-4.239420795618784155e+00 -1.712468131967286809e+02
-4.210872507432796397e+00 -1.711991063160769784e+02
-4.182324219246808639e+00 -1.711520402727405781e+02
-4.153775931060835092e+00 -1.711214520745978973e+02
-4.125227642874847334e+00 -1.711197007975509337e+02
-4.096679354688859576e+00 -1.711539126752306572e+02
-4.068131066502871818e+00 -1.712250479859690131e+02
-4.039582778316884060e+00 -1.713276180614209636e+02
-4.011034490130910513e+00 -1.714189015165312924e+02
-3.982486201944922755e+00 -1.715169950793624025e+02
-3.953937913758934997e+00 -1.716116296925410438e+02
-3.925389625572947239e+00 -1.716750083007827925e+02
-3.896841337386973692e+00 -1.716957832525114043e+02
-3.868293049200971723e+00 -1.716697919506040932e+02
-3.839744761014998176e+00 -1.716030870956462309e+02
-3.811196472829010418e+00 -1.715100716613030158e+02
-3.782648184643022660e+00 -1.714095819234369742e+02
-3.754099896457034902e+00 -1.713205330758807463e+02
-3.725551608271061355e+00 -1.712584217971197518e+02
-3.697003320085073597e+00 -1.712331328859081623e+02
-3.668455031899085839e+00 -1.712478269164342919e+02
-3.639906743713098081e+00 -1.712985940022186071e+02
-3.611358455527110323e+00 -1.713747603516245022e+02
-3.582810167341136776e+00 -1.714559748979041274e+02
-3.554261879155149018e+00 -1.714959151598754943e+02
-3.525713590969161260e+00 -1.715244686278613528e+02
-3.497165302783173502e+00 -1.715146974358612511e+02
-3.468617014597185744e+00 -1.714526383612242455e+02
-3.440068726411197986e+00 -1.713465037791039265e+02
-3.411520438225224439e+00 -1.712086977852806626e+02
-3.382972150039236681e+00 -1.710572737856763581e+02
-3.354423861853248923e+00 -1.709115442986430651e+02
-3.325875573667261165e+00 -1.707880823178959133e+02
-3.297327285481287618e+00 -1.706982528679035340e+02
-3.268778997295285649e+00 -1.706469701599915822e+02
-3.240230709109312102e+00 -1.706337955344158956e+02
-3.211682420923324344e+00 -1.706571497007332994e+02
-3.183134132737336586e+00 -1.706893977011013135e+02
-3.154585844551363039e+00 -1.707150518997247559e+02
-3.126037556365375281e+00 -1.706953822975279706e+02
-3.097489268179387523e+00 -1.706456745984378642e+02
-3.068940979993399765e+00 -1.705644907096323948e+02
-3.040392691807412007e+00 -1.704387735496897278e+02
-3.011844403621424249e+00 -1.702815650471697211e+02
-2.983296115435450702e+00 -1.701082414605169788e+02
-2.954747827249462944e+00 -1.699352354662954951e+02
-2.926199539063475186e+00 -1.697778753838332761e+02
-2.897651250877487428e+00 -1.696476405029425791e+02
-2.869102962691499670e+00 -1.695612000918721947e+02
-2.840554674505511912e+00 -1.695113874935387344e+02
-2.812006386319538365e+00 -1.694818683720265540e+02
-2.783458098133550607e+00 -1.694653699797526656e+02
-2.754909809947562849e+00 -1.694503163728724644e+02
-2.726361521761589302e+00 -1.694235044737109206e+02
-2.697813233575601544e+00 -1.693700295636849944e+02
-2.669264945389599575e+00 -1.692725335580995250e+02
-2.640716657203626028e+00 -1.691525282360164510e+02
-2.612168369017638270e+00 -1.690085769995765190e+02
-2.583620080831650512e+00 -1.688428337944674524e+02
-2.555071792645676965e+00 -1.686730690068913532e+02
-2.526523504459689207e+00 -1.685120544138603123e+02
-2.497975216273701449e+00 -1.683974176797036080e+02
-2.469426928087713691e+00 -1.682991269533249294e+02
-2.440878639901725933e+00 -1.682187580232945265e+02
-2.412330351715738175e+00 -1.681579323205375545e+02
-2.383782063529764628e+00 -1.681129544365539914e+02
-2.355233775343776870e+00 -1.680759317128586758e+02
-2.326685487157789112e+00 -1.680365395202975947e+02
-2.298137198971801354e+00 -1.679842957966434085e+02
-2.269588910785813596e+00 -1.679109999641290187e+02
-2.241040622599825838e+00 -1.678067108053339780e+02
-2.212492334413852291e+00 -1.676812466090826774e+02
-2.183944046227864533e+00 -1.675425550934061789e+02
-2.155395758041876775e+00 -1.674066442726472985e+02
-2.126847469855889017e+00 -1.672991122309394996e+02
-2.098299181669901259e+00 -1.671845578978835078e+02
-2.069750893483913501e+00 -1.670757339309630538e+02
-2.041202605297939954e+00 -1.669813989853476528e+02
-2.012654317111952196e+00 -1.669054524786999139e+02
-1.984106028925964438e+00 -1.668469721407617499e+02
-1.955557740739990891e+00 -1.668009352868874657e+02
-1.927009452553988922e+00 -1.667594886906860552e+02
-1.898461164368001164e+00 -1.667136606968637693e+02
-1.869912876182027617e+00 -1.666553182866498446e+02
-1.841364587996039859e+00 -1.665790130138613563e+02
-1.812816299810052101e+00 -1.664828282108633175e+02
-1.784268011624078554e+00 -1.664093077108030627e+02
-1.755719723438090796e+00 -1.663333802357008722e+02
-1.727171435252088827e+00 -1.662338794631874634e+02
-1.698623147066115280e+00 -1.661205719263147103e+02
-1.670074858880127522e+00 -1.660091581699292362e+02
-1.641526570694139764e+00 -1.659093385213958243e+02
-1.612978282508166217e+00 -1.658266992210556054e+02
-1.584429994322178459e+00 -1.657624513376495941e+02
-1.555881706136190701e+00 -1.657138271168903429e+02
-1.527333417950202943e+00 -1.656749730064775008e+02
-1.498785129764215185e+00 -1.656382520492819026e+02
-1.470236841578227427e+00 -1.655958341351478111e+02
-1.441688553392253880e+00 -1.655413511620200779e+02
-1.413140265206266122e+00 -1.655534189967764291e+02
-1.384591977020278364e+00 -1.655235846970662692e+02
-1.356043688834304817e+00 -1.654553670916634474e+02
-1.327495400648302848e+00 -1.653607663815462274e+02
-1.298947112462315090e+00 -1.652531024109795226e+02
-1.270398824276341543e+00 -1.651431940376747036e+02
-1.241850536090353785e+00 -1.650416577756563470e+02
-1.213302247904366027e+00 -1.649562777256055597e+02
-1.184753959718392480e+00 -1.648899926173266408e+02
-1.156205671532404722e+00 -1.648418845253415839e+02
-1.127657383346402753e+00 -1.648077792582053576e+02
-1.099109095160429206e+00 -1.647812328751364817e+02
-1.070560806974441448e+00 -1.647947092882000959e+02
-1.042012518788453690e+00 -1.648535441811921487e+02
-1.013464230602480143e+00 -1.648741326799009244e+02
-9.849159424164923848e-01 -1.648535692788223628e+02
-9.563676542305046269e-01 -1.647954392980188345e+02
-9.278193660445168689e-01 -1.647086810659299942e+02
-8.992710778585291109e-01 -1.646051744494058937e+02
-8.707227896725413530e-01 -1.644981425594920097e+02
-8.421745014865678058e-01 -1.643986594750534209e+02
-8.136262133005800479e-01 -1.643122265503927224e+02
-7.850779251145922899e-01 -1.642457131857756281e+02
-7.565296369286187428e-01 -1.641998875207272590e+02
-7.279813487426167740e-01 -1.641720967319135127e+02
-6.994330605566290160e-01 -1.642450910485081295e+02
-6.708847723706554689e-01 -1.643367503828250165e+02
-6.423364841846677109e-01 -1.644017481365049207e+02
-6.137881959986799529e-01 -1.644296511631579278e+02
-5.852399078127064058e-01 -1.644148382784281353e+02
-5.566916196267186479e-01 -1.643573226806142884e+02
-5.281433314407166790e-01 -1.642621289066326540e+02
-4.995950432547431319e-01 -1.641375386092389306e+02
-4.710467550687553739e-01 -1.639927341590295384e+02
-4.424984668827676160e-01 -1.638357004691395957e+02
-4.139501786967940689e-01 -1.636717218595195789e+02
-3.854018905108063109e-01 -1.635026234039177098e+02
-3.568536023248043421e-01 -1.633420921296590222e+02
-3.283053141388307949e-01 -1.632662990970698331e+02
-2.997570259528430370e-01 -1.631561221300226521e+02
-2.712087377668552790e-01 -1.630042928325556204e+02
-2.426604495808817319e-01 -1.628091103811430003e+02
-2.141121613948939739e-01 -1.625753697622916150e+02
-1.855638732088920051e-01 -1.623137180559254773e+02
-1.570155850229184580e-01 -1.620387658823236734e+02
-1.284672968369307000e-01 -1.617667086414474511e+02
-9.991900865094294204e-02 -1.615132061106367019e+02
-7.137072046496939492e-02 -1.612919206326523636e+02
-4.282243227898163695e-02 -1.611137549413876968e+02
-1.427414409299387898e-02 -1.609865316776851500e+02
1.427414409299387898e-02 -1.609865316776851500e+02
4.282243227898163695e-02 -1.611137549413875831e+02
7.137072046496939492e-02 -1.612919206326521078e+02
9.991900865094294204e-02 -1.615132061106383787e+02
1.284672968369307000e-01 -1.617667086414470816e+02
1.570155850229184580e-01 -1.620387658823243271e+02
1.855638732088920051e-01 -1.623137180559244257e+02
2.141121613948939739e-01 -1.625753697622916150e+02
2.426604495808817319e-01 -1.628091103811422329e+02
2.712087377668552790e-01 -1.630042928325551088e+02
2.997570259528430370e-01 -1.631561221300227658e+02
3.283053141388307949e-01 -1.632662990970702026e+02
3.568536023248043421e-01 -1.633420921296593065e+02
3.854018905107921000e-01 -1.635026234039191309e+02
4.139501786967940689e-01 -1.636717218595193799e+02
4.424984668827676160e-01 -1.638357004691389136e+02
4.710467550687553739e-01 -1.639927341590289700e+02
4.995950432547431319e-01 -1.641375386092378221e+02
5.281433314407166790e-01 -1.642621289066332224e+02
5.566916196267044370e-01 -1.643573226806135779e+02
5.852399078126921950e-01 -1.644148382784300679e+02
6.137881959986799529e-01 -1.644296511631558246e+02
6.423364841846677109e-01 -1.644017481365018796e+02
6.708847723706554689e-01 -1.643367503828227711e+02
6.994330605566290160e-01 -1.642450910485091526e+02
7.279813487426167740e-01 -1.641720967319087947e+02
7.565296369286045319e-01 -1.641998875207230242e+02
7.850779251145780790e-01 -1.642457131857710237e+02
8.136262133005800479e-01 -1.643122265503926087e+02
8.421745014865678058e-01 -1.643986594750500672e+02
8.707227896725413530e-01 -1.644981425594916686e+02
8.992710778585291109e-01 -1.646051744494053537e+02
9.278193660445168689e-01 -1.647086810659302785e+02
9.563676542304904160e-01 -1.647954392980163334e+02
9.849159424164781740e-01 -1.648535692788209417e+02
1.013464230602480143e+00 -1.648741326799028002e+02
1.042012518788453690e+00 -1.648535441811921487e+02
1.070560806974441448e+00 -1.647947092882005791e+02
1.099109095160429206e+00 -1.647812328751393807e+02
1.127657383346402753e+00 -1.648077792582045902e+02
1.156205671532390511e+00 -1.648418845253428913e+02
1.184753959718378269e+00 -1.648899926173266977e+02
1.213302247904366027e+00 -1.649562777256064123e+02
1.241850536090353785e+00 -1.650416577756561765e+02
1.270398824276341543e+00 -1.651431940376749878e+02
1.298947112462315090e+00 -1.652531024109790678e+02
1.327495400648302848e+00 -1.653607663815460853e+02
1.356043688834304817e+00 -1.654553670916641863e+02
1.384591977020264153e+00 -1.655235846970656439e+02
1.413140265206266122e+00 -1.655534189967758323e+02
1.441688553392253880e+00 -1.655413511620190263e+02
1.470236841578227427e+00 -1.655958341351488912e+02
1.498785129764215185e+00 -1.656382520492803678e+02
1.527333417950202943e+00 -1.656749730064795472e+02
1.555881706136190701e+00 -1.657138271168914798e+02
1.584429994322164248e+00 -1.657624513376515836e+02
1.612978282508166217e+00 -1.658266992210552644e+02
1.641526570694139764e+00 -1.659093385213963927e+02
1.670074858880127522e+00 -1.660091581699289804e+02
1.698623147066115280e+00 -1.661205719263151082e+02
1.727171435252088827e+00 -1.662338794631878898e+02
1.755719723438090796e+00 -1.663333802357010427e+02
1.784268011624064343e+00 -1.664093077108012153e+02
1.812816299810052101e+00 -1.664828282108608448e+02
1.841364587996039859e+00 -1.665790130138601057e+02
1.869912876182027617e+00 -1.666553182866516067e+02
1.898461164368001164e+00 -1.667136606968647357e+02
1.927009452553988922e+00 -1.667594886906840657e+02
1.955557740739976680e+00 -1.668009352868857320e+02
1.984106028925964438e+00 -1.668469721407592772e+02
2.012654317111952196e+00 -1.669054524787009370e+02
2.041202605297939954e+00 -1.669813989853450380e+02
2.069750893483913501e+00 -1.670757339309626843e+02
2.098299181669901259e+00 -1.671845578978825984e+02
2.126847469855889017e+00 -1.672991122309392722e+02
2.155395758041876775e+00 -1.674066442726499986e+02
2.183944046227864533e+00 -1.675425550934045589e+02
2.212492334413852291e+00 -1.676812466090828764e+02
2.241040622599825838e+00 -1.678067108053351717e+02
2.269588910785813596e+00 -1.679109999641309230e+02
2.298137198971801354e+00 -1.679842957966417600e+02
2.326685487157774901e+00 -1.680365395202953209e+02
2.355233775343776870e+00 -1.680759317128566011e+02
2.383782063529750417e+00 -1.681129544365509219e+02
2.412330351715738175e+00 -1.681579323205376113e+02
2.440878639901725933e+00 -1.682187580232954645e+02
2.469426928087713691e+00 -1.682991269533255547e+02
2.497975216273687238e+00 -1.683974176797012490e+02
2.526523504459674996e+00 -1.685120544138629555e+02
2.555071792645662754e+00 -1.686730690068909837e+02
2.583620080831650512e+00 -1.688428337944682482e+02
2.612168369017638270e+00 -1.690085769995752685e+02
2.640716657203626028e+00 -1.691525282360182132e+02
2.669264945389599575e+00 -1.692725335581004913e+02
2.697813233575587333e+00 -1.693700295636859892e+02
2.726361521761575091e+00 -1.694235044737118301e+02
2.754909809947562849e+00 -1.694503163728735444e+02
2.783458098133550607e+00 -1.694653699797535182e+02
2.812006386319524154e+00 -1.694818683720273782e+02
2.840554674505511912e+00 -1.695113874935383933e+02
2.869102962691499670e+00 -1.695612000918726494e+02
2.897651250877487428e+00 -1.696476405029461034e+02
2.926199539063460975e+00 -1.697778753838334751e+02
2.954747827249462944e+00 -1.699352354662953530e+02
2.983296115435436491e+00 -1.701082414605168083e+02
3.011844403621424249e+00 -1.702815650471692379e+02
3.040392691807412007e+00 -1.704387735496879372e+02
3.068940979993399765e+00 -1.705644907096341854e+02
3.097489268179373312e+00 -1.706456745984382906e+02
3.126037556365361070e+00 -1.706953822975276296e+02
3.154585844551348828e+00 -1.707150518997252391e+02
3.183134132737336586e+00 -1.706893977011023651e+02
3.211682420923324344e+00 -1.706571497007323615e+02
3.240230709109297891e+00 -1.706337955344164641e+02
3.268778997295285649e+00 -1.706469701599936002e+02
3.297327285481287618e+00 -1.706982528679047846e+02
3.325875573667261165e+00 -1.707880823178972491e+02
3.354423861853248923e+00 -1.709115442986441735e+02
3.382972150039236681e+00 -1.710572737856779213e+02
3.411520438225210228e+00 -1.712086977852824532e+02
3.440068726411197986e+00 -1.713465037791046939e+02
3.468617014597185744e+00 -1.714526383612258655e+02
3.497165302783173502e+00 -1.715146974358620469e+02
3.525713590969147049e+00 -1.715244686278618076e+02
3.554261879155149018e+00 -1.714959151598753522e+02
3.582810167341122565e+00 -1.714559748979042411e+02
3.611358455527110323e+00 -1.713747603516250706e+02
3.639906743713098081e+00 -1.712985940022188061e+02
3.668455031899071628e+00 -1.712478269164318476e+02
3.697003320085073597e+00 -1.712331328859083328e+02
3.725551608271047144e+00 -1.712584217971194676e+02
3.754099896457034902e+00 -1.713205330758818832e+02
3.782648184643022660e+00 -1.714095819234363489e+02
3.811196472829010418e+00 -1.715100716613036411e+02
3.839744761014983965e+00 -1.716030870956459466e+02
3.868293049200971723e+00 -1.716697919506036669e+02
3.896841337386973692e+00 -1.716957832525127401e+02
3.925389625572947239e+00 -1.716750083007825083e+02
3.953937913758934997e+00 -1.716116296925427491e+02
3.982486201944922755e+00 -1.715169950793626867e+02
4.011034490130896302e+00 -1.714189015165308945e+02
4.039582778316884060e+00 -1.713276180614224131e+02
4.068131066502871818e+00 -1.712250479859708037e+02
4.096679354688859576e+00 -1.711539126752310835e+02
4.125227642874847334e+00 -1.711197007975521842e+02
4.153775931060835092e+00 -1.711214520745992331e+02
4.182324219246808639e+00 -1.711520402727409191e+02
4.210872507432796397e+00 -1.711991063160777458e+02
4.239420795618784155e+00 -1.712468131967274587e+02
4.267969083804757702e+00 -1.712785486822301095e+02
4.296517371990759671e+00 -1.712804860584572282e+02
4.325065660176747429e+00 -1.712446027736732503e+02
4.353613948362720976e+00 -1.711750423881955498e+02
4.382162236548708734e+00 -1.710762864842482429e+02
4.410710524734696492e+00 -1.709607172901881711e+02
4.439258812920670039e+00 -1.708457294405195910e+02
4.467807101106657797e+00 -1.707533964116518348e+02
4.496355389292659765e+00 -1.706628241765798180e+02
4.524903677478633313e+00 -1.705963070037663556e+02
4.553451965664621071e+00 -1.705618134388182625e+02
4.582000253850608829e+00 -1.705553575774902697e+02
4.610548542036582376e+00 -1.705683414846683092e+02
4.639096830222570134e+00 -1.705887741512644880e+02
4.667645118408557892e+00 -1.706032163396630779e+02
4.696193406594545650e+00 -1.706004285385235448e+02
4.724741694780533408e+00 -1.705725158272778970e+02
4.753289982966521166e+00 -1.705148952421701836e+02
4.781838271152494713e+00 -1.704308993061034982e+02
4.810386559338482471e+00 -1.703292642544744808e+02
4.838934847524470229e+00 -1.702219568930635489e+02
4.867483135710443776e+00 -1.701207303835469133e+02
4.896031423896445745e+00 -1.700382064160852735e+02
4.924579712082433502e+00 -1.699799559265084099e+02
4.953128000268407050e+00 -1.699326056941597756e+02
4.981676288454394808e+00 -1.699108423470173648e+02
5.010224576640382566e+00 -1.699094174258715384e+02
5.038772864826356113e+00 -1.699197958722326121e+02
5.067321153012343871e+00 -1.699330798654120827e+02
5.095869441198345839e+00 -1.699377273012586613e+02
5.124417729384319387e+00 -1.699246157121055205e+02
5.152966017570307145e+00 -1.698888212745805220e+02
5.181514305756294902e+00 -1.698302833818204363e+02
5.210062593942268450e+00 -1.697537138819211293e+02
5.238610882128270418e+00 -1.696674057546883887e+02
5.267159170314243966e+00 -1.695813401052642178e+02
5.295707458500231724e+00 -1.695051344907799944e+02
5.324255746686219481e+00 -1.694465028305325518e+02
5.352804034872207239e+00 -1.694119129999177744e+02
5.381352323058180787e+00 -1.693911292863050733e+02
5.409900611244168545e+00 -1.693876610881247871e+02
5.438448899430170513e+00 -1.693998160584237951e+02
5.466997187616129850e+00 -1.694184269046484701e+02
5.495545475802131818e+00 -1.694345082000235720e+02
5.524093763988119576e+00 -1.694397224464059946e+02
5.552642052174093124e+00 -1.694281970304885192e+02
5.581190340360080882e+00 -1.693973792595606938e+02
5.609738628546068639e+00 -1.693490239786223412e+02
5.638286916732056397e+00 -1.692884362509130085e+02
5.666835204918029945e+00 -1.692233072237566205e+02
5.695383493104031913e+00 -1.691620820916484149e+02
5.723931781290005461e+00 -1.691123725042587012e+02
5.752480069475993218e+00 -1.690796803747669514e+02
5.781028357661980976e+00 -1.690671567923579062e+02
5.809576645847954524e+00 -1.690739898208282739e+02
5.838124934033956492e+00 -1.690912784488905913e+02
5.866673222219930040e+00 -1.691184512050524802e+02
5.895221510405917797e+00 -1.691480078486100638e+02
5.923769798591905555e+00 -1.691721844577949412e+02
5.952318086777893313e+00 -1.691844197578705007e+02
5.980866374963866861e+00 -1.691806905756421031e+02
6.009414663149854618e+00 -1.691603554139189214e+02
6.037962951335856587e+00 -1.691262587167303764e+02
6.066511239521830134e+00 -1.690840592384387548e+02
6.095059527707817892e+00 -1.690409892149969551e+02
6.123607815893805650e+00 -1.690044163050495172e+02
6.152156104079779197e+00 -1.689814270339259394e+02
6.180704392265766955e+00 -1.689752563536447951e+02
6.209252680451754713e+00 -1.689866822823451287e+02
6.237800968637742471e+00 -1.690145482249036775e+02
6.266349256823730229e+00 -1.690524728815165929e+02
6.294897545009717987e+00 -1.690959831394535513e+02
6.323445833195691534e+00 -1.691387081457754960e+02
6.351994121381679292e+00 -1.691737986875181150e+02
6.380542409567667050e+00 -1.691960196263982823e+02
6.409090697753640598e+00 -1.692028392481958008e+02
6.437638985939642566e+00 -1.691949483519534283e+02
6.466187274125630324e+00 -1.691761635179959455e+02
6.494735562311603871e+00 -1.691527157469554368e+02
6.523283850497591629e+00 -1.691320003876768965e+02
6.551832138683579387e+00 -1.691200376315005371e+02
6.580380426869552934e+00 -1.691219527793603561e+02
6.608928715055540692e+00 -1.691405670102777776e+02
6.637477003241542661e+00 -1.691756789184885861e+02
6.666025291427516208e+00 -1.692242610213163800e+02
6.694573579613503966e+00 -1.692822142850995988e+02
6.723121867799491724e+00 -1.693428115506728204e+02
6.751670155985465271e+00 -1.693998437177137646e+02
6.780218444171453029e+00 -1.694471224736119552e+02
6.808766732357440787e+00 -1.694804702846860209e+02
6.837315020543428545e+00 -1.694986170647243000e+02
6.865863308729416303e+00 -1.695040414826923154e+02
6.894411596915404061e+00 -1.695011966644520669e+02
6.922959885101377608e+00 -1.694962408857705896e+02
6.951508173287365366e+00 -1.694960910249023982e+02
6.980056461473353124e+00 -1.695068843605971836e+02
7.008604749659326671e+00 -1.695329491973185441e+02
7.037153037845328640e+00 -1.695761294934131342e+02
7.065701326031316398e+00 -1.696355162101519909e+02
7.094249614217289945e+00 -1.697061485991150391e+02
7.122797902403277703e+00 -1.697836556454006711e+02
7.151346190589265461e+00 -1.698617656939966025e+02
7.179894478775253219e+00 -1.699334828536342741e+02
7.208442766961226766e+00 -1.699931341935330238e+02
7.236991055147228735e+00 -1.700382572538569548e+02
7.265539343333202282e+00 -1.700680252505944168e+02
7.294087631519190040e+00 -1.700856411706060953e+02
7.322635919705177798e+00 -1.700967790824136614e+02
7.351184207891151345e+00 -1.701085072778105314e+02
7.379732496077153314e+00 -1.701279009048013791e+02
7.408280784263126861e+00 -1.701607887833175425e+02
7.436829072449114619e+00 -1.702108037141658201e+02
7.465377360635102377e+00 -1.702788223015173230e+02
7.493925648821090135e+00 -1.703628387239700999e+02
7.522473937007063682e+00 -1.704582467347186991e+02
7.551022225193051440e+00 -1.705550947618154112e+02
7.579570513379053409e+00 -1.706513802007429490e+02
7.608118801565012745e+00 -1.707379095829770392e+02
7.636667089751014714e+00 -1.708094604896836586e+02
7.665215377937002472e+00 -1.708637289736206526e+02
7.693763666122976019e+00 -1.709020227174812305e+02
7.722311954308963777e+00 -1.709290059097349967e+02
7.750860242494951535e+00 -1.709517795732600689e+02
7.779408530680939293e+00 -1.709781643306316994e+02
7.807956818866912840e+00 -1.710156405814248330e+02
7.836505107052914809e+00 -1.710697092153424705e+02
7.865053395238888356e+00 -1.711434485855033927e+02
7.893601683424876114e+00 -1.712365076462052116e+02
7.922149971610863872e+00 -1.713454915576581357e+02
7.950698259796837419e+00 -1.714650808068730896e+02
7.979246547982839388e+00 -1.715851031843716328e+02
8.007794836168827146e+00 -1.716973298055651753e+02
8.036343124354800693e+00 -1.717961999735362610e+02
8.064891412540788451e+00 -1.718743720795541776e+02
8.093439700726776209e+00 -1.719324966029891470e+02
8.121987988912749756e+00 -1.719736671640821157e+02
8.150536277098737514e+00 -1.720045475174144940e+02
8.179084565284739483e+00 -1.720339013457458464e+02
8.207632853470713030e+00 -1.720708546466069606e+02
8.236181141656700788e+00 -1.721232667861507366e+02
8.264729429842688546e+00 -1.721963448369575929e+02
8.293277718028662093e+00 -1.722921600027869999e+02
8.321826006214649851e+00 -1.724095836801015196e+02
8.350374294400637609e+00 -1.725425328323805161e+02
8.378922582586625367e+00 -1.726828970189411052e+02
8.407470870772613125e+00 -1.728212002702991867e+02
8.436019158958600883e+00 -1.729426354200443257e+02
8.464567447144574430e+00 -1.730486125949120151e+02
8.493115735330562188e+00 -1.731223592904111683e+02
8.521664023516549946e+00 -1.731725069863171314e+02
8.550212311702523493e+00 -1.732047901455692340e+02
8.578760599888525462e+00 -1.732285260801938875e+02
8.607308888074513220e+00 -1.732546229035578449e+02
8.635857176260486767e+00 -1.732934401768655448e+02
8.664405464446474525e+00 -1.733536213481447135e+02
8.692953752632462283e+00 -1.734395754749510843e+02
8.721502040818435830e+00 -1.735510998612045626e+02
8.750050329004423588e+00 -1.736838318537479040e+02
8.778598617190411346e+00 -1.738297593100051301e+02
8.807146905376399104e+00 -1.739780399585166037e+02
8.835695193562386862e+00 -1.741169041315089601e+02
8.864243481748374620e+00 -1.742365004603370267e+02
8.892791769934348167e+00 -1.743223219180310934e+02
8.921340058120335925e+00 -1.743781877352381855e+02
8.949888346306323683e+00 -1.743981581206839451e+02
8.978436634492311441e+00 -1.744008527905572521e+02
9.006984922678299199e+00 -1.743986646191181933e+02
9.035533210864286957e+00 -1.744056496067540820e+02
9.064081499050260504e+00 -1.744316604494307228e+02
9.092629787236248262e+00 -1.744838108214511863e+02
9.121178075422236020e+00 -1.745646166378319322e+02
9.149726363608209567e+00 -1.746715036287846488e+02
9.178274651794211536e+00 -1.747970053524546756e+02
9.206822939980185083e+00 -1.749297277384474683e+02
9.235371228166172841e+00 -1.750560916198386394e+02
9.263919516352160599e+00 -1.751629631343051301e+02
9.292467804538148357e+00 -1.752407655602447960e+02
9.321016092724136115e+00 -1.752824093954661748e+02
9.349564380910109662e+00 -1.752957172824951897e+02
9.378112669096097420e+00 -1.752597891151942804e+02
9.406660957282085178e+00 -1.752125673983834417e+02
9.435209245468072936e+00 -1.751673375333626552e+02
9.463757533654060694e+00 -1.751370471526460904e+02
9.492305821840034241e+00 -1.751311141339985511e+02
9.520854110026036210e+00 -1.751542148200431370e+02
9.549402398212009757e+00 -1.752055555977161703e+02
9.577950686397997515e+00 -1.752793554711743127e+02
9.606498974583985273e+00 -1.753650737607520114e+02
9.635047262769958820e+00 -1.754493307211793649e+02
9.663595550955946578e+00 -1.755179728167327653e+02
9.692143839141934336e+00 -1.755594736533364824e+02
9.720692127327922094e+00 -1.755675436330722050e+02
9.749240415513895641e+00 -1.755439163716229700e+02
9.777788703699897610e+00 -1.754917217301824905e+02
9.806336991885871157e+00 -1.754167260830466546e+02
9.834885280071858915e+00 -1.753209397015780837e+02
9.863433568257846673e+00 -1.752352251406857704e+02
9.891981856443834431e+00 -1.751697828076306678e+02
9.920530144629822189e+00 -1.751306574131239699e+02
9.949078432815809947e+00 -1.751190285703067389e+02
9.977626721001783494e+00 -1.751311783788999605e+02
1.000617500918777125e+01 -1.751590543862121763e+02
1.003472329737375901e+01 -1.751915210368887017e+02
1.006327158555973256e+01 -1.752162394917897075e+02
1.009181987374572032e+01 -1.752219305075721536e+02
1.012036816193172228e+01 -1.752021306717041682e+02
1.014891645011769583e+01 -1.751535800233098428e+02
1.017746473830368359e+01 -1.750801042951219699e+02
1.020601302648967135e+01 -1.749905751761578188e+02
1.023456131467564489e+01 -1.748965134275177320e+02
1.026310960286163265e+01 -1.747843780425751277e+02
1.029165789104762041e+01 -1.746849988311979587e+02
1.032020617923360817e+01 -1.746068182958045156e+02
1.034875446741959593e+01 -1.745525503155875526e+02
1.037730275560558368e+01 -1.745208548467123251e+02
1.040585104379155723e+01 -1.745066645129068093e+02
1.043439933197754499e+01 -1.745019823377771218e+02
1.046294762016353275e+01 -1.744975720736110247e+02
1.049149590834950629e+01 -1.744840171433469607e+02
1.052004419653550826e+01 -1.744531874214179084e+02
1.054859248472149602e+01 -1.744010553138607804e+02
1.057714077290746957e+01 -1.743279904483839289e+02
1.060568906109345733e+01 -1.742387176891586194e+02
1.063423734927944508e+01 -1.741409982213477861e+02
1.066278563746541863e+01 -1.740444548345954558e+02
1.069133392565140639e+01 -1.739514315943616793e+02
1.071988221383740836e+01 -1.738611830277661170e+02
1.074843050202338191e+01 -1.737899080300437049e+02
1.077697879020936966e+01 -1.737382166162122132e+02
1.080552707839535742e+01 -1.737036729599994942e+02
1.083407536658133097e+01 -1.736817893536174324e+02
1.086262365476731873e+01 -1.736652739262299576e+02
1.089117194295330648e+01 -1.736462823218711549e+02
1.091972023113929424e+01 -1.736181225511917887e+02
1.094826851932528200e+01 -1.735758997208478718e+02
1.097681680751126976e+01 -1.735177806220574439e+02
1.100536509569724331e+01 -1.734453373033956041e+02
1.103391338388323106e+01 -1.733629846821288822e+02
1.106246167206921882e+01 -1.732770269474293059e+02
1.109100996025519237e+01 -1.731944111735151637e+02
1.111955824844119434e+01 -1.731227891887905344e+02
1.114810653662718209e+01 -1.730550696499420837e+02
1.117665482481315564e+01 -1.730011288238410145e+02
1.120520311299914340e+01 -1.729632571784343895e+02
1.123375140118513116e+01 -1.729382781238247162e+02
1.126229968937111892e+01 -1.729215743238583798e+02
1.129084797755709246e+01 -1.729074199711635060e+02
1.131939626574309443e+01 -1.728899572874072419e+02
1.134794455392906798e+01 -1.728642577055697132e+02
1.137649284211505574e+01 -1.728272921985329731e+02
1.140504113030104349e+01 -1.727784161054075298e+02
1.143358941848701704e+01 -1.727195666742474032e+02
1.146213770667301901e+01 -1.726547130726572163e+02
1.149068599485899256e+01 -1.725889470994271733e+02
1.151923428304498032e+01 -1.725276111483822490e+02
1.154778257123096807e+01 -1.724755618657624154e+02
1.157633085941695583e+01 -1.724355156450160109e+02
1.160487914760292938e+01 -1.724028302022532273e+02
1.163342743578891714e+01 -1.723826245606244356e+02
1.166197572397491911e+01 -1.723720890116558451e+02
1.169052401216087844e+01 -1.723670850574290512e+02
1.171907230034688041e+01 -1.723627809239205249e+02
1.174762058853286817e+01 -1.723545085654906188e+02
1.177616887671884172e+01 -1.723386978609939320e+02
1.180471716490482947e+01 -1.723133050958164176e+02
1.183326545309081723e+01 -1.722784422784131948e+02
1.186181374127680499e+01 -1.722361491262749951e+02
1.189036202946279275e+01 -1.721900770352357029e+02
1.191891031764878051e+01 -1.721446647485095696e+02
1.194745860583475405e+01 -1.721043126099423830e+02
1.197600689402074181e+01 -1.720722571491377266e+02
1.200455518220672957e+01 -1.720509739708204222e+02
1.203310347039270312e+01 -1.720385257544637341e+02
1.206165175857870508e+01 -1.720347845042292647e+02
1.209020004676469284e+01 -1.720382913998752201e+02
1.211874833495066639e+01 -1.720453127329853942e+02
1.214729662313665415e+01 -1.720516670217973001e+02
1.217584491132264191e+01 -1.720537033824305126e+02
1.220439319950861545e+01 -1.720485775552421899e+02
1.223294148769460321e+01 -1.720350742392421921e+02
1.226148977588060518e+01 -1.720139719529313993e+02
1.229003806406657873e+01 -1.719874728282143224e+02
1.231858635225256648e+01 -1.719587670935351298e+02
1.234713464043855424e+01 -1.719317033159871073e+02
1.237568292862452779e+01 -1.719098958397688364e+02
1.240423121681051555e+01 -1.718961663099673274e+02
1.243277950499650331e+01 -1.718920251911725927e+02
1.246132779318249106e+01 -1.718976357367764933e+02
1.248987608136847882e+01 -1.719104142137948088e+02
1.251842436955446658e+01 -1.719290696300170680e+02
1.254697265774044013e+01 -1.719501657773506622e+02
1.257552094592642788e+01 -1.719700129553978911e+02
1.260406923411241564e+01 -1.719855553525599419e+02
1.263261752229838919e+01 -1.719947699324700636e+02
1.266116581048439116e+01 -1.719969081560927293e+02
1.268971409867037892e+01 -1.719927128234399731e+02
1.271826238685635246e+01 -1.719843909750887860e+02
1.274681067504234022e+01 -1.719752209009024568e+02
1.277535896322832798e+01 -1.719686714523317619e+02
1.280390725141430153e+01 -1.719679213578016288e+02
1.283245553960028928e+01 -1.719753131768726462e+02
1.286100382778629125e+01 -1.719919032353251964e+02
1.288955211597226480e+01 -1.720174707598385737e+02
1.291810040415825256e+01 -1.720501863112793899e+02
1.294664869234424032e+01 -1.720871386221096486e+02
1.297519698053021386e+01 -1.721253604375275188e+02
1.300374526871620162e+01 -1.721617720525186996e+02
1.303229355690218938e+01 -1.721930738046131069e+02
1.306084184508817714e+01 -1.722175482857751376e+02
1.308939013327416490e+01 -1.722347862129907980e+02
1.311793842146015265e+01 -1.722459296202654571e+02
1.314648670964612620e+01 -1.722531874387514677e+02
1.317503499783211396e+01 -1.722599188834668666e+02
1.320358328601811593e+01 -1.722693167525792433e+02
1.323213157420407526e+01 -1.722843917283279325e+02
1.326067986239007723e+01 -1.723071446059811933e+02
1.328922815057606499e+01 -1.723382450340011189e+02
1.331777643876203854e+01 -1.723774266691709158e+02
1.334632472694802630e+01 -1.724232313559450347e+02
1.337487301513401405e+01 -1.724723183332966983e+02
1.340342130332000181e+01 -1.725204851068169205e+02
1.343196959150597536e+01 -1.725656450525798391e+02
1.346051787969197733e+01 -1.726050657450433050e+02
1.348906616787795087e+01 -1.726376800753276086e+02
1.351761445606393863e+01 -1.726632784675867072e+02
1.354616274424992639e+01 -1.726836346425523629e+02
1.357471103243589994e+01 -1.727015342492168202e+02
1.360325932062190191e+01 -1.727204001051806870e+02
1.363180760880787545e+01 -1.727435763370754671e+02
1.366035589699386321e+01 -1.727741679779136916e+02
1.368890418517985097e+01 -1.728139840997156398e+02
1.371745247336583873e+01 -1.728638473361898775e+02
1.374600076155181227e+01 -1.729229798922594910e+02
1.377454904973780003e+01 -1.729897857544924307e+02
1.380309733792380200e+01 -1.730613691747913094e+02
1.383164562610976134e+01 -1.731316633745374247e+02
1.386019391429576331e+01 -1.731976580043420881e+02
1.388874220248175106e+01 -1.732583437780062354e+02
1.391729049066772461e+01 -1.733118501114894343e+02
1.394583877885371237e+01 -1.733585054954512827e+02
1.397438706703970013e+01 -1.733990128485472724e+02
1.400293535522568789e+01 -1.734362727678208103e+02
1.403148364341167564e+01 -1.734725986239658369e+02
1.406003193159766340e+01 -1.735109703518591004e+02
1.408858021978363695e+01 -1.735530274178911725e+02
1.411712850796962471e+01 -1.735996027915268201e+02
1.414567679615561246e+01 -1.736488723324631849e+02
1.417422508434158601e+01 -1.736985725938920382e+02
1.420277337252758798e+01 -1.737458561306931415e+02
1.423132166071357574e+01 -1.737843047582100553e+02
1.425986994889954929e+01 -1.738075503996317934e+02
