-1.425986994889954929e+01 -1.510739839200547010e+02
-1.423132166071357574e+01 -1.510403265673036231e+02
-1.420277337252758798e+01 -1.510144586453220654e+02
-1.417422508434160022e+01 -1.509967223695718417e+02
-1.414567679615561246e+01 -1.509902470165032469e+02
-1.411712850796962471e+01 -1.509898604439467249e+02
-1.408858021978363695e+01 -1.509978821406234033e+02
-1.406003193159766340e+01 -1.510042263950207087e+02
-1.403148364341167564e+01 -1.510127982411987375e+02
-1.400293535522568789e+01 -1.510158036674530706e+02
-1.397438706703971434e+01 -1.510085863718045971e+02
-1.394583877885371237e+01 -1.510015299573439620e+02
-1.391729049066772461e+01 -1.509799108295463839e+02
-1.388874220248175106e+01 -1.509576096774104030e+02
-1.386019391429576331e+01 -1.509343864567209152e+02
-1.383164562610977555e+01 -1.509140798940636330e+02
-1.380309733792380200e+01 -1.508961881604858775e+02
-1.377454904973780003e+01 -1.508897544256281549e+02
-1.374600076155181227e+01 -1.508932606043219664e+02
-1.371745247336583873e+01 -1.509061185289956484e+02
-1.368890418517985097e+01 -1.509278512125713405e+02
-1.366035589699386321e+01 -1.509514242340363523e+02
-1.363180760880788966e+01 -1.509830778149744788e+02
-1.360325932062190191e+01 -1.510048410554718146e+02
-1.357471103243589994e+01 -1.510246855742722687e+02
-1.354616274424992639e+01 -1.510317374602084897e+02
-1.351761445606393863e+01 -1.510351322802255822e+02
-1.348906616787795087e+01 -1.510306148345909776e+02
-1.346051787969197733e+01 -1.510225564946908037e+02
-1.343196959150598957e+01 -1.510110808263452782e+02
-1.340342130332000181e+01 -1.510073472160012216e+02
-1.337487301513401405e+01 -1.510096755439358276e+02
-1.334632472694802630e+01 -1.510231391202142959e+02
-1.331777643876203854e+01 -1.510459388162843481e+02
-1.328922815057606499e+01 -1.510786623158496411e+02
-1.326067986239007723e+01 -1.511219758415024614e+02
-1.323213157420408947e+01 -1.511645078257840282e+02
-1.320358328601811593e+01 -1.512121440785726065e+02
-1.317503499783211396e+01 -1.512515301988109400e+02
-1.314648670964612620e+01 -1.512859369463354824e+02
-1.311793842146015265e+01 -1.513103524827466231e+02
-1.308939013327416490e+01 -1.513246400300270125e+02
-1.306084184508817714e+01 -1.513264910557452652e+02
-1.303229355690220359e+01 -1.513295800015451391e+02
-1.300374526871621583e+01 -1.513345658329145920e+02
-1.297519698053021386e+01 -1.513440350680336905e+02
-1.294664869234424032e+01 -1.513688744776970339e+02
-1.291810040415825256e+01 -1.514013613022145819e+02
-1.288955211597226480e+01 -1.514493409742741505e+02
-1.286100382778629125e+01 -1.515028623898659816e+02
-1.283245553960030350e+01 -1.515721614141945111e+02
-1.280390725141431574e+01 -1.516402165115852654e+02
-1.277535896322832798e+01 -1.517171881171052235e+02
-1.274681067504234022e+01 -1.517929822493654797e+02
-1.271826238685635246e+01 -1.518644807438274427e+02
-1.268971409867037892e+01 -1.519279507358273520e+02
-1.266116581048439116e+01 -1.520004617610769913e+02
-1.263261752229840340e+01 -1.520815909104447883e+02
-1.260406923411241564e+01 -1.521801344790610244e+02
-1.257552094592642788e+01 -1.523077012282203953e+02
-1.254697265774044013e+01 -1.524839823605836102e+02
-1.251842436955446658e+01 -1.527057062464620003e+02
-1.248987608136847882e+01 -1.530009424159411822e+02
-1.246132779318249106e+01 -1.533737198289590822e+02
-1.243277950499651752e+01 -1.538034863955425067e+02
-1.240423121681051555e+01 -1.543427133442162074e+02
-1.237568292862452779e+01 -1.549792694055979609e+02
-1.234713464043855424e+01 -1.557201698617726606e+02
-1.231858635225256648e+01 -1.565548607697311922e+02
-1.229003806406657873e+01 -1.574542447143954860e+02
-1.226148977588060518e+01 -1.584203195688164385e+02
-1.223294148769461742e+01 -1.594020156515947235e+02
-1.220439319950861545e+01 -1.602542420508731311e+02
-1.217584491132264191e+01 -1.608919024574334173e+02
-1.214729662313665415e+01 -1.612286835606687987e+02
-1.211874833495066639e+01 -1.612577926817397440e+02
-1.209020004676469284e+01 -1.610405598163237073e+02
-1.206165175857870508e+01 -1.607031170502428381e+02
-1.203310347039271733e+01 -1.603381291614250017e+02
-1.200455518220672957e+01 -1.599624289179019172e+02
-1.197600689402074181e+01 -1.596474884280297033e+02
-1.194745860583475405e+01 -1.594317147956385270e+02
-1.191891031764878051e+01 -1.593285578921905596e+02
-1.189036202946279275e+01 -1.593070585420812790e+02
-1.186181374127680499e+01 -1.593676286942537672e+02
-1.183326545309081723e+01 -1.594976241599959224e+02
-1.180471716490482947e+01 -1.596888726981066213e+02
-1.177616887671884172e+01 -1.599139742580817938e+02
-1.174762058853286817e+01 -1.601653890485649185e+02
-1.171907230034688041e+01 -1.604278461062885981e+02
-1.169052401216089265e+01 -1.606860654422480650e+02
-1.166197572397491911e+01 -1.609306496986003481e+02
-1.163342743578891714e+01 -1.611513188521770417e+02
-1.160487914760292938e+01 -1.613428939812135923e+02
-1.157633085941695583e+01 -1.615022758036496953e+02
-1.154778257123096807e+01 -1.615418876995854021e+02
-1.151923428304498032e+01 -1.615850066900760851e+02
-1.149068599485900677e+01 -1.616305075194595702e+02
-1.146213770667301901e+01 -1.616729775688431232e+02
-1.143358941848701704e+01 -1.617118034090900665e+02
-1.140504113030104349e+01 -1.617454571402911938e+02
-1.137649284211505574e+01 -1.617716469302907001e+02
-1.134794455392906798e+01 -1.617912841546837228e+02
-1.131939626574309443e+01 -1.618034269802954555e+02
-1.129084797755710667e+01 -1.618082747671153925e+02
-1.126229968937111892e+01 -1.618080493321012625e+02
-1.123375140118513116e+01 -1.618034594570043510e+02
-1.120520311299914340e+01 -1.617949373272904552e+02
-1.117665482481315564e+01 -1.617891401368282231e+02
-1.114810653662718209e+01 -1.617818176454794070e+02
-1.111955824844119434e+01 -1.617742688189208593e+02
-1.109100996025520658e+01 -1.617652628707419638e+02
-1.106246167206923303e+01 -1.617558162470038212e+02
-1.103391338388323106e+01 -1.617458836579433239e+02
-1.100536509569724331e+01 -1.617344819041167057e+02
-1.097681680751126976e+01 -1.617193230331538985e+02
-1.094826851932528200e+01 -1.617015774627578253e+02
-1.091972023113929424e+01 -1.616819198362067596e+02
-1.089117194295332069e+01 -1.616607341068387313e+02
-1.086262365476733294e+01 -1.616429691133851065e+02
-1.083407536658134518e+01 -1.616259755428673088e+02
-1.080552707839535742e+01 -1.616119261579282806e+02
-1.077697879020936966e+01 -1.616065481247480307e+02
-1.074843050202338191e+01 -1.616095499641521087e+02
-1.071988221383740836e+01 -1.616213885439743763e+02
-1.069133392565142060e+01 -1.616424108664764958e+02
-1.066278563746543284e+01 -1.616699792841855015e+02
-1.063423734927944508e+01 -1.617045055514722094e+02
-1.060568906109345733e+01 -1.617462117987157910e+02
-1.057714077290746957e+01 -1.617936670973258799e+02
-1.054859248472149602e+01 -1.618461115453658863e+02
-1.052004419653550826e+01 -1.619027338330886607e+02
-1.049149590834952050e+01 -1.619638533859651375e+02
-1.046294762016353275e+01 -1.620302200929343712e+02
-1.043439933197754499e+01 -1.621033387745694938e+02
-1.040585104379157144e+01 -1.621850084276093753e+02
-1.037730275560558368e+01 -1.622751638566778354e+02
-1.034875446741959593e+01 -1.623801477363915353e+02
-1.032020617923360817e+01 -1.624979745657233252e+02
-1.029165789104763462e+01 -1.626300775490462911e+02
-1.026310960286163265e+01 -1.627759368473707298e+02
-1.023456131467565910e+01 -1.629340600511048081e+02
-1.020601302648967135e+01 -1.630984138788609243e+02
-1.017746473830368359e+01 -1.632709293938051758e+02
-1.014891645011769583e+01 -1.634523188088925565e+02
-1.012036816193172228e+01 -1.636367449125833673e+02
-1.009181987374573453e+01 -1.638240170067955148e+02
-1.006327158555974677e+01 -1.640137098712890520e+02
-1.003472329737375901e+01 -1.642066612758268889e+02
-1.000617500918777125e+01 -1.644046805941516993e+02
-9.977626721001797705e+00 -1.646110781969769619e+02
-9.949078432815809947e+00 -1.648279184946398459e+02
-9.920530144629822189e+00 -1.650582320158556513e+02
-9.891981856443834431e+00 -1.653035888379713754e+02
-9.863433568257846673e+00 -1.655644430380546055e+02
-9.834885280071858915e+00 -1.658390571388752903e+02
-9.806336991885885368e+00 -1.661243869558071538e+02
-9.777788703699897610e+00 -1.664081864004220392e+02
-9.749240415513909852e+00 -1.666905986729607889e+02
-9.720692127327922094e+00 -1.669610715538374848e+02
-9.692143839141934336e+00 -1.672176092424814442e+02
-9.663595550955946578e+00 -1.674552421896229077e+02
-9.635047262769973031e+00 -1.676715377430960814e+02
-9.606498974583985273e+00 -1.678708223847369823e+02
-9.577950686397997515e+00 -1.680568715763317869e+02
-9.549402398212023968e+00 -1.682361805148902931e+02
-9.520854110026036210e+00 -1.684157542798940312e+02
-9.492305821840034241e+00 -1.686000280540608571e+02
-9.463757533654060694e+00 -1.687923994876931602e+02
-9.435209245468072936e+00 -1.689903611995094650e+02
-9.406660957282085178e+00 -1.691873838005250548e+02
-9.378112669096111631e+00 -1.693739168659264749e+02
-9.349564380910123873e+00 -1.695380833873969380e+02
-9.321016092724136115e+00 -1.696438100578288584e+02
-9.292467804538148357e+00 -1.697113050537469974e+02
-9.263919516352160599e+00 -1.697301434025021081e+02
-9.235371228166172841e+00 -1.697056965910160216e+02
-9.206822939980199294e+00 -1.696477098539893973e+02
-9.178274651794211536e+00 -1.695694047067467523e+02
-9.149726363608223778e+00 -1.694852251831262890e+02
-9.121178075422250231e+00 -1.694098360874450293e+02
-9.092629787236248262e+00 -1.693514949033530854e+02
-9.064081499050260504e+00 -1.693144924190327743e+02
-9.035533210864286957e+00 -1.692982781285980138e+02
-9.006984922678299199e+00 -1.692969007665067238e+02
-8.978436634492311441e+00 -1.693015573239825926e+02
-8.949888346306337894e+00 -1.692992411100883601e+02
-8.921340058120350136e+00 -1.692787346808860605e+02
-8.892791769934348167e+00 -1.692221004065864349e+02
-8.864243481748374620e+00 -1.691359734039018576e+02
-8.835695193562386862e+00 -1.690165930512259536e+02
-8.807146905376399104e+00 -1.688788537894679394e+02
-8.778598617190425557e+00 -1.687323736429440828e+02
-8.750050329004437799e+00 -1.685885050784115435e+02
-8.721502040818450041e+00 -1.684583850699567336e+02
-8.692953752632462283e+00 -1.683496215296347316e+02
-8.664405464446474525e+00 -1.682663974489747432e+02
-8.635857176260486767e+00 -1.682089575692330357e+02
-8.607308888074513220e+00 -1.681730826059867923e+02
-8.578760599888525462e+00 -1.681501791842205478e+02
-8.550212311702537704e+00 -1.681299200330889789e+02
-8.521664023516549946e+00 -1.681015895239908957e+02
-8.493115735330562188e+00 -1.680558263684240217e+02
-8.464567447144574430e+00 -1.679868812280464567e+02
-8.436019158958600883e+00 -1.678861100502794841e+02
-8.407470870772613125e+00 -1.677697954219888175e+02
-8.378922582586625367e+00 -1.676364975486440301e+02
-8.350374294400651820e+00 -1.675007216543543223e+02
-8.321826006214649851e+00 -1.673718374594611475e+02
-8.293277718028662093e+00 -1.672579793668271009e+02
-8.264729429842688546e+00 -1.671652103393711286e+02
-8.236181141656700788e+00 -1.670945840386785619e+02
-8.207632853470713030e+00 -1.670442441694907814e+02
-8.179084565284739483e+00 -1.670089210817963306e+02
-8.150536277098751725e+00 -1.669808793253651231e+02
-8.121987988912749756e+00 -1.669510286505447425e+02
-8.093439700726776209e+00 -1.669106997812953068e+02
-8.064891412540788451e+00 -1.668532847337741600e+02
-8.036343124354800693e+00 -1.667756541303935478e+02
-8.007794836168827146e+00 -1.666773129629762025e+02
-7.979246547982839388e+00 -1.665655061811168594e+02
-7.950698259796837419e+00 -1.664458430619956175e+02
-7.922149971610863872e+00 -1.663265249423797059e+02
-7.893601683424876114e+00 -1.662177339629689925e+02
-7.865053395238888356e+00 -1.661247646078431330e+02
-7.836505107052914809e+00 -1.660510534980884927e+02
-7.807956818866927051e+00 -1.659969264266771347e+02
-7.779408530680939293e+00 -1.659594034618460512e+02
-7.750860242494951535e+00 -1.659329809945355692e+02
-7.722311954308963777e+00 -1.659102736225631247e+02
-7.693763666122976019e+00 -1.658834295861898909e+02
-7.665215377937002472e+00 -1.658453891163309777e+02
-7.636667089751014714e+00 -1.657915419311370329e+02
-7.608118801565026956e+00 -1.657205326248454469e+02
-7.579570513379053409e+00 -1.656346961478940045e+02
-7.551022225193051440e+00 -1.655392064003561359e+02
-7.522473937007063682e+00 -1.654431745966274434e+02
-7.493925648821090135e+00 -1.653486155659988981e+02
-7.465377360635102377e+00 -1.652654397251140495e+02
-7.436829072449114619e+00 -1.651982262577993197e+02
-7.408280784263141072e+00 -1.651489803652748947e+02
-7.379732496077153314e+00 -1.651168333885264587e+02
-7.351184207891151345e+00 -1.650981644385045115e+02
-7.322635919705177798e+00 -1.650871464701465356e+02
-7.294087631519190040e+00 -1.650767171171330006e+02
-7.265539343333202282e+00 -1.650598001384329905e+02
-7.236991055147228735e+00 -1.650307264832161991e+02
-7.208442766961240977e+00 -1.649863104100948874e+02
-7.179894478775253219e+00 -1.649273298457077885e+02
-7.151346190589265461e+00 -1.648562510828181757e+02
-7.122797902403277703e+00 -1.647787442511649374e+02
-7.094249614217289945e+00 -1.647017683074761578e+02
-7.065701326031316398e+00 -1.646316042859680238e+02
-7.037153037845328640e+00 -1.645726277639213322e+02
-7.008604749659340882e+00 -1.645297755998049922e+02
-6.980056461473367335e+00 -1.645039813483577689e+02
-6.951508173287365366e+00 -1.644934070736285037e+02
-6.922959885101377608e+00 -1.644937307650474452e+02
-6.894411596915404061e+00 -1.644988202766725465e+02
-6.865863308729416303e+00 -1.645017718874529749e+02
-6.837315020543428545e+00 -1.644964305925903147e+02
-6.808766732357454998e+00 -1.644783437724485680e+02
-6.780218444171467240e+00 -1.644450418981688813e+02
-6.751670155985465271e+00 -1.643977980707005315e+02
-6.723121867799491724e+00 -1.643407873611920422e+02
-6.694573579613503966e+00 -1.642802049544047236e+02
-6.666025291427516208e+00 -1.642223009507648044e+02
-6.637477003241542661e+00 -1.641737125655211287e+02
-6.608928715055554903e+00 -1.641385929576991032e+02
-6.580380426869567145e+00 -1.641199643500387424e+02
-6.551832138683579387e+00 -1.641180244685968432e+02
-6.523283850497591629e+00 -1.641299639579716825e+02
-6.494735562311603871e+00 -1.641506663391760412e+02
-6.466187274125630324e+00 -1.641741069509220665e+02
-6.437638985939642566e+00 -1.641928990540432665e+02
-6.409090697753654808e+00 -1.642008061004661954e+02
-6.380542409567667050e+00 -1.641940340713188675e+02
-6.351994121381679292e+00 -1.641718855529663870e+02
-6.323445833195691534e+00 -1.641368829790168604e+02
-6.294897545009717987e+00 -1.640942620645045054e+02
-6.266349256823730229e+00 -1.640508671626169246e+02
-6.237800968637742471e+00 -1.640130639142763869e+02
-6.209252680451754713e+00 -1.639853253022201613e+02
-6.180704392265766955e+00 -1.639740276378099679e+02
-6.152156104079779197e+00 -1.639803293232732528e+02
-6.123607815893805650e+00 -1.640034534803453425e+02
-6.095059527707817892e+00 -1.640401582439504580e+02
-6.066511239521830134e+00 -1.640833622712488875e+02
-6.037962951335856587e+00 -1.641257051851229960e+02
-6.009414663149854618e+00 -1.641599453494094405e+02
-5.980866374963866861e+00 -1.641804316990946973e+02
-5.952318086777893313e+00 -1.641843071533127727e+02
-5.923769798591905555e+00 -1.641722142005073408e+02
-5.895221510405917797e+00 -1.641481748786111723e+02
-5.866673222219944250e+00 -1.641187479888265557e+02
-5.838124934033956492e+00 -1.640916964209491766e+02
-5.809576645847954524e+00 -1.640745214318442891e+02
-5.781028357661980976e+00 -1.640677942349517764e+02
-5.752480069475993218e+00 -1.640804166978257399e+02
-5.723931781290005461e+00 -1.641132029836212496e+02
-5.695383493104031913e+00 -1.641630000595154115e+02
-5.666835204918044155e+00 -1.642243097507820266e+02
-5.638286916732056397e+00 -1.642895128482788891e+02
-5.609738628546068639e+00 -1.643501656724213262e+02
-5.581190340360080882e+00 -1.643985749599127928e+02
-5.552642052174093124e+00 -1.644294358087992407e+02
-5.524093763988119576e+00 -1.644410376684329833e+02
-5.495545475802131818e+00 -1.644358250503728414e+02
-5.466997187616144060e+00 -1.644197507724099410e+02
-5.438448899430170513e+00 -1.644011393260042269e+02
-5.409900611244168545e+00 -1.643889809974119487e+02
-5.381352323058180787e+00 -1.643924445671506760e+02
-5.352804034872207239e+00 -1.644132245182614724e+02
-5.324255746686219481e+00 -1.644478113819884584e+02
-5.295707458500231724e+00 -1.645064444560842389e+02
-5.267159170314258176e+00 -1.645826541284015434e+02
-5.238610882128270418e+00 -1.646687258002637293e+02
-5.210062593942268450e+00 -1.647550396191701623e+02
-5.181514305756294902e+00 -1.648316094963058163e+02
-5.152966017570307145e+00 -1.648901448274559982e+02
-5.124417729384319387e+00 -1.649259303035696007e+02
-5.095869441198345839e+00 -1.649390278741244060e+02
-5.067321153012358081e+00 -1.649343623312408340e+02
-5.038772864826370323e+00 -1.649210602758486175e+02
-5.010224576640382566e+00 -1.649106687662895752e+02
-4.981676288454394808e+00 -1.649120869914523837e+02
-4.953128000268407050e+00 -1.649338545034709114e+02
-4.924579712082433502e+00 -1.649812189495557959e+02
-4.896031423896445745e+00 -1.650394906559624815e+02
-4.867483135710457987e+00 -1.651220478571112267e+02
-4.838934847524484439e+00 -1.652233184594063573e+02
-4.810386559338482471e+00 -1.653306773267687504e+02
-4.781838271152494713e+00 -1.654323676008823156e+02
-4.753289982966521166e+00 -1.655164195923651391e+02
-4.724741694780533408e+00 -1.655740896772221618e+02
-4.696193406594545650e+00 -1.656020467209895060e+02
-4.667645118408572102e+00 -1.656048716968957706e+02
-4.639096830222584344e+00 -1.655904621376149066e+02
-4.610548542036582376e+00 -1.655700633114283278e+02
-4.582000253850608829e+00 -1.655571174593513888e+02
-4.553451965664621071e+00 -1.655636194028504633e+02
-4.524903677478633313e+00 -1.655981734511941283e+02
-4.496355389292659765e+00 -1.656647467825379465e+02
-4.467807101106672008e+00 -1.657554072715303732e+02
-4.439258812920684250e+00 -1.658478519100699486e+02
-4.410710524734696492e+00 -1.659629443117835308e+02
-4.382162236548708734e+00 -1.660786225423415203e+02
-4.353613948362720976e+00 -1.661774823883280590e+02
-4.325065660176747429e+00 -1.662471291782300398e+02
-4.296517371990759671e+00 -1.662830797334499096e+02
-4.267969083804771913e+00 -1.662812569039683694e+02
-4.239420795618784155e+00 -1.662495417529703730e+02
-4.210872507432796397e+00 -1.662018424925930162e+02
-4.182324219246808639e+00 -1.661547796283635989e+02
-4.153775931060835092e+00 -1.661242032147944769e+02
-4.125227642874847334e+00 -1.661224787915876107e+02
-4.096679354688859576e+00 -1.661567385514400144e+02
-4.068131066502871818e+00 -1.662279430842869488e+02
-4.039582778316884060e+00 -1.663306023107783460e+02
-4.011034490130910513e+00 -1.664219659620110576e+02
-3.982486201944922755e+00 -1.665201451498516576e+02
-3.953937913758934997e+00 -1.666148620141993604e+02
-3.925389625572947239e+00 -1.666782967496077958e+02
-3.896841337386973692e+00 -1.666990949140083558e+02
-3.868293049200971723e+00 -1.666730896529963388e+02
-3.839744761014998176e+00 -1.666063366648222939e+02
-3.811196472829010418e+00 -1.665132540399677623e+02
-3.782648184643022660e+00 -1.664126912315599327e+02
-3.754099896457034902e+00 -1.663235767208780942e+02
-3.725551608271061355e+00 -1.662614199010577067e+02
-3.697003320085073597e+00 -1.662361107518054837e+02
-3.668455031899085839e+00 -1.662508098687439144e+02
-3.639906743713098081e+00 -1.663016078347593236e+02
-3.611358455527110323e+00 -1.663778231764453892e+02
-3.582810167341136776e+00 -1.664590905276167803e+02
-3.554261879155149018e+00 -1.664990557131555988e+02
-3.525713590969161260e+00 -1.665276255141870365e+02
-3.497165302783173502e+00 -1.665178432992168496e+02
-3.468617014597185744e+00 -1.664557349233936918e+02
-3.440068726411197986e+00 -1.663495241104298543e+02
-3.411520438225224439e+00 -1.662116015173324968e+02
-3.382972150039236681e+00 -1.660600767478539410e+02
-3.354423861853248923e+00 -1.659142554222774208e+02
-3.325875573667261165e+00 -1.657907179920931355e+02
-3.297327285481287618e+00 -1.657008362732698856e+02
-3.268778997295285649e+00 -1.656495262132245898e+02
-3.240230709109312102e+00 -1.656363465135750062e+02
-3.211682420923324344e+00 -1.656597190339907684e+02
-3.183134132737336586e+00 -1.656919915448041536e+02
-3.154585844551363039e+00 -1.657176659924631679e+02
-3.126037556365375281e+00 -1.656979912059821345e+02
-3.097489268179387523e+00 -1.656482600122472775e+02
-3.068940979993399765e+00 -1.655670359341542053e+02
-3.040392691807412007e+00 -1.654412534613209118e+02
-3.011844403621424249e+00 -1.652839635138961967e+02
-2.983296115435450702e+00 -1.651105324742793528e+02
-2.954747827249462944e+00 -1.649374438544792838e+02
-2.926199539063475186e+00 -1.647800114284101483e+02
-2.897651250877487428e+00 -1.646497194946026355e+02
-2.869102962691499670e+00 -1.645632448259675584e+02
-2.840554674505511912e+00 -1.645134147309586865e+02
-2.812006386319538365e+00 -1.644838873523023040e+02
-2.783458098133550607e+00 -1.644673864808760868e+02
-2.754909809947562849e+00 -1.644523740026635323e+02
-2.726361521761589302e+00 -1.644255537556767592e+02
-2.697813233575601544e+00 -1.643720576053867433e+02
-2.669264945389599575e+00 -1.642745190676869527e+02
-2.640716657203626028e+00 -1.641544627754410044e+02
-2.612168369017638270e+00 -1.640104497254375246e+02
-2.583620080831650512e+00 -1.638446378788928541e+02
-2.555071792645676965e+00 -1.636748042689883675e+02
-2.526523504459689207e+00 -1.635137263898820663e+02
-2.497975216273701449e+00 -1.633990456149517740e+02
-2.469426928087713691e+00 -1.633007167205980181e+02
-2.440878639901725933e+00 -1.632203171452215429e+02
-2.412330351715738175e+00 -1.631594676475489791e+02
-2.383782063529764628e+00 -1.631144711764336819e+02
-2.355233775343776870e+00 -1.630774318383120942e+02
-2.326685487157789112e+00 -1.630380221616716767e+02
-2.298137198971801354e+00 -1.629857564781050314e+02
-2.269588910785813596e+00 -1.629124315977810795e+02
-2.241040622599825838e+00 -1.628081033437662200e+02
-2.212492334413852291e+00 -1.626825943127278435e+02
-2.183944046227864533e+00 -1.625438546661248722e+02
-2.155395758041876775e+00 -1.624078980242401826e+02
-2.126847469855889017e+00 -1.623003210481326164e+02
-2.098299181669901259e+00 -1.621857290227922022e+02
-2.069750893483913501e+00 -1.620768701050461118e+02
-2.041202605297939954e+00 -1.619825043425695128e+02
-2.012654317111952196e+00 -1.619065324497815084e+02
-1.984106028925964438e+00 -1.618480312607688347e+02
-1.955557740739990891e+00 -1.618019768088144588e+02
-1.927009452553988922e+00 -1.617605138915987482e+02
-1.898461164368001164e+00 -1.617146687382037555e+02
-1.869912876182027617e+00 -1.616563062091026097e+02
-1.841364587996039859e+00 -1.615799776887394614e+02
-1.812816299810052101e+00 -1.614837657340356429e+02
-1.784268011624078554e+00 -1.614102232931530239e+02
-1.755719723438090796e+00 -1.613342740635225425e+02
-1.727171435252088827e+00 -1.612347556592835645e+02
-1.698623147066115280e+00 -1.611214201663875940e+02
-1.670074858880127522e+00 -1.610099796758159130e+02
-1.641526570694139764e+00 -1.609101366192406317e+02
-1.612978282508166217e+00 -1.608274774563146821e+02
-1.584429994322178459e+00 -1.607632137879455172e+02
-1.555881706136190701e+00 -1.607145767718251363e+02
-1.527333417950202943e+00 -1.606757117891449127e+02
-1.498785129764215185e+00 -1.606389809715468004e+02
-1.470236841578227427e+00 -1.605965524889417395e+02
-1.441688553392253880e+00 -1.605420572322011594e+02
-1.413140265206266122e+00 -1.605541237206866754e+02
-1.384591977020278364e+00 -1.605242818865015408e+02
-1.356043688834304817e+00 -1.604560505589892614e+02
-1.327495400648302848e+00 -1.603614327882517614e+02
-1.298947112462315090e+00 -1.602537504518400624e+02
-1.270398824276341543e+00 -1.601438239778200341e+02
-1.241850536090353785e+00 -1.600422715220409202e+02
-1.213302247904366027e+00 -1.599568781107753921e+02
-1.184753959718392480e+00 -1.598905828033746275e+02
-1.156205671532404722e+00 -1.598424671540677195e+02
-1.127657383346402753e+00 -1.598083564154557905e+02
-1.099109095160429206e+00 -1.597818060338500459e+02
-1.070560806974441448e+00 -1.597952838001404814e+02
-1.042012518788453690e+00 -1.598541261793552621e+02
-1.013464230602480143e+00 -1.598747172408143342e+02
-9.849159424164923848e-01 -1.598541511323845725e+02
-9.563676542305046269e-01 -1.597960135776162929e+02
-9.278193660445168689e-01 -1.597092441811760750e+02
-8.992710778585291109e-01 -1.596057246951023103e+02
-8.707227896725413530e-01 -1.594986907491004899e+02
-8.421745014865678058e-01 -1.593991959037701349e+02
-8.136262133005800479e-01 -1.593127529845170613e+02
-7.850779251145922899e-01 -1.592462322440759976e+02
-7.565296369286187428e-01 -1.592004018811264814e+02
-7.279813487426167740e-01 -1.591726085659556418e+02
-6.994330605566290160e-01 -1.592456125289514262e+02
-6.708847723706554689e-01 -1.593372837693266604e+02
-6.423364841846677109e-01 -1.594022906576721539e+02
-6.137881959986799529e-01 -1.594301982951179184e+02
-5.852399078127064058e-01 -1.594153844976355003e+02
-5.566916196267186479e-01 -1.593578583258619403e+02
-5.281433314407166790e-01 -1.592626538929475828e+02
-4.995950432547431319e-01 -1.591380497093323356e+02
-4.710467550687553739e-01 -1.589932294824684220e+02
-4.424984668827676160e-01 -1.588361790667274818e+02
-4.139501786967940689e-01 -1.586721835831461931e+02
-3.854018905108063109e-01 -1.585030682685724628e+02
-3.568536023248043421e-01 -1.583425214893789814e+02
-3.283053141388307949e-01 -1.582667217566612692e+02
-2.997570259528430370e-01 -1.581565348387256051e+02
-2.712087377668552790e-01 -1.580046918858673735e+02
-2.426604495808817319e-01 -1.578094924400890875e+02
-2.141121613948939739e-01 -1.575757321634978609e+02
-1.855638732088920051e-01 -1.573140596726289004e+02
-1.570155850229184580e-01 -1.570390867913597219e+02
-1.284672968369307000e-01 -1.567670103272299684e+02
-9.991900865094294204e-02 -1.565134907973404097e+02
-7.137072046496939492e-02 -1.562921913359153621e+02
-4.282243227898163695e-02 -1.561140148534617538e+02
-1.427414409299387898e-02 -1.559867840735425943e+02
1.427414409299387898e-02 -1.559867840735425943e+02
4.282243227898163695e-02 -1.561140148534616685e+02
7.137072046496939492e-02 -1.562921913359151063e+02
9.991900865094294204e-02 -1.565134907973421150e+02
1.284672968369307000e-01 -1.567670103272295421e+02
1.570155850229184580e-01 -1.570390867913603472e+02
1.855638732088920051e-01 -1.573140596726278488e+02
2.141121613948939739e-01 -1.575757321634978609e+02
2.426604495808817319e-01 -1.578094924400883201e+02
2.712087377668552790e-01 -1.580046918858668619e+02
2.997570259528430370e-01 -1.581565348387256904e+02
3.283053141388307949e-01 -1.582667217566616671e+02
3.568536023248043421e-01 -1.583425214893792941e+02
3.854018905107921000e-01 -1.585030682685738839e+02
4.139501786967940689e-01 -1.586721835831459941e+02
4.424984668827676160e-01 -1.588361790667267996e+02
4.710467550687553739e-01 -1.589932294824678536e+02
4.995950432547431319e-01 -1.591380497093312556e+02
5.281433314407166790e-01 -1.592626538929481512e+02
5.566916196267044370e-01 -1.593578583258612582e+02
5.852399078126921950e-01 -1.594153844976374899e+02
6.137881959986799529e-01 -1.594301982951158152e+02
6.423364841846677109e-01 -1.594022906576690843e+02
6.708847723706554689e-01 -1.593372837693244151e+02
6.994330605566290160e-01 -1.592456125289524778e+02
7.279813487426167740e-01 -1.591726085659508954e+02
7.565296369286045319e-01 -1.592004018811222750e+02
7.850779251145780790e-01 -1.592462322440713933e+02
8.136262133005800479e-01 -1.593127529845169477e+02
8.421745014865678058e-01 -1.593991959037667812e+02
8.707227896725413530e-01 -1.594986907491001489e+02
8.992710778585291109e-01 -1.596057246951017987e+02
9.278193660445168689e-01 -1.597092441811763592e+02
9.563676542304904160e-01 -1.597960135776137918e+02
9.849159424164781740e-01 -1.598541511323830946e+02
1.013464230602480143e+00 -1.598747172408162101e+02
1.042012518788453690e+00 -1.598541261793552337e+02
1.070560806974441448e+00 -1.597952838001409646e+02
1.099109095160429206e+00 -1.597818060338529449e+02
1.127657383346402753e+00 -1.598083564154549947e+02
1.156205671532390511e+00 -1.598424671540690269e+02
1.184753959718378269e+00 -1.598905828033746843e+02
1.213302247904366027e+00 -1.599568781107762447e+02
1.241850536090353785e+00 -1.600422715220407213e+02
1.270398824276341543e+00 -1.601438239778202899e+02
1.298947112462315090e+00 -1.602537504518395508e+02
1.327495400648302848e+00 -1.603614327882516193e+02
1.356043688834304817e+00 -1.604560505589900004e+02
1.384591977020264153e+00 -1.605242818865008871e+02
1.413140265206266122e+00 -1.605541237206860217e+02
1.441688553392253880e+00 -1.605420572322000794e+02
1.470236841578227427e+00 -1.605965524889427911e+02
1.498785129764215185e+00 -1.606389809715453225e+02
1.527333417950202943e+00 -1.606757117891469306e+02
1.555881706136190701e+00 -1.607145767718262732e+02
1.584429994322164248e+00 -1.607632137879475636e+02
1.612978282508166217e+00 -1.608274774563143694e+02
1.641526570694139764e+00 -1.609101366192412002e+02
1.670074858880127522e+00 -1.610099796758156572e+02
1.698623147066115280e+00 -1.611214201663879635e+02
1.727171435252088827e+00 -1.612347556592839908e+02
1.755719723438090796e+00 -1.613342740635227130e+02
1.784268011624064343e+00 -1.614102232931511764e+02
1.812816299810052101e+00 -1.614837657340331418e+02
1.841364587996039859e+00 -1.615799776887382393e+02
1.869912876182027617e+00 -1.616563062091043435e+02
1.898461164368001164e+00 -1.617146687382046650e+02
1.927009452553988922e+00 -1.617605138915967586e+02
1.955557740739976680e+00 -1.618019768088126966e+02
1.984106028925964438e+00 -1.618480312607663905e+02
2.012654317111952196e+00 -1.619065324497825031e+02
2.041202605297939954e+00 -1.619825043425668980e+02
2.069750893483913501e+00 -1.620768701050457423e+02
2.098299181669901259e+00 -1.621857290227912927e+02
2.126847469855889017e+00 -1.623003210481323606e+02
2.155395758041876775e+00 -1.624078980242428543e+02
2.183944046227864533e+00 -1.625438546661232522e+02
2.212492334413852291e+00 -1.626825943127280709e+02
2.241040622599825838e+00 -1.628081033437673568e+02
2.269588910785813596e+00 -1.629124315977830122e+02
2.298137198971801354e+00 -1.629857564781034114e+02
2.326685487157774901e+00 -1.630380221616694030e+02
2.355233775343776870e+00 -1.630774318383100479e+02
2.383782063529750417e+00 -1.631144711764305839e+02
2.412330351715738175e+00 -1.631594676475490360e+02
2.440878639901725933e+00 -1.632203171452225092e+02
2.469426928087713691e+00 -1.633007167205986434e+02
2.497975216273687238e+00 -1.633990456149493866e+02
2.526523504459674996e+00 -1.635137263898846811e+02
2.555071792645662754e+00 -1.636748042689879696e+02
2.583620080831650512e+00 -1.638446378788935931e+02
2.612168369017638270e+00 -1.640104497254362741e+02
2.640716657203626028e+00 -1.641544627754427665e+02
2.669264945389599575e+00 -1.642745190676879190e+02
2.697813233575587333e+00 -1.643720576053877380e+02
2.726361521761575091e+00 -1.644255537556776687e+02
2.754909809947562849e+00 -1.644523740026646124e+02
2.783458098133550607e+00 -1.644673864808769963e+02
2.812006386319524154e+00 -1.644838873523031282e+02
2.840554674505511912e+00 -1.645134147309583454e+02
2.869102962691499670e+00 -1.645632448259680132e+02
2.897651250877487428e+00 -1.646497194946061597e+02
2.926199539063460975e+00 -1.647800114284103756e+02
2.954747827249462944e+00 -1.649374438544791417e+02
2.983296115435436491e+00 -1.651105324742792106e+02
3.011844403621424249e+00 -1.652839635138957419e+02
3.040392691807412007e+00 -1.654412534613190644e+02
3.068940979993399765e+00 -1.655670359341559674e+02
3.097489268179373312e+00 -1.656482600122477038e+02
3.126037556365361070e+00 -1.656979912059817650e+02
3.154585844551348828e+00 -1.657176659924636226e+02
3.183134132737336586e+00 -1.656919915448052052e+02
3.211682420923324344e+00 -1.656597190339898873e+02
3.240230709109297891e+00 -1.656363465135755177e+02
3.268778997295285649e+00 -1.656495262132265793e+02
3.297327285481287618e+00 -1.657008362732711078e+02
3.325875573667261165e+00 -1.657907179920945282e+02
3.354423861853248923e+00 -1.659142554222785577e+02
3.382972150039236681e+00 -1.660600767478554758e+02
3.411520438225210228e+00 -1.662116015173342589e+02
3.440068726411197986e+00 -1.663495241104305933e+02
3.468617014597185744e+00 -1.664557349233953119e+02
3.497165302783173502e+00 -1.665178432992176454e+02
3.525713590969147049e+00 -1.665276255141874628e+02
3.554261879155149018e+00 -1.664990557131554851e+02
3.582810167341122565e+00 -1.664590905276169224e+02
3.611358455527110323e+00 -1.663778231764459576e+02
3.639906743713098081e+00 -1.663016078347595226e+02
3.668455031899071628e+00 -1.662508098687414417e+02
3.697003320085073597e+00 -1.662361107518056542e+02
3.725551608271047144e+00 -1.662614199010574794e+02
3.754099896457034902e+00 -1.663235767208792311e+02
3.782648184643022660e+00 -1.664126912315592790e+02
3.811196472829010418e+00 -1.665132540399683592e+02
3.839744761014983965e+00 -1.666063366648220097e+02
3.868293049200971723e+00 -1.666730896529958841e+02
3.896841337386973692e+00 -1.666990949140096916e+02
3.925389625572947239e+00 -1.666782967496074548e+02
3.953937913758934997e+00 -1.666148620142010941e+02
3.982486201944922755e+00 -1.665201451498519418e+02
4.011034490130896302e+00 -1.664219659620106881e+02
4.039582778316884060e+00 -1.663306023107797955e+02
4.068131066502871818e+00 -1.662279430842887677e+02
4.096679354688859576e+00 -1.661567385514404691e+02
4.125227642874847334e+00 -1.661224787915888612e+02
4.153775931060835092e+00 -1.661242032147958412e+02
4.182324219246808639e+00 -1.661547796283639400e+02
4.210872507432796397e+00 -1.662018424925937836e+02
4.239420795618784155e+00 -1.662495417529691792e+02
4.267969083804757702e+00 -1.662812569039682558e+02
4.296517371990759671e+00 -1.662830797334501653e+02
4.325065660176747429e+00 -1.662471291782289882e+02
4.353613948362720976e+00 -1.661774823883289969e+02
4.382162236548708734e+00 -1.660786225423405540e+02
4.410710524734696492e+00 -1.659629443117830476e+02
4.439258812920670039e+00 -1.658478519100691528e+02
4.467807101106657797e+00 -1.657554072715299753e+02
4.496355389292659765e+00 -1.656647467825375202e+02
4.524903677478633313e+00 -1.655981734511937589e+02
4.553451965664621071e+00 -1.655636194028499517e+02
4.582000253850608829e+00 -1.655571174593522414e+02
4.610548542036582376e+00 -1.655700633114282709e+02
4.639096830222570134e+00 -1.655904621376140256e+02
4.667645118408557892e+00 -1.656048716968956853e+02
4.696193406594545650e+00 -1.656020467209892786e+02
4.724741694780533408e+00 -1.655740896772222470e+02
4.753289982966521166e+00 -1.655164195923647981e+02
4.781838271152494713e+00 -1.654323676008830830e+02
4.810386559338482471e+00 -1.653306773267693757e+02
4.838934847524470229e+00 -1.652233184594060731e+02
4.867483135710443776e+00 -1.651220478571117667e+02
4.896031423896445745e+00 -1.650394906559628794e+02
4.924579712082433502e+00 -1.649812189495559096e+02
4.953128000268407050e+00 -1.649338545034710819e+02
4.981676288454394808e+00 -1.649120869914524405e+02
5.010224576640382566e+00 -1.649106687662888078e+02
5.038772864826356113e+00 -1.649210602758483617e+02
5.067321153012343871e+00 -1.649343623312410330e+02
5.095869441198345839e+00 -1.649390278741247471e+02
5.124417729384319387e+00 -1.649259303035689754e+02
5.152966017570307145e+00 -1.648901448274554014e+02
5.181514305756294902e+00 -1.648316094963053331e+02
5.210062593942268450e+00 -1.647550396191692528e+02
5.238610882128270418e+00 -1.646687258002623366e+02
5.267159170314243966e+00 -1.645826541284006623e+02
5.295707458500231724e+00 -1.645064444560835852e+02
5.324255746686219481e+00 -1.644478113819874636e+02
5.352804034872207239e+00 -1.644132245182607335e+02
5.381352323058180787e+00 -1.643924445671504486e+02
5.409900611244168545e+00 -1.643889809974113518e+02
5.438448899430170513e+00 -1.644011393260039995e+02
5.466997187616129850e+00 -1.644197507724100831e+02
5.495545475802131818e+00 -1.644358250503734666e+02
5.524093763988119576e+00 -1.644410376684351149e+02
5.552642052174093124e+00 -1.644294358087995249e+02
5.581190340360080882e+00 -1.643985749599129917e+02
5.609738628546068639e+00 -1.643501656724217810e+02
5.638286916732056397e+00 -1.642895128482794007e+02
5.666835204918029945e+00 -1.642243097507837319e+02
5.695383493104031913e+00 -1.641630000595159515e+02
5.723931781290005461e+00 -1.641132029836207948e+02
5.752480069475993218e+00 -1.640804166978251999e+02
5.781028357661980976e+00 -1.640677942349518617e+02
5.809576645847954524e+00 -1.640745214318434932e+02
5.838124934033956492e+00 -1.640916964209483240e+02
5.866673222219930040e+00 -1.641187479888264420e+02
5.895221510405917797e+00 -1.641481748786108028e+02
5.923769798591905555e+00 -1.641722142005070850e+02
5.952318086777893313e+00 -1.641843071533122043e+02
5.980866374963866861e+00 -1.641804316990950383e+02
6.009414663149854618e+00 -1.641599453494087015e+02
6.037962951335856587e+00 -1.641257051851229676e+02
6.066511239521830134e+00 -1.640833622712480633e+02
6.095059527707817892e+00 -1.640401582439496053e+02
6.123607815893805650e+00 -1.640034534803458826e+02
6.152156104079779197e+00 -1.639803293232723718e+02
6.180704392265766955e+00 -1.639740276378089447e+02
6.209252680451754713e+00 -1.639853253022198771e+02
6.237800968637742471e+00 -1.640130639142753921e+02
6.266349256823730229e+00 -1.640508671626158730e+02
6.294897545009717987e+00 -1.640942620645049317e+02
6.323445833195691534e+00 -1.641368829790157235e+02
6.351994121381679292e+00 -1.641718855529655059e+02
6.380542409567667050e+00 -1.641940340713178443e+02
6.409090697753640598e+00 -1.642008061004644901e+02
6.437638985939642566e+00 -1.641928990540430391e+02
6.466187274125630324e+00 -1.641741069509217255e+02
6.494735562311603871e+00 -1.641506663391750465e+02
6.523283850497591629e+00 -1.641299639579708014e+02
6.551832138683579387e+00 -1.641180244685966727e+02
6.580380426869552934e+00 -1.641199643500381171e+02
6.608928715055540692e+00 -1.641385929576985632e+02
6.637477003241542661e+00 -1.641737125655214413e+02
6.666025291427516208e+00 -1.642223009507651454e+02
6.694573579613503966e+00 -1.642802049544051783e+02
6.723121867799491724e+00 -1.643407873611922696e+02
6.751670155985465271e+00 -1.643977980707007305e+02
6.780218444171453029e+00 -1.644450418981688813e+02
6.808766732357440787e+00 -1.644783437724473174e+02
6.837315020543428545e+00 -1.644964305925901726e+02
6.865863308729416303e+00 -1.645017718874542823e+02
6.894411596915404061e+00 -1.644988202766724612e+02
6.922959885101377608e+00 -1.644937307650475589e+02
6.951508173287365366e+00 -1.644934070736282195e+02
6.980056461473353124e+00 -1.645039813483572573e+02
7.008604749659326671e+00 -1.645297755998059301e+02
7.037153037845328640e+00 -1.645726277639206785e+02
7.065701326031316398e+00 -1.646316042859677395e+02
7.094249614217289945e+00 -1.647017683074765841e+02
7.122797902403277703e+00 -1.647787442511641132e+02
7.151346190589265461e+00 -1.648562510828178915e+02
7.179894478775253219e+00 -1.649273298457075612e+02
7.208442766961226766e+00 -1.649863104100949158e+02
7.236991055147228735e+00 -1.650307264832162275e+02
7.265539343333202282e+00 -1.650598001384326494e+02
7.294087631519190040e+00 -1.650767171171328869e+02
7.322635919705177798e+00 -1.650871464701463935e+02
7.351184207891151345e+00 -1.650981644385043410e+02
7.379732496077153314e+00 -1.651168333885262030e+02
7.408280784263126861e+00 -1.651489803652753778e+02
7.436829072449114619e+00 -1.651982262577990355e+02
7.465377360635102377e+00 -1.652654397251139926e+02
7.493925648821090135e+00 -1.653486155659988981e+02
7.522473937007063682e+00 -1.654431745966277276e+02
7.551022225193051440e+00 -1.655392064003553116e+02
7.579570513379053409e+00 -1.656346961478949424e+02
7.608118801565012745e+00 -1.657205326248464985e+02
7.636667089751014714e+00 -1.657915419311371465e+02
7.665215377937002472e+00 -1.658453891163305229e+02
7.693763666122976019e+00 -1.658834295861904593e+02
7.722311954308963777e+00 -1.659102736225635795e+02
7.750860242494951535e+00 -1.659329809945364218e+02
7.779408530680939293e+00 -1.659594034618465912e+02
7.807956818866912840e+00 -1.659969264266765947e+02
7.836505107052914809e+00 -1.660510534980885495e+02
7.865053395238888356e+00 -1.661247646078425362e+02
7.893601683424876114e+00 -1.662177339629689072e+02
7.922149971610863872e+00 -1.663265249423797059e+02
7.950698259796837419e+00 -1.664458430619949070e+02
7.979246547982839388e+00 -1.665655061811163762e+02
8.007794836168827146e+00 -1.666773129629768562e+02
8.036343124354800693e+00 -1.667756541303943436e+02
8.064891412540788451e+00 -1.668532847337738474e+02
8.093439700726776209e+00 -1.669106997812955342e+02
8.121987988912749756e+00 -1.669510286505446288e+02
8.150536277098737514e+00 -1.669808793253650663e+02
8.179084565284739483e+00 -1.670089210817963590e+02
8.207632853470713030e+00 -1.670442441694905540e+02
8.236181141656700788e+00 -1.670945840386782777e+02
8.264729429842688546e+00 -1.671652103393710149e+02
8.293277718028662093e+00 -1.672579793668282377e+02
8.321826006214649851e+00 -1.673718374594602096e+02
8.350374294400637609e+00 -1.675007216543540949e+02
8.378922582586625367e+00 -1.676364975486449680e+02
8.407470870772613125e+00 -1.677697954219886185e+02
8.436019158958600883e+00 -1.678861100502789157e+02
8.464567447144574430e+00 -1.679868812280469399e+02
8.493115735330562188e+00 -1.680558263684241354e+02
8.521664023516549946e+00 -1.681015895239908673e+02
8.550212311702523493e+00 -1.681299200330885810e+02
8.578760599888525462e+00 -1.681501791842201214e+02
8.607308888074513220e+00 -1.681730826059869059e+02
8.635857176260486767e+00 -1.682089575692325525e+02
8.664405464446474525e+00 -1.682663974489740610e+02
8.692953752632462283e+00 -1.683496215296339074e+02
8.721502040818435830e+00 -1.684583850699562504e+02
8.750050329004423588e+00 -1.685885050784109751e+02
8.778598617190411346e+00 -1.687323736429441112e+02
8.807146905376399104e+00 -1.688788537894679394e+02
8.835695193562386862e+00 -1.690165930512258967e+02
8.864243481748374620e+00 -1.691359734039005218e+02
8.892791769934348167e+00 -1.692221004065860370e+02
8.921340058120335925e+00 -1.692787346808862594e+02
8.949888346306323683e+00 -1.692992411100877916e+02
8.978436634492311441e+00 -1.693015573239813989e+02
9.006984922678299199e+00 -1.692969007665055585e+02
9.035533210864286957e+00 -1.692982781285976728e+02
9.064081499050260504e+00 -1.693144924190326037e+02
9.092629787236248262e+00 -1.693514949033547623e+02
9.121178075422236020e+00 -1.694098360874451430e+02
9.149726363608209567e+00 -1.694852251831275396e+02
9.178274651794211536e+00 -1.695694047067464965e+02
9.206822939980185083e+00 -1.696477098539905626e+02
9.235371228166172841e+00 -1.697056965910164195e+02
9.263919516352160599e+00 -1.697301434025027618e+02
9.292467804538148357e+00 -1.697113050537471679e+02
9.321016092724136115e+00 -1.696438100578288299e+02
9.349564380910109662e+00 -1.695380833873973643e+02
9.378112669096097420e+00 -1.693739168659263044e+02
9.406660957282085178e+00 -1.691873838005251400e+02
9.435209245468072936e+00 -1.689903611995092092e+02
9.463757533654060694e+00 -1.687923994876931317e+02
9.492305821840034241e+00 -1.686000280540605445e+02
9.520854110026036210e+00 -1.684157542798940312e+02
9.549402398212009757e+00 -1.682361805148904637e+02
9.577950686397997515e+00 -1.680568715763317300e+02
9.606498974583985273e+00 -1.678708223847372096e+02
9.635047262769958820e+00 -1.676715377430961951e+02
9.663595550955946578e+00 -1.674552421896224814e+02
9.692143839141934336e+00 -1.672176092424809326e+02
9.720692127327922094e+00 -1.669610715538371721e+02
9.749240415513895641e+00 -1.666905986729605615e+02
9.777788703699897610e+00 -1.664081864004218687e+02
9.806336991885871157e+00 -1.661243869558068127e+02
9.834885280071858915e+00 -1.658390571388750629e+02
9.863433568257846673e+00 -1.655644430380544350e+02
9.891981856443834431e+00 -1.653035888379712333e+02
9.920530144629822189e+00 -1.650582320158556513e+02
9.949078432815809947e+00 -1.648279184946397606e+02
9.977626721001783494e+00 -1.646110781969766776e+02
1.000617500918777125e+01 -1.644046805941515572e+02
1.003472329737375901e+01 -1.642066612758267752e+02
1.006327158555973256e+01 -1.640137098712888246e+02
1.009181987374572032e+01 -1.638240170067953159e+02
1.012036816193172228e+01 -1.636367449125832252e+02
1.014891645011769583e+01 -1.634523188088922439e+02
1.017746473830368359e+01 -1.632709293938046926e+02
1.020601302648967135e+01 -1.630984138788604980e+02
1.023456131467564489e+01 -1.629340600511044386e+02
1.026310960286163265e+01 -1.627759368473704171e+02
1.029165789104762041e+01 -1.626300775490458932e+02
1.032020617923360817e+01 -1.624979745657230694e+02
1.034875446741959593e+01 -1.623801477363911943e+02
1.037730275560558368e+01 -1.622751638566775512e+02
1.040585104379155723e+01 -1.621850084276091764e+02
1.043439933197754499e+01 -1.621033387745693233e+02
1.046294762016353275e+01 -1.620302200929339733e+02
1.049149590834950629e+01 -1.619638533859647964e+02
1.052004419653550826e+01 -1.619027338330883481e+02
1.054859248472149602e+01 -1.618461115453656873e+02
1.057714077290746957e+01 -1.617936670973256525e+02
1.060568906109345733e+01 -1.617462117987154215e+02
1.063423734927944508e+01 -1.617045055514720389e+02
1.066278563746541863e+01 -1.616699792841853309e+02
1.069133392565140639e+01 -1.616424108664763821e+02
1.071988221383740836e+01 -1.616213885439741489e+02
1.074843050202338191e+01 -1.616095499641519382e+02
1.077697879020936966e+01 -1.616065481247477749e+02
1.080552707839535742e+01 -1.616119261579279396e+02
1.083407536658133097e+01 -1.616259755428669109e+02
1.086262365476731873e+01 -1.616429691133848792e+02
1.089117194295330648e+01 -1.616607341068384756e+02
1.091972023113929424e+01 -1.616819198362063048e+02
1.094826851932528200e+01 -1.617015774627575979e+02
1.097681680751126976e+01 -1.617193230331536995e+02
1.100536509569724331e+01 -1.617344819041164499e+02
1.103391338388323106e+01 -1.617458836579428407e+02
1.106246167206921882e+01 -1.617558162470034517e+02
1.109100996025519237e+01 -1.617652628707415943e+02
1.111955824844119434e+01 -1.617742688189204330e+02
1.114810653662718209e+01 -1.617818176454791796e+02
1.117665482481315564e+01 -1.617891401368278537e+02
1.120520311299914340e+01 -1.617949373272902562e+02
1.123375140118513116e+01 -1.618034594570042088e+02
1.126229968937111892e+01 -1.618080493321012909e+02
1.129084797755709246e+01 -1.618082747671153356e+02
1.131939626574309443e+01 -1.618034269802953133e+02
1.134794455392906798e+01 -1.617912841546835239e+02
1.137649284211505574e+01 -1.617716469302903874e+02
1.140504113030104349e+01 -1.617454571402909096e+02
1.143358941848701704e+01 -1.617118034090900380e+02
1.146213770667301901e+01 -1.616729775688430664e+02
1.149068599485899256e+01 -1.616305075194595133e+02
1.151923428304498032e+01 -1.615850066900758293e+02
1.154778257123096807e+01 -1.615418876995852315e+02
1.157633085941695583e+01 -1.615022758036492974e+02
1.160487914760292938e+01 -1.613428939812131375e+02
1.163342743578891714e+01 -1.611513188521764164e+02
1.166197572397491911e+01 -1.609306496985995238e+02
1.169052401216087844e+01 -1.606860654422473260e+02
1.171907230034688041e+01 -1.604278461062874328e+02
1.174762058853286817e+01 -1.601653890485632701e+02
1.177616887671884172e+01 -1.599139742580802590e+02
1.180471716490482947e+01 -1.596888726981052571e+02
1.183326545309081723e+01 -1.594976241599942739e+02
1.186181374127680499e+01 -1.593676286942517777e+02
1.189036202946279275e+01 -1.593070585420792327e+02
1.191891031764878051e+01 -1.593285578921895649e+02
1.194745860583475405e+01 -1.594317147956373333e+02
1.197600689402074181e+01 -1.596474884280290212e+02
1.200455518220672957e+01 -1.599624289179013203e+02
1.203310347039270312e+01 -1.603381291614244049e+02
1.206165175857870508e+01 -1.607031170502420423e+02
1.209020004676469284e+01 -1.610405598163229683e+02
1.211874833495066639e+01 -1.612577926817392608e+02
1.214729662313665415e+01 -1.612286835606685145e+02
1.217584491132264191e+01 -1.608919024574334173e+02
1.220439319950861545e+01 -1.602542420508716532e+02
1.223294148769460321e+01 -1.594020156515942972e+02
1.226148977588060518e+01 -1.584203195688157564e+02
1.229003806406657873e+01 -1.574542447143948607e+02
1.231858635225256648e+01 -1.565548607697309649e+02
1.234713464043855424e+01 -1.557201698617719217e+02
1.237568292862452779e+01 -1.549792694055972504e+02
1.240423121681051555e+01 -1.543427133442161505e+02
1.243277950499650331e+01 -1.538034863955425067e+02
1.246132779318249106e+01 -1.533737198289605601e+02
1.248987608136847882e+01 -1.530009424159411537e+02
1.251842436955446658e+01 -1.527057062464619435e+02
1.254697265774044013e+01 -1.524839823605842923e+02
1.257552094592642788e+01 -1.523077012282210774e+02
1.260406923411241564e+01 -1.521801344790610528e+02
1.263261752229838919e+01 -1.520815909104455272e+02
1.266116581048439116e+01 -1.520004617610773039e+02
1.268971409867037892e+01 -1.519279507358285173e+02
1.271826238685635246e+01 -1.518644807438281532e+02
1.274681067504234022e+01 -1.517929822493657639e+02
1.277535896322832798e+01 -1.517171881171063603e+02
1.280390725141430153e+01 -1.516402165115856064e+02
1.283245553960028928e+01 -1.515721614141945679e+02
1.286100382778629125e+01 -1.515028623898666638e+02
1.288955211597226480e+01 -1.514493409742745200e+02
1.291810040415825256e+01 -1.514013613022149798e+02
1.294664869234424032e+01 -1.513688744776967781e+02
1.297519698053021386e+01 -1.513440350680338895e+02
1.300374526871620162e+01 -1.513345658329145635e+02
1.303229355690218938e+01 -1.513295800015459065e+02
1.306084184508817714e+01 -1.513264910557459189e+02
1.308939013327416490e+01 -1.513246400300260461e+02
1.311793842146015265e+01 -1.513103524827467368e+02
1.314648670964612620e+01 -1.512859369463352266e+02
1.317503499783211396e+01 -1.512515301988113663e+02
1.320358328601811593e+01 -1.512121440785721234e+02
1.323213157420407526e+01 -1.511645078257841419e+02
1.326067986239007723e+01 -1.511219758415018646e+02
1.328922815057606499e+01 -1.510786623158486464e+02
1.331777643876203854e+01 -1.510459388162846324e+02
1.334632472694802630e+01 -1.510231391202150348e+02
1.337487301513401405e+01 -1.510096755439360550e+02
1.340342130332000181e+01 -1.510073472160005963e+02
1.343196959150597536e+01 -1.510110808263453634e+02
1.346051787969197733e+01 -1.510225564946915995e+02
1.348906616787795087e+01 -1.510306148345920292e+02
1.351761445606393863e+01 -1.510351322802253833e+02
1.354616274424992639e+01 -1.510317374602090013e+02
1.357471103243589994e+01 -1.510246855742735193e+02
1.360325932062190191e+01 -1.510048410554717577e+02
1.363180760880787545e+01 -1.509830778149748767e+02
1.366035589699386321e+01 -1.509514242340374039e+02
1.368890418517985097e+01 -1.509278512125711700e+02
1.371745247336583873e+01 -1.509061185289959042e+02
1.374600076155181227e+01 -1.508932606043220233e+02
1.377454904973780003e+01 -1.508897544256281549e+02
1.380309733792380200e+01 -1.508961881604851953e+02
1.383164562610976134e+01 -1.509140798940635477e+02
1.386019391429576331e+01 -1.509343864567213416e+02
1.388874220248175106e+01 -1.509576096774100620e+02
1.391729049066772461e+01 -1.509799108295464407e+02
1.394583877885371237e+01 -1.510015299573445020e+02
1.397438706703970013e+01 -1.510085863718041708e+02
1.400293535522568789e+01 -1.510158036674530706e+02
1.403148364341167564e+01 -1.510127982411982543e+02
1.406003193159766340e+01 -1.510042263950209644e+02
1.408858021978363695e+01 -1.509978821406236307e+02
1.411712850796962471e+01 -1.509898604439464407e+02
1.414567679615561246e+01 -1.509902470165018826e+02
1.417422508434158601e+01 -1.509967223695725238e+02
1.420277337252758798e+01 -1.510144586453214117e+02
1.423132166071357574e+01 -1.510403265673028557e+02
1.425986994889954929e+01 -1.510739839200545589e+02
