-1.425986994889954929e+01 -1.510733951856371107e+02
-1.423132166071357574e+01 -1.510396877651974137e+02
-1.420277337252758798e+01 -1.510137593036501471e+02
-1.417422508434160022e+01 -1.509959476638317142e+02
-1.414567679615561246e+01 -1.509893850006415619e+02
-1.411712850796962471e+01 -1.509888951386764120e+02
-1.408858021978363695e+01 -1.509967998795141568e+02
-1.406003193159766340e+01 -1.510030102607617550e+02
-1.403148364341167564e+01 -1.510114316953515186e+02
-1.400293535522568789e+01 -1.510142731348180689e+02
-1.397438706703971434e+01 -1.510068840566730728e+02
-1.394583877885371237e+01 -1.509996387498580930e+02
-1.391729049066772461e+01 -1.509778183931320257e+02
-1.388874220248175106e+01 -1.509553088664299025e+02
-1.386019391429576331e+01 -1.509318671455391723e+02
-1.383164562610977555e+01 -1.509113308561107942e+02
-1.380309733792380200e+01 -1.508931951136039800e+02
-1.377454904973780003e+01 -1.508865066418561014e+02
-1.374600076155181227e+01 -1.508897400732123799e+02
-1.371745247336583873e+01 -1.509023145462567754e+02
-1.368890418517985097e+01 -1.509237511338818649e+02
-1.366035589699386321e+01 -1.509470228209119966e+02
-1.363180760880788966e+01 -1.509783677941622670e+02
-1.360325932062190191e+01 -1.509998369632108677e+02
-1.357471103243589994e+01 -1.510193979694951452e+02
-1.354616274424992639e+01 -1.510261950478471249e+02
-1.351761445606393863e+01 -1.510293558483220693e+02
-1.348906616787795087e+01 -1.510246432795188696e+02
-1.346051787969197733e+01 -1.510164128572581888e+02
-1.343196959150598957e+01 -1.510047995692734162e+02
-1.340342130332000181e+01 -1.510009564764087031e+02
-1.337487301513401405e+01 -1.510032008219187389e+02
-1.334632472694802630e+01 -1.510165905945816576e+02
-1.331777643876203854e+01 -1.510393456562073027e+02
-1.328922815057606499e+01 -1.510720470917570140e+02
-1.326067986239007723e+01 -1.511153576676751413e+02
-1.323213157420408947e+01 -1.511579208291373106e+02
-1.320358328601811593e+01 -1.512056095169176047e+02
-1.317503499783211396e+01 -1.512450821858184895e+02
-1.314648670964612620e+01 -1.512795949806771034e+02
-1.311793842146015265e+01 -1.513041257731106271e+02
-1.308939013327416490e+01 -1.513185432225809564e+02
-1.306084184508817714e+01 -1.513204826261812457e+02
-1.303229355690220359e+01 -1.513236082561289493e+02
-1.300374526871621583e+01 -1.513285167163883500e+02
-1.297519698053021386e+01 -1.513377784226950951e+02
-1.294664869234424032e+01 -1.513622158992359061e+02
-1.291810040415825256e+01 -1.513941023968947093e+02
-1.288955211597226480e+01 -1.514407105863591028e+02
-1.286100382778629125e+01 -1.514916812262919734e+02
-1.283245553960030350e+01 -1.515565478076944999e+02
-1.280390725141431574e+01 -1.516173498183057688e+02
-1.277535896322832798e+01 -1.516828589172168620e+02
-1.274681067504234022e+01 -1.517412798263529226e+02
-1.271826238685635246e+01 -1.517870851894057012e+02
-1.268971409867037892e+01 -1.518146491673567766e+02
-1.266116581048439116e+01 -1.518375674281138288e+02
-1.263261752229840340e+01 -1.518513556591226745e+02
-1.260406923411241564e+01 -1.518619186912318071e+02
-1.257552094592642788e+01 -1.518743607026412406e+02
-1.254697265774044013e+01 -1.519019806246458018e+02
-1.251842436955446658e+01 -1.519369318129010935e+02
-1.248987608136847882e+01 -1.519934398268224527e+02
-1.246132779318249106e+01 -1.520667015036753185e+02
-1.243277950499651752e+01 -1.521312497483569075e+02
-1.240423121681051555e+01 -1.522155022656181984e+02
-1.237568292862452779e+01 -1.523000180172354021e+02
-1.234713464043855424e+01 -1.523801571780494726e+02
-1.231858635225256648e+01 -1.524463627118151408e+02
-1.229003806406657873e+01 -1.524903591688513700e+02
-1.226148977588060518e+01 -1.525266747383163306e+02
-1.223294148769461742e+01 -1.525515726945664312e+02
-1.220439319950861545e+01 -1.525611522507025768e+02
-1.217584491132264191e+01 -1.525746925186858221e+02
-1.214729662313665415e+01 -1.525887821674923543e+02
-1.211874833495066639e+01 -1.526242171874077656e+02
-1.209020004676469284e+01 -1.526770834835382402e+02
-1.206165175857870508e+01 -1.527405647031727085e+02
-1.203310347039271733e+01 -1.528326428257795442e+02
-1.200455518220672957e+01 -1.529294169298283919e+02
-1.197600689402074181e+01 -1.530244713397251815e+02
-1.194745860583475405e+01 -1.531160060618603609e+02
-1.191891031764878051e+01 -1.531984358070401413e+02
-1.189036202946279275e+01 -1.532587192513135506e+02
-1.186181374127680499e+01 -1.533001463575569403e+02
-1.183326545309081723e+01 -1.533165867180754560e+02
-1.180471716490482947e+01 -1.533240031531148020e+02
-1.177616887671884172e+01 -1.533161771244094211e+02
-1.174762058853286817e+01 -1.533194526311177128e+02
-1.171907230034688041e+01 -1.533321505220321797e+02
-1.169052401216089265e+01 -1.533556025985972155e+02
-1.166197572397491911e+01 -1.534082576041845982e+02
-1.163342743578891714e+01 -1.534884628735632077e+02
-1.160487914760292938e+01 -1.535824072329777721e+02
-1.157633085941695583e+01 -1.536939007513352067e+02
-1.154778257123096807e+01 -1.537836761824497955e+02
-1.151923428304498032e+01 -1.538662312840306754e+02
-1.149068599485900677e+01 -1.539275969614624842e+02
-1.146213770667301901e+01 -1.539589869907800903e+02
-1.143358941848701704e+01 -1.539672348247054288e+02
-1.140504113030104349e+01 -1.539452691813920069e+02
-1.137649284211505574e+01 -1.539130409883037203e+02
-1.134794455392906798e+01 -1.538687951318503337e+02
-1.131939626574309443e+01 -1.538426524383751257e+02
-1.129084797755710667e+01 -1.538282239973005403e+02
-1.126229968937111892e+01 -1.538462188858178479e+02
-1.123375140118513116e+01 -1.538828577916856943e+02
-1.120520311299914340e+01 -1.539514410880110802e+02
-1.117665482481315564e+01 -1.540297743800068702e+02
-1.114810653662718209e+01 -1.541128378932892531e+02
-1.111955824844119434e+01 -1.541890294262219925e+02
-1.109100996025520658e+01 -1.542329274854145638e+02
-1.106246167206923303e+01 -1.542471859504064469e+02
-1.103391338388323106e+01 -1.542222455663078335e+02
-1.100536509569724331e+01 -1.541727474368037747e+02
-1.097681680751126976e+01 -1.540944017736325975e+02
-1.094826851932528200e+01 -1.540047266475593801e+02
-1.091972023113929424e+01 -1.539275266194989342e+02
-1.089117194295332069e+01 -1.538556592224254302e+02
-1.086262365476733294e+01 -1.538200137386544384e+02
-1.083407536658134518e+01 -1.538015865603777570e+02
-1.080552707839535742e+01 -1.538221231611179007e+02
-1.077697879020936966e+01 -1.538532988638997665e+02
-1.074843050202338191e+01 -1.538965591991787107e+02
-1.071988221383740836e+01 -1.539401614067020034e+02
-1.069133392565142060e+01 -1.539732928221873181e+02
-1.066278563746543284e+01 -1.539692083109391660e+02
-1.063423734927944508e+01 -1.539252927947144940e+02
-1.060568906109345733e+01 -1.538459138356379583e+02
-1.057714077290746957e+01 -1.537358250287709325e+02
-1.054859248472149602e+01 -1.536208464403336507e+02
-1.052004419653550826e+01 -1.534931775027905019e+02
-1.049149590834952050e+01 -1.533894114199848389e+02
-1.046294762016353275e+01 -1.532952653713446409e+02
-1.043439933197754499e+01 -1.532291344429256981e+02
-1.040585104379157144e+01 -1.531932188600619611e+02
-1.037730275560558368e+01 -1.531924286844371181e+02
-1.034875446741959593e+01 -1.531997173506720173e+02
-1.032020617923360817e+01 -1.532099500927966460e+02
-1.029165789104763462e+01 -1.532139323608997188e+02
-1.026310960286163265e+01 -1.531999412784423669e+02
-1.023456131467565910e+01 -1.531481410153986076e+02
-1.020601302648967135e+01 -1.530761248248829247e+02
-1.017746473830368359e+01 -1.529596596062245339e+02
-1.014891645011769583e+01 -1.528372520431503574e+02
-1.012036816193172228e+01 -1.526964849735797429e+02
-1.009181987374573453e+01 -1.525750698890648209e+02
-1.006327158555974677e+01 -1.524582696323122377e+02
-1.003472329737375901e+01 -1.523679877997402059e+02
-1.000617500918777125e+01 -1.523051391899934401e+02
-9.977626721001797705e+00 -1.522786145140923679e+02
-9.949078432815809947e+00 -1.522618999367386436e+02
-9.920530144629822189e+00 -1.522568783794990566e+02
-9.891981856443834431e+00 -1.522474076108398435e+02
-9.863433568257846673e+00 -1.522296435734582758e+02
-9.834885280071858915e+00 -1.521929109318370195e+02
-9.806336991885885368e+00 -1.521220817105326830e+02
-9.777788703699897610e+00 -1.520260323062790917e+02
-9.749240415513909852e+00 -1.519221416659883914e+02
-9.720692127327922094e+00 -1.517911806381656277e+02
-9.692143839141934336e+00 -1.516728248115518625e+02
-9.663595550955946578e+00 -1.515548335741211758e+02
-9.635047262769973031e+00 -1.514580880381371344e+02
-9.606498974583985273e+00 -1.513872417412647735e+02
-9.577950686397997515e+00 -1.513411839756624602e+02
-9.549402398212023968e+00 -1.513194572497757235e+02
-9.520854110026036210e+00 -1.513093023206135399e+02
-9.492305821840034241e+00 -1.513073069735755212e+02
-9.463757533654060694e+00 -1.512953338733177873e+02
-9.435209245468072936e+00 -1.512748285896768152e+02
-9.406660957282085178e+00 -1.512252706533582227e+02
-9.378112669096111631e+00 -1.511618449015028887e+02
-9.349564380910123873e+00 -1.510692474097248805e+02
-9.321016092724136115e+00 -1.509647208785349619e+02
-9.292467804538148357e+00 -1.508546982475126015e+02
-9.263919516352160599e+00 -1.507562193539724547e+02
-9.235371228166172841e+00 -1.506633065178416757e+02
-9.206822939980199294e+00 -1.505940959904000067e+02
-9.178274651794211536e+00 -1.505466946755880713e+02
-9.149726363608223778e+00 -1.505251961626529464e+02
-9.121178075422250231e+00 -1.505215034533896983e+02
-9.092629787236248262e+00 -1.505248379003321304e+02
-9.064081499050260504e+00 -1.505268598891616421e+02
-9.035533210864286957e+00 -1.505263689299391388e+02
-9.006984922678299199e+00 -1.505048660348974181e+02
-8.978436634492311441e+00 -1.504680769925082870e+02
-8.949888346306337894e+00 -1.504024338111264001e+02
-8.921340058120350136e+00 -1.503216665843779651e+02
-8.892791769934348167e+00 -1.502343646653856979e+02
-8.864243481748374620e+00 -1.501437301715043873e+02
-8.835695193562386862e+00 -1.500607540439153240e+02
-8.807146905376399104e+00 -1.499968154940319494e+02
-8.778598617190425557e+00 -1.499554184513530402e+02
-8.750050329004437799e+00 -1.499369137680723156e+02
-8.721502040818450041e+00 -1.499409621665336658e+02
-8.692953752632462283e+00 -1.499570216671345975e+02
-8.664405464446474525e+00 -1.499828232138125088e+02
-8.635857176260486767e+00 -1.499992356114511551e+02
-8.607308888074513220e+00 -1.500023585123585121e+02
-8.578760599888525462e+00 -1.499909833582225360e+02
-8.550212311702537704e+00 -1.499605722797197132e+02
-8.521664023516549946e+00 -1.499045500017699055e+02
-8.493115735330562188e+00 -1.498410163276581955e+02
-8.464567447144574430e+00 -1.497700949966308031e+02
-8.436019158958600883e+00 -1.496946409127530444e+02
-8.407470870772613125e+00 -1.496357903644861835e+02
-8.378922582586625367e+00 -1.495959546930312172e+02
-8.350374294400651820e+00 -1.495801352377581281e+02
-8.321826006214649851e+00 -1.495894737646475505e+02
-8.293277718028662093e+00 -1.496151573689312784e+02
-8.264729429842688546e+00 -1.496600232280499085e+02
-8.236181141656700788e+00 -1.496992757718428493e+02
-8.207632853470713030e+00 -1.497290585119143884e+02
-8.179084565284739483e+00 -1.497415617200445865e+02
-8.150536277098751725e+00 -1.497390038107608632e+02
-8.121987988912749756e+00 -1.497079107503089119e+02
-8.093439700726776209e+00 -1.496692212849723660e+02
-8.064891412540788451e+00 -1.496123040363999053e+02
-8.036343124354800693e+00 -1.495584358327846815e+02
-8.007794836168827146e+00 -1.495070714964111289e+02
-7.979246547982839388e+00 -1.494616889742336525e+02
-7.950698259796837419e+00 -1.494443049208244361e+02
-7.922149971610863872e+00 -1.494516188325085864e+02
-7.893601683424876114e+00 -1.494833325876566050e+02
-7.865053395238888356e+00 -1.495313235851083107e+02
-7.836505107052914809e+00 -1.495973610928887467e+02
-7.807956818866927051e+00 -1.496518776884722683e+02
-7.779408530680939293e+00 -1.496903207968137224e+02
-7.750860242494951535e+00 -1.497136682976234283e+02
-7.722311954308963777e+00 -1.497050266145637920e+02
-7.693763666122976019e+00 -1.496803783042614953e+02
-7.665215377937002472e+00 -1.496339040444560169e+02
-7.636667089751014714e+00 -1.495855241293264157e+02
-7.608118801565026956e+00 -1.495427262285513734e+02
-7.579570513379053409e+00 -1.495177650098641209e+02
-7.551022225193051440e+00 -1.494832716825858370e+02
-7.522473937007063682e+00 -1.494764003514829085e+02
-7.493925648821090135e+00 -1.494985046661037984e+02
-7.465377360635102377e+00 -1.495482343258143203e+02
-7.436829072449114619e+00 -1.496185586182185716e+02
-7.408280784263141072e+00 -1.496838891828321891e+02
-7.379732496077153314e+00 -1.497423038231628993e+02
-7.351184207891151345e+00 -1.497878657268859683e+02
-7.322635919705177798e+00 -1.497935728961922734e+02
-7.294087631519190040e+00 -1.497761231906063131e+02
-7.265539343333202282e+00 -1.497305452234676295e+02
-7.236991055147228735e+00 -1.496753388687161817e+02
-7.208442766961240977e+00 -1.496195331348736488e+02
-7.179894478775253219e+00 -1.495775754307786087e+02
-7.151346190589265461e+00 -1.495570851915010451e+02
-7.122797902403277703e+00 -1.495568768318267701e+02
-7.094249614217289945e+00 -1.495331918700354663e+02
-7.065701326031316398e+00 -1.495515216083202574e+02
-7.037153037845328640e+00 -1.496034623240229848e+02
-7.008604749659340882e+00 -1.496645315359807000e+02
-6.980056461473367335e+00 -1.497235803032498893e+02
-6.951508173287365366e+00 -1.497558269486473250e+02
-6.922959885101377608e+00 -1.497593865435904945e+02
-6.894411596915404061e+00 -1.497347217677985611e+02
-6.865863308729416303e+00 -1.496764866087139296e+02
-6.837315020543428545e+00 -1.496007403613523650e+02
-6.808766732357454998e+00 -1.495157968223738862e+02
-6.780218444171467240e+00 -1.494396787161599036e+02
-6.751670155985465271e+00 -1.493780415902153322e+02
-6.723121867799491724e+00 -1.493530582283227375e+02
-6.694573579613503966e+00 -1.493548900789914740e+02
-6.666025291427516208e+00 -1.493150172693944171e+02
-6.637477003241542661e+00 -1.493110589267079149e+02
-6.608928715055554903e+00 -1.493209841308404293e+02
-6.580380426869567145e+00 -1.493450914649048116e+02
-6.551832138683579387e+00 -1.493538676286253803e+02
-6.523283850497591629e+00 -1.493542651773619241e+02
-6.494735562311603871e+00 -1.493145030525791412e+02
-6.466187274125630324e+00 -1.492473360274858010e+02
-6.437638985939642566e+00 -1.491590333808046296e+02
-6.409090697753654808e+00 -1.490732764452838524e+02
-6.380542409567667050e+00 -1.489971252647345636e+02
-6.351994121381679292e+00 -1.489425246854278555e+02
-6.323445833195691534e+00 -1.489425507925578245e+02
-6.294897545009717987e+00 -1.489854451664681676e+02
-6.266349256823730229e+00 -1.490712019870418601e+02
-6.237800968637742471e+00 -1.491730378098184246e+02
-6.209252680451754713e+00 -1.492210176077870756e+02
-6.180704392265766955e+00 -1.493312037157555210e+02
-6.152156104079779197e+00 -1.494148470709570518e+02
-6.123607815893805650e+00 -1.494619298781919952e+02
-6.095059527707817892e+00 -1.494399035950627592e+02
-6.066511239521830134e+00 -1.493431238095906792e+02
-6.037962951335856587e+00 -1.491536155819189275e+02
-6.009414663149854618e+00 -1.488926703339322728e+02
-5.980866374963866861e+00 -1.486038676402785654e+02
-5.952318086777893313e+00 -1.482838163426178255e+02
-5.923769798591905555e+00 -1.479765834639327977e+02
-5.895221510405917797e+00 -1.477055398370571595e+02
-5.866673222219944250e+00 -1.475056474806901292e+02
-5.838124934033956492e+00 -1.473530862798234295e+02
-5.809576645847954524e+00 -1.472734153253989859e+02
-5.781028357661980976e+00 -1.471898571177805763e+02
-5.752480069475993218e+00 -1.472005394635822597e+02
-5.723931781290005461e+00 -1.473018127220140343e+02
-5.695383493104031913e+00 -1.474880288615260611e+02
-5.666835204918044155e+00 -1.477548724371763456e+02
-5.638286916732056397e+00 -1.480961889062871535e+02
-5.609738628546068639e+00 -1.485061250610499997e+02
-5.581190340360080882e+00 -1.489781252390049247e+02
-5.552642052174093124e+00 -1.495049055044116812e+02
-5.524093763988119576e+00 -1.500783045132922666e+02
-5.495545475802131818e+00 -1.506893181953345788e+02
-5.466997187616144060e+00 -1.513278974758005120e+02
-5.438448899430170513e+00 -1.519842765792865862e+02
-5.409900611244168545e+00 -1.526468971860375632e+02
-5.381352323058180787e+00 -1.533055182394793690e+02
-5.352804034872207239e+00 -1.538103258837005285e+02
-5.324255746686219481e+00 -1.538955498933855210e+02
-5.295707458500231724e+00 -1.540738291295349995e+02
-5.267159170314258176e+00 -1.542660789273343198e+02
-5.238610882128270418e+00 -1.544670110414709256e+02
-5.210062593942268450e+00 -1.546740916948036215e+02
-5.181514305756294902e+00 -1.548839425957231981e+02
-5.152966017570307145e+00 -1.550934488826433437e+02
-5.124417729384319387e+00 -1.553000298265088190e+02
-5.095869441198345839e+00 -1.555024613694808409e+02
-5.067321153012358081e+00 -1.557008952152164056e+02
-5.038772864826370323e+00 -1.558988554142225667e+02
-5.010224576640382566e+00 -1.560973942881747121e+02
-4.981676288454394808e+00 -1.563011517386937044e+02
-4.953128000268407050e+00 -1.565146615216044381e+02
-4.924579712082433502e+00 -1.567406632536794007e+02
-4.896031423896445745e+00 -1.569728326307948407e+02
-4.867483135710457987e+00 -1.572192462618087632e+02
-4.838934847524484439e+00 -1.574754989005537595e+02
-4.810386559338482471e+00 -1.577360137192306127e+02
-4.781838271152494713e+00 -1.579941166882448726e+02
-4.753289982966521166e+00 -1.582415937053254993e+02
-4.724741694780533408e+00 -1.584711324621557367e+02
-4.696193406594545650e+00 -1.586780556520795642e+02
-4.667645118408572102e+00 -1.588622361370173621e+02
-4.639096830222584344e+00 -1.590258017751012858e+02
-4.610548542036582376e+00 -1.591780965951496398e+02
-4.582000253850608829e+00 -1.593233938055423664e+02
-4.553451965664621071e+00 -1.594732076675407200e+02
-4.524903677478633313e+00 -1.596355726185673518e+02
-4.496355389292659765e+00 -1.598150442658506449e+02
-4.467807101106672008e+00 -1.600072619684881658e+02
-4.439258812920684250e+00 -1.601938665549924394e+02
-4.410710524734696492e+00 -1.603929584491239098e+02
-4.382162236548708734e+00 -1.605857734964927204e+02
-4.353613948362720976e+00 -1.607565934881151861e+02
-4.325065660176747429e+00 -1.608918574894872791e+02
-4.296517371990759671e+00 -1.609891602091280447e+02
-4.267969083804771913e+00 -1.610423481341553327e+02
-4.239420795618784155e+00 -1.610584366753691370e+02
-4.210872507432796397e+00 -1.610507042748357662e+02
-4.182324219246808639e+00 -1.610360725544272498e+02
-4.153775931060835092e+00 -1.610304073594635383e+02
-4.125227642874847334e+00 -1.610482491025260572e+02
-4.096679354688859576e+00 -1.610970745518356750e+02
-4.068131066502871818e+00 -1.611786806247640129e+02
-4.039582778316884060e+00 -1.612884174555815093e+02
-4.011034490130910513e+00 -1.613847282018490148e+02
-3.982486201944922755e+00 -1.614856893165613201e+02
-3.953937913758934997e+00 -1.615815428367479853e+02
-3.925389625572947239e+00 -1.616450861569184099e+02
-3.896841337386973692e+00 -1.616653862713280319e+02
-3.868293049200971723e+00 -1.616385412924231275e+02
-3.839744761014998176e+00 -1.615710068538066650e+02
-3.811196472829010418e+00 -1.614771714708064678e+02
-3.782648184643022660e+00 -1.613760971919222413e+02
-3.754099896457034902e+00 -1.612865093067943860e+02
-3.725551608271061355e+00 -1.612240167550844205e+02
-3.697003320085073597e+00 -1.611983629173357997e+02
-3.668455031899085839e+00 -1.612126732480575129e+02
-3.639906743713098081e+00 -1.612631119002190871e+02
-3.611358455527110323e+00 -1.613391509956335597e+02
-3.582810167341136776e+00 -1.614205347566100386e+02
-3.554261879155149018e+00 -1.614612822294790249e+02
-3.525713590969161260e+00 -1.614910459955302997e+02
-3.497165302783173502e+00 -1.614829951913692412e+02
-3.468617014597185744e+00 -1.614232160830393354e+02
-3.440068726411197986e+00 -1.613196633147984187e+02
-3.411520438225224439e+00 -1.611845601198436952e+02
-3.382972150039236681e+00 -1.610358185739217447e+02
-3.354423861853248923e+00 -1.608925311381267136e+02
-3.325875573667261165e+00 -1.607712644558839372e+02
-3.297327285481287618e+00 -1.606833407362267678e+02
-3.268778997295285649e+00 -1.606336787149246561e+02
-3.240230709109312102e+00 -1.606218173375847869e+02
-3.211682420923324344e+00 -1.606463003078037559e+02
-3.183134132737336586e+00 -1.606795179032667704e+02
-3.154585844551363039e+00 -1.607059960857557428e+02
-3.126037556365375281e+00 -1.606871180134675683e+02
-3.097489268179387523e+00 -1.606380928348518751e+02
-3.068940979993399765e+00 -1.605574976443171522e+02
-3.040392691807412007e+00 -1.604322837757811726e+02
-3.011844403621424249e+00 -1.602755002941754583e+02
-2.983296115435450702e+00 -1.601024804924462046e+02
-2.954747827249462944e+00 -1.599297233524252704e+02
-2.926199539063475186e+00 -1.597725191757306220e+02
-2.897651250877487428e+00 -1.596423606875815153e+02
-2.869102962691499670e+00 -1.595559178661972339e+02
-2.840554674505511912e+00 -1.595060404712641002e+02
-2.812006386319538365e+00 -1.594764311083454515e+02
-2.783458098133550607e+00 -1.594598246723751060e+02
-2.754909809947562849e+00 -1.594447337620661926e+02
-2.726361521761589302e+00 -1.594178787276437106e+02
-2.697813233575601544e+00 -1.593644054339766853e+02
-2.669264945389599575e+00 -1.592670015222861366e+02
-2.640716657203626028e+00 -1.591471588853344770e+02
-2.612168369017638270e+00 -1.590034196394663013e+02
-2.583620080831650512e+00 -1.588379457548726634e+02
-2.555071792645676965e+00 -1.586684656744812685e+02
-2.526523504459689207e+00 -1.585077538413283378e+02
-2.497975216273701449e+00 -1.583933835559804493e+02
-2.469426928087713691e+00 -1.582953636638869739e+02
-2.440878639901725933e+00 -1.582152609959151732e+02
-2.412330351715738175e+00 -1.581546988735100854e+02
-2.383782063529764628e+00 -1.581099856928904330e+02
-2.355233775343776870e+00 -1.580732263086594287e+02
-2.326685487157789112e+00 -1.580341035294675862e+02
-2.298137198971801354e+00 -1.579821365772401407e+02
-2.269588910785813596e+00 -1.579091218192625092e+02
-2.241040622599825838e+00 -1.578051112137022187e+02
-2.212492334413852291e+00 -1.576799192914719185e+02
-2.183944046227864533e+00 -1.575414820471536075e+02
-2.155395758041876775e+00 -1.574057968452494549e+02
-2.126847469855889017e+00 -1.572984577740566010e+02
-2.098299181669901259e+00 -1.571840810250076288e+02
-2.069750893483913501e+00 -1.570754166583114113e+02
-2.041202605297939954e+00 -1.569812176108519850e+02
-2.012654317111952196e+00 -1.569053870790999099e+02
-1.984106028925964438e+00 -1.568470044915561061e+02
-1.955557740739990891e+00 -1.568010503885812739e+02
-1.927009452553988922e+00 -1.567596728819916621e+02
-1.898461164368001164e+00 -1.567138983079222498e+02
-1.869912876182027617e+00 -1.566555953694979166e+02
-1.841364587996039859e+00 -1.565793167601735263e+02
-1.812816299810052101e+00 -1.564831453660077614e+02
-1.784268011624078554e+00 -1.564096308113125815e+02
-1.755719723438090796e+00 -1.563337028959788597e+02
-1.727171435252088827e+00 -1.562342030976060983e+02
-1.698623147066115280e+00 -1.561208814729204732e+02
-1.670074858880127522e+00 -1.560094500333729854e+02
-1.641526570694139764e+00 -1.559096115676645979e+02
-1.612978282508166217e+00 -1.558269542414197133e+02
-1.584429994322178459e+00 -1.557626886182727617e+02
-1.555881706136190701e+00 -1.557140487073566533e+02
-1.527333417950202943e+00 -1.556751804787508036e+02
-1.498785129764215185e+00 -1.556384474904460262e+02
-1.470236841578227427e+00 -1.555960194363097457e+02
-1.441688553392253880e+00 -1.555415283479474340e+02
-1.413140265206266122e+00 -1.555535938576136061e+02
-1.384591977020278364e+00 -1.555237587191406305e+02
-1.356043688834304817e+00 -1.554555409435678826e+02
-1.327495400648302848e+00 -1.553609440835052453e+02
-1.298947112462315090e+00 -1.552532856333893960e+02
-1.270398824276341543e+00 -1.551433855992254394e+02
-1.241850536090353785e+00 -1.550418602479161336e+02
-1.213302247904366027e+00 -1.549564938822891520e+02
-1.184753959718392480e+00 -1.548902254640087222e+02
-1.156205671532404722e+00 -1.548421366426410657e+02
-1.127657383346402753e+00 -1.548080528565086809e+02
-1.099109095160429206e+00 -1.547815298822081900e+02
-1.070560806974441448e+00 -1.547950335571708251e+02
-1.042012518788453690e+00 -1.548539002762800010e+02
-1.013464230602480143e+00 -1.548745186150179904e+02
-9.849159424164923848e-01 -1.548539817750129544e+02
-9.563676542305046269e-01 -1.547958740492258585e+02
-9.278193660445168689e-01 -1.547091340710798875e+02
-8.992710778585291109e-01 -1.546056420762387802e+02
-8.707227896725413530e-01 -1.544986372127670791e+02
-8.421745014865678058e-01 -1.543991655333517201e+02
-8.136262133005800479e-01 -1.543127433091169962e+02
-7.850779251145922899e-01 -1.542462411545190548e+02
-7.565296369286187428e-01 -1.542004275879227180e+02
-7.279813487426167740e-01 -1.541726493445155484e+02
-6.994330605566290160e-01 -1.542456677990527396e+02
-6.708847723706554689e-01 -1.543373523070243039e+02
-6.423364841846677109e-01 -1.544023711191091763e+02
-6.137881959986799529e-01 -1.544302880531606661e+02
-5.852399078127064058e-01 -1.544154815155403355e+02
-5.566916196267186479e-01 -1.543579582115950473e+02
-5.281433314407166790e-01 -1.542627555108074660e+02
-4.995950432547431319e-01 -1.541381511397132442e+02
-4.710467550687553739e-01 -1.539933286715497616e+02
-4.424984668827676160e-01 -1.538362748965136859e+02
-4.139501786967940689e-01 -1.536722748758568855e+02
-3.854018905108063109e-01 -1.535031545237928015e+02
-3.568536023248043421e-01 -1.533426026192450138e+02
-3.283053141388307949e-01 -1.532667991489836936e+02
-2.997570259528430370e-01 -1.531566075735121899e+02
-2.712087377668552790e-01 -1.530047594144111827e+02
-2.426604495808817319e-01 -1.528095544287885161e+02
-2.141121613948939739e-01 -1.525757883776555275e+02
-1.855638732088920051e-01 -1.523141103059032275e+02
-1.570155850229184580e-01 -1.520391323831561010e+02
-1.284672968369307000e-01 -1.517670516455271184e+02
-9.991900865094294204e-02 -1.515135284764116932e+02
-7.137072046496939492e-02 -1.512922263072687485e+02
-4.282243227898163695e-02 -1.511140478835938268e+02
-1.427414409299387898e-02 -1.509868158020649389e+02
1.427414409299387898e-02 -1.509868158020649389e+02
4.282243227898163695e-02 -1.511140478835937415e+02
7.137072046496939492e-02 -1.512922263072684927e+02
9.991900865094294204e-02 -1.515135284764133985e+02
1.284672968369307000e-01 -1.517670516455267204e+02
1.570155850229184580e-01 -1.520391323831567263e+02
1.855638732088920051e-01 -1.523141103059021475e+02
2.141121613948939739e-01 -1.525757883776554991e+02
2.426604495808817319e-01 -1.528095544287877203e+02
2.712087377668552790e-01 -1.530047594144106711e+02
2.997570259528430370e-01 -1.531566075735122752e+02
3.283053141388307949e-01 -1.532667991489840915e+02
3.568536023248043421e-01 -1.533426026192453264e+02
3.854018905107921000e-01 -1.535031545237942225e+02
4.139501786967940689e-01 -1.536722748758566865e+02
4.424984668827676160e-01 -1.538362748965130038e+02
4.710467550687553739e-01 -1.539933286715491931e+02
4.995950432547431319e-01 -1.541381511397121358e+02
5.281433314407166790e-01 -1.542627555108080344e+02
5.566916196267044370e-01 -1.543579582115943367e+02
5.852399078126921950e-01 -1.544154815155422966e+02
6.137881959986799529e-01 -1.544302880531585629e+02
6.423364841846677109e-01 -1.544023711191061352e+02
6.708847723706554689e-01 -1.543373523070220585e+02
6.994330605566290160e-01 -1.542456677990537912e+02
7.279813487426167740e-01 -1.541726493445108019e+02
7.565296369286045319e-01 -1.542004275879185116e+02
7.850779251145780790e-01 -1.542462411545144505e+02
8.136262133005800479e-01 -1.543127433091168825e+02
8.421745014865678058e-01 -1.543991655333483664e+02
8.707227896725413530e-01 -1.544986372127667380e+02
8.992710778585291109e-01 -1.546056420762382402e+02
9.278193660445168689e-01 -1.547091340710801717e+02
9.563676542304904160e-01 -1.547958740492233574e+02
9.849159424164781740e-01 -1.548539817750115049e+02
1.013464230602480143e+00 -1.548745186150198947e+02
1.042012518788453690e+00 -1.548539002762800010e+02
1.070560806974441448e+00 -1.547950335571712515e+02
1.099109095160429206e+00 -1.547815298822110890e+02
1.127657383346402753e+00 -1.548080528565078851e+02
1.156205671532390511e+00 -1.548421366426424015e+02
1.184753959718378269e+00 -1.548902254640087506e+02
1.213302247904366027e+00 -1.549564938822900046e+02
1.241850536090353785e+00 -1.550418602479159631e+02
1.270398824276341543e+00 -1.551433855992256952e+02
1.298947112462315090e+00 -1.552532856333889129e+02
1.327495400648302848e+00 -1.553609440835051032e+02
1.356043688834304817e+00 -1.554555409435686215e+02
1.384591977020264153e+00 -1.555237587191400053e+02
1.413140265206266122e+00 -1.555535938576130093e+02
1.441688553392253880e+00 -1.555415283479463824e+02
1.470236841578227427e+00 -1.555960194363108542e+02
1.498785129764215185e+00 -1.556384474904445199e+02
1.527333417950202943e+00 -1.556751804787528499e+02
1.555881706136190701e+00 -1.557140487073577901e+02
1.584429994322164248e+00 -1.557626886182747796e+02
1.612978282508166217e+00 -1.558269542414194007e+02
1.641526570694139764e+00 -1.559096115676651664e+02
1.670074858880127522e+00 -1.560094500333727296e+02
1.698623147066115280e+00 -1.561208814729208711e+02
1.727171435252088827e+00 -1.562342030976065530e+02
1.755719723438090796e+00 -1.563337028959790302e+02
1.784268011624064343e+00 -1.564096308113107625e+02
1.812816299810052101e+00 -1.564831453660052887e+02
1.841364587996039859e+00 -1.565793167601723042e+02
1.869912876182027617e+00 -1.566555953694996788e+02
1.898461164368001164e+00 -1.567138983079231593e+02
1.927009452553988922e+00 -1.567596728819896725e+02
1.955557740739976680e+00 -1.568010503885795401e+02
1.984106028925964438e+00 -1.568470044915536619e+02
2.012654317111952196e+00 -1.569053870791009331e+02
2.041202605297939954e+00 -1.569812176108493702e+02
2.069750893483913501e+00 -1.570754166583110418e+02
2.098299181669901259e+00 -1.571840810250067193e+02
2.126847469855889017e+00 -1.572984577740563736e+02
2.155395758041876775e+00 -1.574057968452521266e+02
2.183944046227864533e+00 -1.575414820471519874e+02
2.212492334413852291e+00 -1.576799192914721175e+02
2.241040622599825838e+00 -1.578051112137033556e+02
2.269588910785813596e+00 -1.579091218192644135e+02
2.298137198971801354e+00 -1.579821365772385207e+02
2.326685487157774901e+00 -1.580341035294653125e+02
2.355233775343776870e+00 -1.580732263086574108e+02
2.383782063529750417e+00 -1.581099856928873351e+02
2.412330351715738175e+00 -1.581546988735101138e+02
2.440878639901725933e+00 -1.582152609959161396e+02
2.469426928087713691e+00 -1.582953636638875992e+02
2.497975216273687238e+00 -1.583933835559780903e+02
2.526523504459674996e+00 -1.585077538413309810e+02
2.555071792645662754e+00 -1.586684656744808706e+02
2.583620080831650512e+00 -1.588379457548734308e+02
2.612168369017638270e+00 -1.590034196394650508e+02
2.640716657203626028e+00 -1.591471588853362675e+02
2.669264945389599575e+00 -1.592670015222871029e+02
2.697813233575587333e+00 -1.593644054339776801e+02
2.726361521761575091e+00 -1.594178787276446485e+02
2.754909809947562849e+00 -1.594447337620672727e+02
2.783458098133550607e+00 -1.594598246723759587e+02
2.812006386319524154e+00 -1.594764311083462758e+02
2.840554674505511912e+00 -1.595060404712637308e+02
2.869102962691499670e+00 -1.595559178661977171e+02
2.897651250877487428e+00 -1.596423606875850396e+02
2.926199539063460975e+00 -1.597725191757308210e+02
2.954747827249462944e+00 -1.599297233524251567e+02
2.983296115435436491e+00 -1.601024804924460625e+02
3.011844403621424249e+00 -1.602755002941750035e+02
3.040392691807412007e+00 -1.604322837757793536e+02
3.068940979993399765e+00 -1.605574976443189428e+02
3.097489268179373312e+00 -1.606380928348523014e+02
3.126037556365361070e+00 -1.606871180134672272e+02
3.154585844551348828e+00 -1.607059960857561975e+02
3.183134132737336586e+00 -1.606795179032678504e+02
3.211682420923324344e+00 -1.606463003078028180e+02
3.240230709109297891e+00 -1.606218173375853269e+02
3.268778997295285649e+00 -1.606336787149266456e+02
3.297327285481287618e+00 -1.606833407362279615e+02
3.325875573667261165e+00 -1.607712644558853299e+02
3.354423861853248923e+00 -1.608925311381278505e+02
3.382972150039236681e+00 -1.610358185739232795e+02
3.411520438225210228e+00 -1.611845601198454858e+02
3.440068726411197986e+00 -1.613196633147991577e+02
3.468617014597185744e+00 -1.614232160830409271e+02
3.497165302783173502e+00 -1.614829951913700086e+02
3.525713590969147049e+00 -1.614910459955307829e+02
3.554261879155149018e+00 -1.614612822294789112e+02
3.582810167341122565e+00 -1.614205347566101807e+02
3.611358455527110323e+00 -1.613391509956340997e+02
3.639906743713098081e+00 -1.612631119002192577e+02
3.668455031899071628e+00 -1.612126732480550402e+02
3.697003320085073597e+00 -1.611983629173360271e+02
3.725551608271047144e+00 -1.612240167550841647e+02
3.754099896457034902e+00 -1.612865093067954945e+02
3.782648184643022660e+00 -1.613760971919216445e+02
3.811196472829010418e+00 -1.614771714708070931e+02
3.839744761014983965e+00 -1.615710068538063808e+02
3.868293049200971723e+00 -1.616385412924227012e+02
3.896841337386973692e+00 -1.616653862713292824e+02
3.925389625572947239e+00 -1.616450861569180688e+02
3.953937913758934997e+00 -1.615815428367496907e+02
3.982486201944922755e+00 -1.614856893165616043e+02
4.011034490130896302e+00 -1.613847282018486169e+02
4.039582778316884060e+00 -1.612884174555829304e+02
4.068131066502871818e+00 -1.611786806247657751e+02
4.096679354688859576e+00 -1.610970745518361014e+02
4.125227642874847334e+00 -1.610482491025272793e+02
4.153775931060835092e+00 -1.610304073594649026e+02
4.182324219246808639e+00 -1.610360725544275624e+02
4.210872507432796397e+00 -1.610507042748365052e+02
4.239420795618784155e+00 -1.610584366753680001e+02
4.267969083804757702e+00 -1.610423481341552758e+02
4.296517371990759671e+00 -1.609891602091282437e+02
4.325065660176747429e+00 -1.608918574894862559e+02
4.353613948362720976e+00 -1.607565934881160388e+02
4.382162236548708734e+00 -1.605857734964918393e+02
4.410710524734696492e+00 -1.603929584491234266e+02
4.439258812920670039e+00 -1.601938665549917573e+02
4.467807101106657797e+00 -1.600072619684877964e+02
4.496355389292659765e+00 -1.598150442658502186e+02
4.524903677478633313e+00 -1.596355726185670107e+02
4.553451965664621071e+00 -1.594732076675402368e+02
4.582000253850608829e+00 -1.593233938055428780e+02
4.610548542036582376e+00 -1.591780965951494693e+02
4.639096830222570134e+00 -1.590258017751006321e+02
4.667645118408557892e+00 -1.588622361370171916e+02
4.696193406594545650e+00 -1.586780556520792516e+02
4.724741694780533408e+00 -1.584711324621556514e+02
4.753289982966521166e+00 -1.582415937053251298e+02
4.781838271152494713e+00 -1.579941166882451284e+02
4.810386559338482471e+00 -1.577360137192307263e+02
4.838934847524470229e+00 -1.574754989005535037e+02
4.867483135710443776e+00 -1.572192462618089053e+02
4.896031423896445745e+00 -1.569728326307948691e+02
4.924579712082433502e+00 -1.567406632536792301e+02
4.953128000268407050e+00 -1.565146615216042960e+02
4.981676288454394808e+00 -1.563011517386935338e+02
5.010224576640382566e+00 -1.560973942881741436e+02
5.038772864826356113e+00 -1.558988554142222256e+02
5.067321153012343871e+00 -1.557008952152162635e+02
5.095869441198345839e+00 -1.555024613694806703e+02
5.124417729384319387e+00 -1.553000298265083075e+02
5.152966017570307145e+00 -1.550934488826428606e+02
5.181514305756294902e+00 -1.548839425957226581e+02
5.210062593942268450e+00 -1.546740916948029394e+02
5.238610882128270418e+00 -1.544670110414701298e+02
5.267159170314243966e+00 -1.542660789273336945e+02
5.295707458500231724e+00 -1.540738291295344879e+02
5.324255746686219481e+00 -1.538955498933848389e+02
5.352804034872207239e+00 -1.538103258837001590e+02
5.381352323058180787e+00 -1.533055182394783742e+02
5.409900611244168545e+00 -1.526468971860363695e+02
5.438448899430170513e+00 -1.519842765792844261e+02
5.466997187616129850e+00 -1.513278974757999151e+02
5.495545475802131818e+00 -1.506893181953322767e+02
5.524093763988119576e+00 -1.500783045132906182e+02
5.552642052174093124e+00 -1.495049055044103739e+02
5.581190340360080882e+00 -1.489781252390035888e+02
5.609738628546068639e+00 -1.485061250610493175e+02
5.638286916732056397e+00 -1.480961889062857608e+02
5.666835204918029945e+00 -1.477548724371744129e+02
5.695383493104031913e+00 -1.474880288615240147e+02
5.723931781290005461e+00 -1.473018127220125848e+02
5.752480069475993218e+00 -1.472005394635821176e+02
5.781028357661980976e+00 -1.471898571177785300e+02
5.809576645847954524e+00 -1.472734153253973091e+02
5.838124934033956492e+00 -1.473530862798221506e+02
5.866673222219930040e+00 -1.475056474806891345e+02
5.895221510405917797e+00 -1.477055398370559089e+02
5.923769798591905555e+00 -1.479765834639317177e+02
5.952318086777893313e+00 -1.482838163426165465e+02
5.980866374963866861e+00 -1.486038676402769170e+02
6.009414663149854618e+00 -1.488926703339303117e+02
6.037962951335856587e+00 -1.491536155819173075e+02
6.066511239521830134e+00 -1.493431238095882634e+02
6.095059527707817892e+00 -1.494399035950607981e+02
6.123607815893805650e+00 -1.494619298781899488e+02
6.152156104079779197e+00 -1.494148470709556591e+02
6.180704392265766955e+00 -1.493312037157534746e+02
6.209252680451754713e+00 -1.492210176077863650e+02
6.237800968637742471e+00 -1.491730378098166341e+02
6.266349256823730229e+00 -1.490712019870406664e+02
6.294897545009717987e+00 -1.489854451664675707e+02
6.323445833195691534e+00 -1.489425507925564318e+02
6.351994121381679292e+00 -1.489425246854266902e+02
6.380542409567667050e+00 -1.489971252647333699e+02
6.409090697753640598e+00 -1.490732764452823744e+02
6.437638985939642566e+00 -1.491590333808046012e+02
6.466187274125630324e+00 -1.492473360274851757e+02
6.494735562311603871e+00 -1.493145030525787718e+02
6.523283850497591629e+00 -1.493542651773618104e+02
6.551832138683579387e+00 -1.493538676286258067e+02
6.580380426869552934e+00 -1.493450914649043000e+02
6.608928715055540692e+00 -1.493209841308401451e+02
6.637477003241542661e+00 -1.493110589267078865e+02
6.666025291427516208e+00 -1.493150172693944739e+02
6.694573579613503966e+00 -1.493548900789913318e+02
6.723121867799491724e+00 -1.493530582283223680e+02
6.751670155985465271e+00 -1.493780415902148491e+02
6.780218444171453029e+00 -1.494396787161595341e+02
6.808766732357440787e+00 -1.495157968223725504e+02
6.837315020543428545e+00 -1.496007403613518818e+02
6.865863308729416303e+00 -1.496764866087148675e+02
6.894411596915404061e+00 -1.497347217677984190e+02
6.922959885101377608e+00 -1.497593865435911482e+02
6.951508173287365366e+00 -1.497558269486473534e+02
6.980056461473353124e+00 -1.497235803032497756e+02
7.008604749659326671e+00 -1.496645315359813253e+02
7.037153037845328640e+00 -1.496034623240228996e+02
7.065701326031316398e+00 -1.495515216083196606e+02
7.094249614217289945e+00 -1.495331918700358642e+02
7.122797902403277703e+00 -1.495568768318263437e+02
7.151346190589265461e+00 -1.495570851915011872e+02
7.179894478775253219e+00 -1.495775754307786656e+02
7.208442766961226766e+00 -1.496195331348742172e+02
7.236991055147228735e+00 -1.496753388687167217e+02
7.265539343333202282e+00 -1.497305452234673453e+02
7.294087631519190040e+00 -1.497761231906065973e+02
7.322635919705177798e+00 -1.497935728961924440e+02
7.351184207891151345e+00 -1.497878657268861673e+02
7.379732496077153314e+00 -1.497423038231628993e+02
7.408280784263126861e+00 -1.496838891828327007e+02
7.436829072449114619e+00 -1.496185586182182305e+02
7.465377360635102377e+00 -1.495482343258139792e+02
7.493925648821090135e+00 -1.494985046661034858e+02
7.522473937007063682e+00 -1.494764003514831359e+02
7.551022225193051440e+00 -1.494832716825853254e+02
7.579570513379053409e+00 -1.495177650098647177e+02
7.608118801565012745e+00 -1.495427262285518850e+02
7.636667089751014714e+00 -1.495855241293261599e+02
7.665215377937002472e+00 -1.496339040444557895e+02
7.693763666122976019e+00 -1.496803783042624332e+02
7.722311954308963777e+00 -1.497050266145636499e+02
7.750860242494951535e+00 -1.497136682976247073e+02
7.779408530680939293e+00 -1.496903207968143761e+02
7.807956818866912840e+00 -1.496518776884720978e+02
7.836505107052914809e+00 -1.495973610928886046e+02
7.865053395238888356e+00 -1.495313235851081117e+02
7.893601683424876114e+00 -1.494833325876568324e+02
7.922149971610863872e+00 -1.494516188325087853e+02
7.950698259796837419e+00 -1.494443049208239245e+02
7.979246547982839388e+00 -1.494616889742337094e+02
8.007794836168827146e+00 -1.495070714964124932e+02
8.036343124354800693e+00 -1.495584358327859604e+02
8.064891412540788451e+00 -1.496123040363991379e+02
8.093439700726776209e+00 -1.496692212849727923e+02
8.121987988912749756e+00 -1.497079107503086561e+02
8.150536277098737514e+00 -1.497390038107615169e+02
8.179084565284739483e+00 -1.497415617200446150e+02
8.207632853470713030e+00 -1.497290585119145874e+02
8.236181141656700788e+00 -1.496992757718423377e+02
8.264729429842688546e+00 -1.496600232280493401e+02
8.293277718028662093e+00 -1.496151573689319889e+02
8.321826006214649851e+00 -1.495894737646463284e+02
8.350374294400637609e+00 -1.495801352377575881e+02
8.378922582586625367e+00 -1.495959546930319277e+02
8.407470870772613125e+00 -1.496357903644854730e+02
8.436019158958600883e+00 -1.496946409127528739e+02
8.464567447144574430e+00 -1.497700949966313146e+02
8.493115735330562188e+00 -1.498410163276569733e+02
8.521664023516549946e+00 -1.499045500017701897e+02
8.550212311702523493e+00 -1.499605722797199121e+02
8.578760599888525462e+00 -1.499909833582225644e+02
8.607308888074513220e+00 -1.500023585123588248e+02
8.635857176260486767e+00 -1.499992356114511267e+02
8.664405464446474525e+00 -1.499828232138125088e+02
8.692953752632462283e+00 -1.499570216671339722e+02
8.721502040818435830e+00 -1.499409621665339216e+02
8.750050329004423588e+00 -1.499369137680716619e+02
8.778598617190411346e+00 -1.499554184513536939e+02
8.807146905376399104e+00 -1.499968154940312388e+02
8.835695193562386862e+00 -1.500607540439145566e+02
8.864243481748374620e+00 -1.501437301715039325e+02
8.892791769934348167e+00 -1.502343646653847884e+02
8.921340058120335925e+00 -1.503216665843788178e+02
8.949888346306323683e+00 -1.504024338111258317e+02
8.978436634492311441e+00 -1.504680769925068375e+02
9.006984922678299199e+00 -1.505048660348964518e+02
9.035533210864286957e+00 -1.505263689299379166e+02
9.064081499050260504e+00 -1.505268598891607326e+02
9.092629787236248262e+00 -1.505248379003326420e+02
9.121178075422236020e+00 -1.505215034533889877e+02
9.149726363608209567e+00 -1.505251961626536854e+02
9.178274651794211536e+00 -1.505466946755873323e+02
9.206822939980185083e+00 -1.505940959904000351e+02
9.235371228166172841e+00 -1.506633065178416189e+02
9.263919516352160599e+00 -1.507562193539723410e+02
9.292467804538148357e+00 -1.508546982475130278e+02
9.321016092724136115e+00 -1.509647208785352461e+02
9.349564380910109662e+00 -1.510692474097244542e+02
9.378112669096097420e+00 -1.511618449015032866e+02
9.406660957282085178e+00 -1.512252706533582796e+02
9.435209245468072936e+00 -1.512748285896770426e+02
9.463757533654060694e+00 -1.512953338733179578e+02
9.492305821840034241e+00 -1.513073069735750380e+02
9.520854110026036210e+00 -1.513093023206137104e+02
9.549402398212009757e+00 -1.513194572497757804e+02
9.577950686397997515e+00 -1.513411839756624602e+02
9.606498974583985273e+00 -1.513872417412647167e+02
9.635047262769958820e+00 -1.514580880381377028e+02
9.663595550955946578e+00 -1.515548335741214032e+02
9.692143839141934336e+00 -1.516728248115513509e+02
9.720692127327922094e+00 -1.517911806381653719e+02
9.749240415513895641e+00 -1.519221416659872830e+02
9.777788703699897610e+00 -1.520260323062784664e+02
9.806336991885871157e+00 -1.521220817105316314e+02
9.834885280071858915e+00 -1.521929109318355700e+02
9.863433568257846673e+00 -1.522296435734573095e+02
9.891981856443834431e+00 -1.522474076108392751e+02
9.920530144629822189e+00 -1.522568783794985734e+02
9.949078432815809947e+00 -1.522618999367380752e+02
9.977626721001783494e+00 -1.522786145140930216e+02
1.000617500918777125e+01 -1.523051391899929001e+02
1.003472329737375901e+01 -1.523679877997396090e+02
1.006327158555973256e+01 -1.524582696323122946e+02
1.009181987374572032e+01 -1.525750698890653894e+02
1.012036816193172228e+01 -1.526964849735798850e+02
1.014891645011769583e+01 -1.528372520431500163e+02
1.017746473830368359e+01 -1.529596596062241360e+02
1.020601302648967135e+01 -1.530761248248828110e+02
1.023456131467564489e+01 -1.531481410153982097e+02
1.026310960286163265e+01 -1.531999412784424806e+02
1.029165789104762041e+01 -1.532139323608996335e+02
1.032020617923360817e+01 -1.532099500927966744e+02
1.034875446741959593e+01 -1.531997173506719037e+02
1.037730275560558368e+01 -1.531924286844380276e+02
1.040585104379155723e+01 -1.531932188600620464e+02
1.043439933197754499e+01 -1.532291344429251581e+02
1.046294762016353275e+01 -1.532952653713438167e+02
1.049149590834950629e+01 -1.533894114199846115e+02
1.052004419653550826e+01 -1.534931775027899334e+02
1.054859248472149602e+01 -1.536208464403333949e+02
1.057714077290746957e+01 -1.537358250287708756e+02
1.060568906109345733e+01 -1.538459138356371056e+02
1.063423734927944508e+01 -1.539252927947145508e+02
1.066278563746541863e+01 -1.539692083109387113e+02
1.069133392565140639e+01 -1.539732928221860959e+02
1.071988221383740836e+01 -1.539401614067020887e+02
1.074843050202338191e+01 -1.538965591991780855e+02
1.077697879020936966e+01 -1.538532988638992265e+02
1.080552707839535742e+01 -1.538221231611175881e+02
1.083407536658133097e+01 -1.538015865603773022e+02
1.086262365476731873e+01 -1.538200137386547226e+02
1.089117194295330648e+01 -1.538556592224252029e+02
1.091972023113929424e+01 -1.539275266194982521e+02
1.094826851932528200e+01 -1.540047266475593517e+02
1.097681680751126976e+01 -1.540944017736332512e+02
1.100536509569724331e+01 -1.541727474368038315e+02
1.103391338388323106e+01 -1.542222455663074356e+02
1.106246167206921882e+01 -1.542471859504056226e+02
1.109100996025519237e+01 -1.542329274854145353e+02
1.111955824844119434e+01 -1.541890294262215946e+02
1.114810653662718209e+01 -1.541128378932889689e+02
1.117665482481315564e+01 -1.540297743800062165e+02
1.120520311299914340e+01 -1.539514410880111654e+02
1.123375140118513116e+01 -1.538828577916858080e+02
1.126229968937111892e+01 -1.538462188858183026e+02
1.129084797755709246e+01 -1.538282239973007108e+02
1.131939626574309443e+01 -1.538426524383752962e+02
1.134794455392906798e+01 -1.538687951318499927e+02
1.137649284211505574e+01 -1.539130409883032087e+02
1.140504113030104349e+01 -1.539452691813917511e+02
1.143358941848701704e+01 -1.539672348247059119e+02
1.146213770667301901e+01 -1.539589869907814261e+02
1.149068599485899256e+01 -1.539275969614632231e+02
1.151923428304498032e+01 -1.538662312840304196e+02
1.154778257123096807e+01 -1.537836761824493976e+02
1.157633085941695583e+01 -1.536939007513353204e+02
1.160487914760292938e+01 -1.535824072329778573e+02
1.163342743578891714e+01 -1.534884628735634919e+02
1.166197572397491911e+01 -1.534082576041848824e+02
1.169052401216087844e+01 -1.533556025985971587e+02
1.171907230034688041e+01 -1.533321505220321228e+02
1.174762058853286817e+01 -1.533194526311170307e+02
1.177616887671884172e+01 -1.533161771244099327e+02
1.180471716490482947e+01 -1.533240031531153136e+02
1.183326545309081723e+01 -1.533165867180745749e+02
1.186181374127680499e+01 -1.533001463575564287e+02
1.189036202946279275e+01 -1.532587192513134084e+02
1.191891031764878051e+01 -1.531984358070396581e+02
1.194745860583475405e+01 -1.531160060618597072e+02
1.197600689402074181e+01 -1.530244713397253804e+02
1.200455518220672957e+01 -1.529294169298289034e+02
1.203310347039270312e+01 -1.528326428257798852e+02
1.206165175857870508e+01 -1.527405647031729643e+02
1.209020004676469284e+01 -1.526770834835384676e+02
1.211874833495066639e+01 -1.526242171874081919e+02
1.214729662313665415e+01 -1.525887821674922975e+02
1.217584491132264191e+01 -1.525746925186878684e+02
1.220439319950861545e+01 -1.525611522507017810e+02
1.223294148769460321e+01 -1.525515726945669712e+02
1.226148977588060518e+01 -1.525266747383167854e+02
1.229003806406657873e+01 -1.524903591688511710e+02
1.231858635225256648e+01 -1.524463627118150839e+02
1.234713464043855424e+01 -1.523801571780500126e+02
1.237568292862452779e+01 -1.523000180172357716e+02
1.240423121681051555e+01 -1.522155022656181416e+02
1.243277950499650331e+01 -1.521312497483571633e+02
1.246132779318249106e+01 -1.520667015036766543e+02
1.248987608136847882e+01 -1.519934398268229643e+02
1.251842436955446658e+01 -1.519369318129013209e+02
1.254697265774044013e+01 -1.519019806246466260e+02
1.257552094592642788e+01 -1.518743607026420079e+02
1.260406923411241564e+01 -1.518619186912319208e+02
1.263261752229838919e+01 -1.518513556591233851e+02
1.266116581048439116e+01 -1.518375674281141698e+02
1.268971409867037892e+01 -1.518146491673579135e+02
1.271826238685635246e+01 -1.517870851894064401e+02
1.274681067504234022e+01 -1.517412798263532352e+02
1.277535896322832798e+01 -1.516828589172180273e+02
1.280390725141430153e+01 -1.516173498183061099e+02
1.283245553960028928e+01 -1.515565478076945567e+02
1.286100382778629125e+01 -1.514916812262927124e+02
1.288955211597226480e+01 -1.514407105863594722e+02
1.291810040415825256e+01 -1.513941023968951072e+02
1.294664869234424032e+01 -1.513622158992356503e+02
1.297519698053021386e+01 -1.513377784226952940e+02
1.300374526871620162e+01 -1.513285167163883500e+02
1.303229355690218938e+01 -1.513236082561297167e+02
1.306084184508817714e+01 -1.513204826261818994e+02
1.308939013327416490e+01 -1.513185432225799900e+02
1.311793842146015265e+01 -1.513041257731107407e+02
1.314648670964612620e+01 -1.512795949806768476e+02
1.317503499783211396e+01 -1.512450821858189158e+02
1.320358328601811593e+01 -1.512056095169171215e+02
1.323213157420407526e+01 -1.511579208291373959e+02
1.326067986239007723e+01 -1.511153576676745161e+02
1.328922815057606499e+01 -1.510720470917560192e+02
1.331777643876203854e+01 -1.510393456562076153e+02
1.334632472694802630e+01 -1.510165905945823965e+02
1.337487301513401405e+01 -1.510032008219189663e+02
1.340342130332000181e+01 -1.510009564764081063e+02
1.343196959150597536e+01 -1.510047995692735299e+02
1.346051787969197733e+01 -1.510164128572589846e+02
1.348906616787795087e+01 -1.510246432795198928e+02
1.351761445606393863e+01 -1.510293558483218987e+02
1.354616274424992639e+01 -1.510261950478476365e+02
1.357471103243589994e+01 -1.510193979694963957e+02
1.360325932062190191e+01 -1.509998369632108108e+02
1.363180760880787545e+01 -1.509783677941627218e+02
1.366035589699386321e+01 -1.509470228209130482e+02
1.368890418517985097e+01 -1.509237511338816660e+02
1.371745247336583873e+01 -1.509023145462570596e+02
1.374600076155181227e+01 -1.508897400732124368e+02
1.377454904973780003e+01 -1.508865066418561014e+02
1.380309733792380200e+01 -1.508931951136033263e+02
1.383164562610976134e+01 -1.509113308561107090e+02
1.386019391429576331e+01 -1.509318671455395986e+02
1.388874220248175106e+01 -1.509553088664295615e+02
1.391729049066772461e+01 -1.509778183931320541e+02
1.394583877885371237e+01 -1.509996387498586330e+02
1.397438706703970013e+01 -1.510068840566726465e+02
1.400293535522568789e+01 -1.510142731348180689e+02
1.403148364341167564e+01 -1.510114316953510354e+02
1.406003193159766340e+01 -1.510030102607620108e+02
1.408858021978363695e+01 -1.509967998795143842e+02
1.411712850796962471e+01 -1.509888951386760994e+02
1.414567679615561246e+01 -1.509893850006401976e+02
1.417422508434158601e+01 -1.509959476638323963e+02
1.420277337252758798e+01 -1.510137593036494934e+02
1.423132166071357574e+01 -1.510396877651966747e+02
1.425986994889954929e+01 -1.510733951856369686e+02
