-6.000000000000000000e+01 -1.471168398396060866e+02
-5.877551020408163396e+01 -1.471168398394262908e+02
-5.755102040816326792e+01 -1.471168398391879180e+02
-5.632653061224489477e+01 -1.471168398388719254e+02
-5.510204081632652873e+01 -1.471168398384530178e+02
-5.387755102040816269e+01 -1.471168398378976292e+02
-5.265306122448979664e+01 -1.471168398371613932e+02
-5.142857142857143060e+01 -1.471168398361853349e+02
-5.020408163265305745e+01 -1.471168398348913513e+02
-4.897959183673469141e+01 -1.471168398331759022e+02
-4.775510204081632537e+01 -1.471168398309017675e+02
-4.653061224489795933e+01 -1.471168398278868494e+02
-4.530612244897959329e+01 -1.471168398238899613e+02
-4.408163265306122014e+01 -1.471168398185912736e+02
-4.285714285714286120e+01 -1.471168398115667060e+02
-4.163265306122448806e+01 -1.471168398022541339e+02
-4.040816326530612201e+01 -1.471168397899083971e+02
-3.918367346938775597e+01 -1.471168397735415283e+02
-3.795918367346938282e+01 -1.471168397518437416e+02
-3.673469387755102389e+01 -1.471168397230787548e+02
-3.551020408163265074e+01 -1.471168396849446651e+02
-3.428571428571428470e+01 -1.471168396343899190e+02
-3.306122448979591866e+01 -1.471168395673688849e+02
-3.183673469387754906e+01 -1.471168394785183295e+02
-3.061224489795918302e+01 -1.471168393607281644e+02
-2.938775510204081698e+01 -1.471168392045723863e+02
-2.816326530612244738e+01 -1.471168389975549360e+02
-2.693877551020408134e+01 -1.471168387231095380e+02
-2.571428571428571530e+01 -1.471168383592741975e+02
-2.448979591836734926e+01 -1.471168378769336016e+02
-2.326530612244897611e+01 -1.471168372374892499e+02
-2.204081632653061007e+01 -1.471168363897707536e+02
-2.081632653061224403e+01 -1.471168352659409777e+02
-1.959183673469387799e+01 -1.471168337760675229e+02
-1.836734693877551194e+01 -1.471168318009261498e+02
-1.714285714285713880e+01 -1.460830781965774463e+02
-1.591836734693877276e+01 -1.448585965784729410e+02
-1.469387755102040671e+01 -1.436341129511879160e+02
-1.346938775510204067e+01 -1.424096278083495690e+02
-1.224489795918367463e+01 -1.411851415223086121e+02
-1.102040816326530148e+01 -1.399606543739347728e+02
-9.795918367346935440e+00 -1.387361665750921134e+02
-8.571428571428569398e+00 -1.375116782855925521e+02
-7.346938775510203357e+00 -1.362871896259843254e+02
-6.122448979591837315e+00 -1.350627006871985145e+02
-4.897959183673471273e+00 -1.338382115378256572e+02
-3.673469387755098126e+00 -1.326137222296043774e+02
-2.448979591836732084e+00 -1.313892328015618034e+02
-1.224489795918366042e+00 -1.301647432831366018e+02
0.000000000000000000e+00 -1.289402536965346826e+02
