-6.000000000000000000e+01 -1.376630563988678944e+02
-5.877551020408163396e+01 -1.376630563657920732e+02
-5.755102040816326792e+01 -1.376630563219430883e+02
-5.632653061224489477e+01 -1.376630562638119954e+02
-5.510204081632652873e+01 -1.376630561867469567e+02
-5.387755102040816269e+01 -1.376630560845809441e+02
-5.265306122448979664e+01 -1.376630559491382826e+02
-5.142857142857143060e+01 -1.376630557695804669e+02
-5.020408163265305745e+01 -1.376630555315385891e+02
-4.897959183673469141e+01 -1.376630552159638228e+02
-4.775510204081632537e+01 -1.376630547976027970e+02
-4.653061224489795933e+01 -1.376630542429768980e+02
-4.530612244897959329e+01 -1.376630535077031254e+02
-4.408163265306122014e+01 -1.376630525329425154e+02
-4.285714285714286120e+01 -1.376630512406916580e+02
-4.163265306122448806e+01 -1.376630495275406076e+02
-4.040816326530612201e+01 -1.376630472563978174e+02
-3.918367346938775597e+01 -1.376630442455198420e+02
-3.795918367346938282e+01 -1.376630402539678926e+02
-3.673469387755102389e+01 -1.376630349623277709e+02
-3.551020408163265074e+01 -1.376630279471502831e+02
-3.428571428571428470e+01 -1.376630186470672186e+02
-3.306122448979591866e+01 -1.376630063178720604e+02
-3.183673469387754906e+01 -1.376629899729719000e+02
-3.061224489795918302e+01 -1.376629683044467924e+02
-2.938775510204081698e+01 -1.376629395784034955e+02
-2.816326530612244738e+01 -1.376629014962543067e+02
-2.693877551020408134e+01 -1.376628510108310479e+02
-2.571428571428571530e+01 -1.376627840826363922e+02
-2.448979591836734926e+01 -1.376626953567580927e+02
-2.326530612244897611e+01 -1.376625777346471295e+02
-2.204081632653061007e+01 -1.376624218065886112e+02
-2.081632653061224403e+01 -1.376622150996193739e+02
-1.959183673469387799e+01 -1.376619410810070860e+02
-1.836734693877551194e+01 -1.376615778380696327e+02
-1.714285714285713880e+01 -1.376610963296107570e+02
-1.591836734693877276e+01 -1.376604580706627985e+02
-1.469387755102040671e+01 -1.376596120681007847e+02
-1.346938775510204067e+01 -1.376584907668873257e+02
-1.224489795918367463e+01 -1.376570046912926273e+02
-1.102040816326530148e+01 -1.376550353675812630e+02
-9.795918367346935440e+00 -1.376524259886489006e+02
-8.571428571428569398e+00 -1.376489691205090935e+02
-7.346938775510203357e+00 -1.376443905488795281e+02
-6.122448979591837315e+00 -1.376383281162259777e+02
-4.897959183673471273e+00 -1.370781182197359840e+02
-3.673469387755098126e+00 -1.358537395720062761e+02
-2.448979591836732084e+00 -1.346293336183832423e+02
-1.224489795918366042e+00 -1.334049070667858814e+02
0.000000000000000000e+00 -1.321804649774275617e+02
