-6.000000000000000000e+01 -1.532436626239915540e+02
-5.877551020408163396e+01 -1.532436617138966710e+02
-5.755102040816326792e+01 -1.532436605073738463e+02
-5.632653061224489477e+01 -1.532436589078733107e+02
-5.510204081632652873e+01 -1.532436567873982085e+02
-5.387755102040816269e+01 -1.532436539762618395e+02
-5.265306122448979664e+01 -1.532436502495092441e+02
-5.142857142857143060e+01 -1.532436453089158874e+02
-5.020408163265305745e+01 -1.532436387591237690e+02
-4.897959183673469141e+01 -1.532436300760051324e+02
-4.775510204081632537e+01 -1.532436185647228513e+02
-4.653061224489795933e+01 -1.532436033041321650e+02
-4.530612244897959329e+01 -1.532435830730762802e+02
-4.408163265306122014e+01 -1.532435562526808610e+02
-4.285714285714286120e+01 -1.532435206968331158e+02
-4.163265306122448806e+01 -1.532434735604904574e+02
-4.040816326530612201e+01 -1.532434110720939202e+02
-3.918367346938775597e+01 -1.532433282319024386e+02
-3.795918367346938282e+01 -1.532432184121550165e+02
-3.673469387755102389e+01 -1.532430728271486373e+02
-3.551020408163265074e+01 -1.532428798309742319e+02
-3.428571428571428470e+01 -1.532426239869733422e+02
-3.306122448979591866e+01 -1.532422848349067976e+02
-3.183673469387754906e+01 -1.532418352579836096e+02
-3.061224489795918302e+01 -1.532412393204839418e+02
-2.938775510204081698e+01 -1.532404494054106294e+02
-2.816326530612244738e+01 -1.532394024274596518e+02
-2.693877551020408134e+01 -1.532380148258802137e+02
-2.571428571428571530e+01 -1.532361759499007690e+02
-2.448979591836734926e+01 -1.532337393308119999e+02
-2.326530612244897611e+01 -1.532305111832455395e+02
-2.204081632653061007e+01 -1.532262352870935445e+02
-2.081632653061224403e+01 -1.529965297107626725e+02
-1.959183673469387799e+01 -1.517721047748800913e+02
-1.836734693877551194e+01 -1.505476639043063756e+02
-1.714285714285713880e+01 -1.493232110137275299e+02
-1.591836734693877276e+01 -1.480987490561574020e+02
-1.469387755102040671e+01 -1.468742802591574161e+02
-1.346938775510204067e+01 -1.456498063030424532e+02
-1.224489795918367463e+01 -1.444253284553162189e+02
-1.102040816326530148e+01 -1.432008476720843930e+02
-9.795918367346935440e+00 -1.419763646745560379e+02
-8.571428571428569398e+00 -1.407518800067519464e+02
-7.346938775510203357e+00 -1.395273940790357585e+02
-6.122448979591837315e+00 -1.383029072009509832e+02
-4.897959183673471273e+00 -1.370784196059908595e+02
-3.673469387755098126e+00 -1.358539314702824470e+02
-2.448979591836732084e+00 -1.346294429266807811e+02
-1.224489795918366042e+00 -1.334049540754002123e+02
0.000000000000000000e+00 -1.321804649920335919e+02
