-6.000000000000000000e+01 -1.822008050898726310e+02
-5.333333333333333570e+01 -1.812479182004610720e+02
-4.666666666666666430e+01 -1.747086953827664217e+02
-4.000000000000000000e+01 -1.680699822626042135e+02
-3.333333333333332860e+01 -1.614093616349125000e+02
-2.666666666666666430e+01 -1.547439986506242633e+02
-2.000000000000000000e+01 -1.480776129050576344e+02
-1.333333333333332860e+01 -1.414110067633864958e+02
-6.666666666666664298e+00 -1.347443531365452714e+02
0.000000000000000000e+00 -1.280776892792289630e+02
