-6.000000000000000000e+01 -1.828412379879225682e+02
-5.877551020408163396e+01 -1.828350637712770492e+02
-5.755102040816326792e+01 -1.828268920504837070e+02
-5.632653061224489477e+01 -1.824676160641820672e+02
-5.510204081632652873e+01 -1.812827929031506073e+02
-5.387755102040816269e+01 -1.800884656865219426e+02
-5.265306122448979664e+01 -1.788868673017985884e+02
-5.142857142857143060e+01 -1.776797249598702422e+02
-5.020408163265305745e+01 -1.764683665578945693e+02
-4.897959183673469141e+01 -1.752538082669983339e+02
-4.775510204081632537e+01 -1.740368249804016614e+02
-4.653061224489795933e+01 -1.728180060316079221e+02
-4.530612244897959329e+01 -1.715977987284784660e+02
-4.408163265306122014e+01 -1.703765420646607822e+02
-4.285714285714286120e+01 -1.691544926526364634e+02
-4.163265306122448806e+01 -1.679318445753346793e+02
-4.040816326530612201e+01 -1.667087445268258250e+02
-3.918367346938775597e+01 -1.654853033283922059e+02
-3.795918367346938282e+01 -1.642616046696981016e+02
-3.673469387755102389e+01 -1.630377117334570016e+02
-3.551020408163265074e+01 -1.618136722102390763e+02
-3.428571428571428470e+01 -1.605895220913157857e+02
-3.306122448979591866e+01 -1.593652885354125033e+02
-3.183673469387754906e+01 -1.581409920344176498e+02
-3.061224489795918302e+01 -1.569166480488733555e+02
-2.938775510204081698e+01 -1.556922682427099289e+02
-2.816326530612244738e+01 -1.544678614152274463e+02
-2.693877551020408134e+01 -1.532434342044451796e+02
-2.571428571428571530e+01 -1.520189916178431133e+02
-2.448979591836734926e+01 -1.507945374328184016e+02
-2.326530612244897611e+01 -1.495700744988178883e+02
-2.204081632653061007e+01 -1.483456049652766069e+02
-2.081632653061224403e+01 -1.471211304535750912e+02
-1.959183673469387799e+01 -1.458966521867605763e+02
-1.836734693877551194e+01 -1.446721710874039388e+02
-1.714285714285713880e+01 -1.434476878514180100e+02
-1.591836734693877276e+01 -1.422232030037420145e+02
-1.469387755102040671e+01 -1.409987169403459859e+02
-1.346938775510204067e+01 -1.397742299599161697e+02
-1.224489795918367463e+01 -1.385497422877558051e+02
-1.102040816326530148e+01 -1.373252540938142943e+02
-9.795918367346935440e+00 -1.361007655062867343e+02
-8.571428571428569398e+00 -1.348762766218722504e+02
-7.346938775510203357e+00 -1.336517875135123461e+02
-6.122448979591837315e+00 -1.324272982362276423e+02
-4.897959183673471273e+00 -1.312028088315209118e+02
-3.673469387755098126e+00 -1.299783193306982128e+02
-2.448979591836732084e+00 -1.287538297573740635e+02
-1.224489795918366042e+00 -1.275293401293612021e+02
0.000000000000000000e+00 -1.263048504600959632e+02
