-6.000000000000000000e+01 -1.771411176571074861e+02
-5.877551020408163396e+01 -1.771405488498436966e+02
-5.755102040816326792e+01 -1.771397948904183011e+02
-5.632653061224489477e+01 -1.771387955595800463e+02
-5.510204081632652873e+01 -1.771374710897247269e+02
-5.387755102040816269e+01 -1.771357158474470452e+02
-5.265306122448979664e+01 -1.771333899958879101e+02
-5.142857142857143060e+01 -1.771303085070259442e+02
-5.020408163265305745e+01 -1.771262267099452288e+02
-4.897959183673469141e+01 -1.771208213325695340e+02
-4.775510204081632537e+01 -1.771136657181843930e+02
-4.653061224489795933e+01 -1.771041975779124016e+02
-4.530612244897959329e+01 -1.770916772939910970e+02
-4.408163265306122014e+01 -1.762307314668352092e+02
-4.285714285714286120e+01 -1.750139272990355153e+02
-4.163265306122448806e+01 -1.737952438771878860e+02
-4.040816326530612201e+01 -1.725751390410312638e+02
-3.918367346938775597e+01 -1.713539598047576362e+02
-3.795918367346938282e+01 -1.701319688745225562e+02
-3.673469387755102389e+01 -1.689093649547752989e+02
-3.551020408163265074e+01 -1.676862982399306361e+02
-3.428571428571428470e+01 -1.664628821997705472e+02
-3.306122448979591866e+01 -1.652392025264014705e+02
-3.183673469387754906e+01 -1.640153239156515497e+02
-3.061224489795918302e+01 -1.627912952009606045e+02
-2.938775510204081698e+01 -1.615671532365399514e+02
-2.816326530612244738e+01 -1.603429258325300566e+02
-2.693877551020408134e+01 -1.591186339724684160e+02
-2.571428571428571530e+01 -1.578942934879123641e+02
-2.448979591836734926e+01 -1.566699163227438589e+02
-2.326530612244897611e+01 -1.554455114874851063e+02
-2.204081632653061007e+01 -1.542210857795120944e+02
-2.081632653061224403e+01 -1.529966443265261091e+02
-1.959183673469387799e+01 -1.517721909966180931e+02
-1.836734693877551194e+01 -1.505477287076517712e+02
-1.714285714285713880e+01 -1.493232596606728464e+02
-1.591836734693877276e+01 -1.480987855159942228e+02
-1.469387755102040671e+01 -1.468743075260312310e+02
-1.346938775510204067e+01 -1.456498266355079920e+02
-1.224489795918367463e+01 -1.444253435570481656e+02
-1.102040816326530148e+01 -1.432008588281962886e+02
-9.795918367346935440e+00 -1.419763728544309345e+02
-8.571428571428569398e+00 -1.407518859416106807e+02
-7.346938775510203357e+00 -1.395273983204491515e+02
-6.122448979591837315e+00 -1.383029101649766517e+02
-4.897959183673471273e+00 -1.370784216064667191e+02
-3.673469387755098126e+00 -1.358539327439406179e+02
-2.448979591836732084e+00 -1.346294436520913962e+02
-1.224489795918366042e+00 -1.334049543872609149e+02
0.000000000000000000e+00 -1.321804649919485541e+02
