-6.000000000000000000e+01 -1.828124269783548073e+02
-5.877551020408163396e+01 -1.828077169965277449e+02
-5.755102040816326792e+01 -1.828014807843165102e+02
-5.632653061224489477e+01 -1.827932271476966264e+02
-5.510204081632652873e+01 -1.827823093334141049e+02
-5.387755102040816269e+01 -1.827473293436043207e+02
-5.265306122448979664e+01 -1.815400488901391611e+02
-5.142857142857143060e+01 -1.803285855782057752e+02
-5.020408163265305745e+01 -1.791139477328006535e+02
-4.897959183673469141e+01 -1.778969041968172178e+02
-4.775510204081632537e+01 -1.766780396636390265e+02
-4.653061224489795933e+01 -1.754577978970836512e+02
-4.530612244897959329e+01 -1.742365151922451787e+02
-4.408163265306122014e+01 -1.730144461115916954e+02
-4.285714285714286120e+01 -1.717917831834301978e+02
-4.163265306122448806e+01 -1.705686719244348524e+02
-4.040816326530612201e+01 -1.693452222650667522e+02
-3.918367346938775597e+01 -1.681215172214949689e+02
-3.795918367346938282e+01 -1.668976194675306601e+02
-3.673469387755102389e+01 -1.656735763093735159e+02
-3.551020408163265074e+01 -1.644494234480751800e+02
-3.428571428571428470e+01 -1.632251878232827380e+02
-3.306122448979591866e+01 -1.620008897615390993e+02
-3.183673469387754906e+01 -1.607765445986116504e+02
-3.061224489795918302e+01 -1.595521639042819118e+02
-2.938775510204081698e+01 -1.583277564068152401e+02
-2.816326530612244738e+01 -1.571033286906389890e+02
-2.693877551020408134e+01 -1.558788857228026075e+02
-2.571428571428571530e+01 -1.546544312502027765e+02
-2.448979591836734926e+01 -1.534299680992778008e+02
-2.326530612244897611e+01 -1.522054984021060022e+02
-2.204081632653061007e+01 -1.509810237669750563e+02
-2.081632653061224403e+01 -1.497565454070556541e+02
-1.959183673469387799e+01 -1.485320642374685463e+02
-1.836734693877551194e+01 -1.473075809485067680e+02
-1.714285714285713880e+01 -1.460830960608703037e+02
-1.591836734693877276e+01 -1.448586099673316028e+02
-1.469387755102040671e+01 -1.436341229641647601e+02
-1.346938775510204067e+01 -1.424096352748535708e+02
-1.224489795918367463e+01 -1.411851470679749525e+02
-1.102040816326530148e+01 -1.399606584706887418e+02
-9.795918367346935440e+00 -1.387361695789132341e+02
-8.571428571428569398e+00 -1.375116804650008078e+02
-7.346938775510203357e+00 -1.362871911835277672e+02
-6.122448979591837315e+00 -1.350627017756617363e+02
-4.897959183673471273e+00 -1.338382122724559338e+02
-3.673469387755098126e+00 -1.326137226973341683e+02
-2.448979591836732084e+00 -1.313892330679653355e+02
-1.224489795918366042e+00 -1.301647433976772845e+02
0.000000000000000000e+00 -1.289402536965233992e+02
