-6.000000000000000000e+01 -1.335273102309971875e+02
-5.877551020408163396e+01 -1.335273102293965906e+02
-5.755102040816326792e+01 -1.335273102272746542e+02
-5.632653061224489477e+01 -1.335273102244615586e+02
-5.510204081632652873e+01 -1.335273102207322040e+02
-5.387755102040816269e+01 -1.335273102157881624e+02
-5.265306122448979664e+01 -1.335273102092338320e+02
-5.142857142857143060e+01 -1.335273102005446333e+02
-5.020408163265305745e+01 -1.335273101890252576e+02
-4.897959183673469141e+01 -1.335273101737539321e+02
-4.775510204081632537e+01 -1.335273101535085232e+02
-4.653061224489795933e+01 -1.335273101266689650e+02
-4.530612244897959329e+01 -1.335273100910874575e+02
-4.408163265306122014e+01 -1.335273100439166569e+02
-4.285714285714286120e+01 -1.335273099813817907e+02
-4.163265306122448806e+01 -1.335273098984786202e+02
-4.040816326530612201e+01 -1.335273097885729214e+02
-3.918367346938775597e+01 -1.335273096428696817e+02
-3.795918367346938282e+01 -1.335273094497092927e+02
-3.673469387755102389e+01 -1.335273091936343519e+02
-3.551020408163265074e+01 -1.335273088541529489e+02
-3.428571428571428470e+01 -1.335273084040985907e+02
-3.306122448979591866e+01 -1.335273078074565092e+02
-3.183673469387754906e+01 -1.335273070164814726e+02
-3.061224489795918302e+01 -1.335273059678770551e+02
-2.938775510204081698e+01 -1.335273045777306606e+02
-2.816326530612244738e+01 -1.335273027347984680e+02
-2.693877551020408134e+01 -1.335273002916035523e+02
-2.571428571428571530e+01 -1.335272970526343670e+02
-2.448979591836734926e+01 -1.335272927586998435e+02
-2.326530612244897611e+01 -1.335272870661885918e+02
-2.204081632653061007e+01 -1.335272795195732272e+02
-2.081632653061224403e+01 -1.335272695149596416e+02
-1.959183673469387799e+01 -1.335272562517652943e+02
-1.836734693877551194e+01 -1.335272386686602317e+02
-1.714285714285713880e+01 -1.335272153586477089e+02
-1.591836734693877276e+01 -1.335271844564920798e+02
-1.469387755102040671e+01 -1.335271434894921185e+02
-1.346938775510204067e+01 -1.335270891796704120e+02
-1.224489795918367463e+01 -1.335270171815694766e+02
-1.102040816326530148e+01 -1.335269217347087931e+02
-9.795918367346935440e+00 -1.335267952029545029e+02
-8.571428571428569398e+00 -1.335266274640526376e+02
-7.346938775510203357e+00 -1.335264051006710986e+02
-6.122448979591837315e+00 -1.335261103285594118e+02
-4.897959183673471273e+00 -1.335257195766615723e+02
-3.673469387755098126e+00 -1.326136847758631632e+02
-2.448979591836732084e+00 -1.313892114694809834e+02
-1.224489795918366042e+00 -1.301647341118591896e+02
0.000000000000000000e+00 -1.289402536983208165e+02
