-6.000000000000000000e+01 -1.308870930291472519e+02
-5.877551020408163396e+01 -1.308870930290651984e+02
-5.755102040816326792e+01 -1.308870930289564001e+02
-5.632653061224489477e+01 -1.308870930288122167e+02
-5.510204081632652873e+01 -1.308870930286210239e+02
-5.387755102040816269e+01 -1.308870930283675875e+02
-5.265306122448979664e+01 -1.308870930280315861e+02
-5.142857142857143060e+01 -1.308870930275861610e+02
-5.020408163265305745e+01 -1.308870930269956432e+02
-4.897959183673469141e+01 -1.308870930262127956e+02
-4.775510204081632537e+01 -1.308870930251749769e+02
-4.653061224489795933e+01 -1.308870930237991104e+02
-4.530612244897959329e+01 -1.308870930219751187e+02
-4.408163265306122014e+01 -1.308870930195570281e+02
-4.285714285714286120e+01 -1.308870930163513435e+02
-4.163265306122448806e+01 -1.308870930121015022e+02
-4.040816326530612201e+01 -1.308870930064674667e+02
-3.918367346938775597e+01 -1.308870929989983836e+02
-3.795918367346938282e+01 -1.308870929890965158e+02
-3.673469387755102389e+01 -1.308870929759694661e+02
-3.551020408163265074e+01 -1.308870929585668250e+02
-3.428571428571428470e+01 -1.308870929354959003e+02
-3.306122448979591866e+01 -1.308870929049105598e+02
-3.183673469387754906e+01 -1.308870928643632396e+02
-3.061224489795918302e+01 -1.308870928106091469e+02
-2.938775510204081698e+01 -1.308870927393467696e+02
-2.816326530612244738e+01 -1.308870926448734053e+02
-2.693877551020408134e+01 -1.308870925196290216e+02
-2.571428571428571530e+01 -1.308870923535911288e+02
-2.448979591836734926e+01 -1.308870921334727768e+02
-2.326530612244897611e+01 -1.308870918416594122e+02
-2.204081632653061007e+01 -1.308870914547991333e+02
-2.081632653061224403e+01 -1.308870909419341331e+02
-1.959183673469387799e+01 -1.308870902620232641e+02
-1.836734693877551194e+01 -1.308870893606578818e+02
-1.714285714285713880e+01 -1.308870881657078371e+02
-1.591836734693877276e+01 -1.308870865815494540e+02
-1.469387755102040671e+01 -1.308870844814135808e+02
-1.346938775510204067e+01 -1.308870816972411717e+02
-1.224489795918367463e+01 -1.308870780062349297e+02
-1.102040816326530148e+01 -1.308870731130307945e+02
-9.795918367346935440e+00 -1.308464421895147325e+02
-8.571428571428569398e+00 -1.307768093630845669e+02
-7.346938775510203357e+00 -1.306861845975023471e+02
-6.122448979591837315e+00 -1.305688855823671020e+02
-4.897959183673471273e+00 -1.304181100030670564e+02
-3.673469387755098126e+00 -1.299783153774266111e+02
-2.448979591836732084e+00 -1.287538275057051465e+02
-1.224489795918366042e+00 -1.275293391612321869e+02
0.000000000000000000e+00 -1.263048504601568141e+02
