-6.000000000000000000e+01 -1.440570115948795831e+02
-5.877551020408163396e+01 -1.440570115948371495e+02
-5.755102040816326792e+01 -1.440570115947809313e+02
-5.632653061224489477e+01 -1.440570115947063528e+02
-5.510204081632652873e+01 -1.440570115946075020e+02
-5.387755102040816269e+01 -1.440570115944764780e+02
-5.265306122448979664e+01 -1.440570115943027361e+02
-5.142857142857143060e+01 -1.440570115940724065e+02
-5.020408163265305745e+01 -1.440570115937670721e+02
-4.897959183673469141e+01 -1.440570115933622901e+02
-4.775510204081632537e+01 -1.440570115928256882e+02
-4.653061224489795933e+01 -1.440570115921142644e+02
-4.530612244897959329e+01 -1.440570115911711468e+02
-4.408163265306122014e+01 -1.440570115899208474e+02
-4.285714285714286120e+01 -1.440570115882632933e+02
-4.163265306122448806e+01 -1.440570115860658689e+02
-4.040816326530612201e+01 -1.440570115831527005e+02
-3.918367346938775597e+01 -1.440570115792907018e+02
-3.795918367346938282e+01 -1.440570115741707866e+02
-3.673469387755102389e+01 -1.440570115673832845e+02
-3.551020408163265074e+01 -1.440570115583849713e+02
-3.428571428571428470e+01 -1.440570115464558683e+02
-3.306122448979591866e+01 -1.440570115306412617e+02
-3.183673469387754906e+01 -1.440570115096756751e+02
-3.061224489795918302e+01 -1.440570114818813749e+02
-2.938775510204081698e+01 -1.440570114450341634e+02
-2.816326530612244738e+01 -1.440570113961853735e+02
-2.693877551020408134e+01 -1.440570113314259686e+02
-2.571428571428571530e+01 -1.440570112455737330e+02
-2.448979591836734926e+01 -1.440570111317584008e+02
-2.326530612244897611e+01 -1.440570109808721782e+02
-2.204081632653061007e+01 -1.440570107808405851e+02
-2.081632653061224403e+01 -1.440570105156564011e+02
-1.959183673469387799e+01 -1.440570101640987843e+02
-1.836734693877551194e+01 -1.440570096980349035e+02
-1.714285714285713880e+01 -1.434476721761955957e+02
-1.591836734693877276e+01 -1.422231912555286613e+02
-1.469387755102040671e+01 -1.409987081543309841e+02
-1.346938775510204067e+01 -1.397742234083276571e+02
-1.224489795918367463e+01 -1.385497374216247124e+02
-1.102040816326530148e+01 -1.373252504990454668e+02
-9.795918367346935440e+00 -1.361007628705226011e+02
-8.571428571428569398e+00 -1.348762747094973520e+02
-7.346938775510203357e+00 -1.336517861467989121e+02
-6.122448979591837315e+00 -1.324272972811133968e+02
-4.897959183673471273e+00 -1.312028081868809295e+02
-3.673469387755098126e+00 -1.299783189202527751e+02
-2.448979591836732084e+00 -1.287538295235843862e+02
-1.224489795918366042e+00 -1.275293400288251178e+02
0.000000000000000000e+00 -1.263048504600746753e+02
