0.000000000000000000e+00 -1.312381538422330038e+02
3.333333333333333481e+00 -1.417625729059555226e+02
6.666666666666666963e+00 -1.468818170000489545e+02
1.000000000000000000e+01 -1.480805711252083370e+02
1.333333333333333393e+01 -1.480808323826544779e+02
1.666666666666666785e+01 -1.480807472505671001e+02
2.000000000000000000e+01 -1.480809024813379722e+02
2.333333333333333570e+01 -1.480808333397275192e+02
2.666666666666666785e+01 -1.480809276944626447e+02
3.000000000000000000e+01 -1.480808993296190010e+02
