0.000000000000000000e+00 -1.320373754364322281e+02
6.122448979591836871e-01 -1.335597298728162343e+02
1.224489795918367374e+00 -1.356633257947121365e+02
1.836734693877551061e+00 -1.373108916371668897e+02
2.448979591836734748e+00 -1.373108909834356268e+02
3.061224489795918657e+00 -1.373108885132424462e+02
3.673469387755102122e+00 -1.373108861194739632e+02
4.285714285714285587e+00 -1.372997632104593322e+02
4.897959183673469497e+00 -1.365221308956378152e+02
5.510204081632653406e+00 -1.364101006083027983e+02
6.122448979591837315e+00 -1.369501306050805169e+02
6.734693877551020336e+00 -1.373108989294535718e+02
7.346938775510204245e+00 -1.373109021798541391e+02
7.959183673469388154e+00 -1.373109037968856683e+02
8.571428571428571175e+00 -1.373109038355962355e+02
9.183673469387755972e+00 -1.373109028293100664e+02
9.795918367346938993e+00 -1.373109015527000452e+02
1.040816326530612201e+01 -1.373109007449623959e+02
1.102040816326530681e+01 -1.373109008852016757e+02
1.163265306122448983e+01 -1.373109020804903651e+02
1.224489795918367463e+01 -1.373109040828164780e+02
1.285714285714285765e+01 -1.373109064099410261e+02
1.346938775510204067e+01 -1.373109085187074072e+02
1.408163265306122547e+01 -1.373109099725617170e+02
1.469387755102040849e+01 -1.373109105562192553e+02
1.530612244897959151e+01 -1.373109103129737036e+02
1.591836734693877631e+01 -1.373109095055977491e+02
1.653061224489795933e+01 -1.373109085225160868e+02
1.714285714285714235e+01 -1.373109077621593315e+02
1.775510204081632537e+01 -1.373109075289034138e+02
1.836734693877551194e+01 -1.373109079656572931e+02
1.897959183673469497e+01 -1.373109090348400798e+02
1.959183673469387799e+01 -1.373109105455458803e+02
2.020408163265306101e+01 -1.373109122137691145e+02
2.081632653061224403e+01 -1.373109137367706580e+02
2.142857142857143060e+01 -1.373109148624305647e+02
2.204081632653061362e+01 -1.373109154387187232e+02
2.265306122448979664e+01 -1.373109154353381598e+02
2.326530612244897966e+01 -1.373109149370363582e+02
2.387755102040816269e+01 -1.373109141142588214e+02
2.448979591836734926e+01 -1.373109131806208154e+02
2.510204081632653228e+01 -1.373109123477556750e+02
2.571428571428571530e+01 -1.373109117867860505e+02
2.632653061224489832e+01 -1.373109116027305561e+02
2.693877551020408134e+01 -1.373109118245387208e+02
2.755102040816326436e+01 -1.373109124100148506e+02
2.816326530612245094e+01 -1.373109132622809625e+02
2.877551020408163396e+01 -1.373109142529686437e+02
2.938775510204081698e+01 -1.373109152470406116e+02
3.000000000000000000e+01 -1.373109161248285943e+02
