0.000000000000000000e+00 -1.320373748635498146e+02
3.333333333333333481e+00 -1.376735349600488405e+02
6.666666666666666963e+00 -1.379819222800936700e+02
1.000000000000000000e+01 -1.386739759904136235e+02
1.333333333333333393e+01 -1.386741771016562268e+02
1.666666666666666785e+01 -1.386741147215181797e+02
2.000000000000000000e+01 -1.386742301528449559e+02
2.333333333333333570e+01 -1.386741801203577040e+02
2.666666666666666785e+01 -1.386742490640078813e+02
3.000000000000000000e+01 -1.386742288931483245e+02
