0.000000000000000000e+00 -1.307497230111202384e+02
6.122448979591836871e-01 -1.313810214899324365e+02
1.224489795918367374e+00 -1.322254775195295906e+02
1.836734693877551061e+00 -1.332964188176913751e+02
2.448979591836734748e+00 -1.346121671247398979e+02
3.061224489795918657e+00 -1.359604016598332237e+02
3.673469387755102122e+00 -1.359604032688880579e+02
4.285714285714285587e+00 -1.359604039536503137e+02
4.897959183673469497e+00 -1.359604036533006592e+02
5.510204081632653406e+00 -1.359604027529209986e+02
6.122448979591837315e+00 -1.359604018534569718e+02
6.734693877551020336e+00 -1.359604014846150335e+02
7.346938775510204245e+00 -1.359604018914461960e+02
7.959183673469388154e+00 -1.359604029710418729e+02
8.571428571428571175e+00 -1.359604043607819506e+02
9.183673469387755972e+00 -1.359604056180113218e+02
9.795918367346938993e+00 -1.359604064047247221e+02
1.040816326530612201e+01 -1.359604066034973187e+02
1.102040816326530681e+01 -1.359604063302671193e+02
1.163265306122448983e+01 -1.359604058554210724e+02
1.224489795918367463e+01 -1.359604054780654678e+02
1.285714285714285765e+01 -1.359604054088086116e+02
1.346938775510204067e+01 -1.359604057040052965e+02
1.408163265306122547e+01 -1.359604062679646006e+02
1.469387755102040849e+01 -1.359604069115334255e+02
1.530612244897959151e+01 -1.359604074364742701e+02
1.591836734693877631e+01 -1.359604077105650219e+02
1.653061224489795933e+01 -1.359604077074396855e+02
1.714285714285714235e+01 -1.359604075021663903e+02
1.775510204081632537e+01 -1.359604072309097376e+02
1.836734693877551194e+01 -1.359604070344828131e+02
1.897959183673469497e+01 -1.359604070081289819e+02
1.959183673469387799e+01 -1.359604071741602809e+02
2.020408163265306101e+01 -1.359604074835482379e+02
2.081632653061224403e+01 -1.359604078416862762e+02
2.142857142857143060e+01 -1.359604081460960572e+02
2.204081632653061362e+01 -1.359604083217438983e+02
2.265306122448979664e+01 -1.359604083426440297e+02
2.326530612244897966e+01 -1.359604082346615712e+02
2.387755102040816269e+01 -1.359604080612869552e+02
2.448979591836734926e+01 -1.359604078993166354e+02
2.510204081632653228e+01 -1.359604078134874214e+02
2.571428571428571530e+01 -1.359604078380490648e+02
2.632653061224489832e+01 -1.359604079699095109e+02
2.693877551020408134e+01 -1.359604081737824117e+02
2.755102040816326436e+01 -1.359604083961294805e+02
2.816326530612245094e+01 -1.359604085826088919e+02
2.877551020408163396e+01 -1.359604086935452187e+02
2.938775510204081698e+01 -1.359604087133472490e+02
3.000000000000000000e+01 -1.359604086521241015e+02
