0.000000000000000000e+00 -1.294717447009602438e+02
3.030303030303030387e-01 -1.296745919159458822e+02
6.060606060606060774e-01 -1.299297564513043142e+02
9.090909090909091717e-01 -1.302382659638619202e+02
1.212121212121212155e+00 -1.306013880265867897e+02
1.515151515151515138e+00 -1.310206578615053274e+02
1.818181818181818343e+00 -1.314979135859407506e+02
2.121212121212121104e+00 -1.320353409098073598e+02
2.424242424242424310e+00 -1.326355299212898444e+02
2.727272727272727515e+00 -1.333015475837119936e+02
3.030303030303030276e+00 -1.340370309773365136e+02
3.333333333333333481e+00 -1.348463083734645522e+02
3.636363636363636687e+00 -1.357345582678259746e+02
3.939393939393939448e+00 -1.367080210761820922e+02
4.242424242424242209e+00 -1.377742851995554929e+02
4.545454545454545858e+00 -1.389426800534836559e+02
4.848484848484848619e+00 -1.402248257725958922e+02
5.151515151515151381e+00 -1.416354162742958351e+02
5.454545454545455030e+00 -1.431933539971497282e+02
5.757575757575757791e+00 -1.449234135461977360e+02
6.060606060606060552e+00 -1.468586685292313518e+02
6.363636363636364202e+00 -1.490438328195733391e+02
6.666666666666666963e+00 -1.515387044610448868e+02
6.969696969696969724e+00 -1.544152054370773897e+02
7.272727272727273373e+00 -1.573666496729542814e+02
7.575757575757576134e+00 -1.604063314510014493e+02
7.878787878787878896e+00 -1.621064590902241491e+02
8.181818181818181657e+00 -1.628253150661506083e+02
8.484848484848484418e+00 -1.622097098252212106e+02
8.787878787878788955e+00 -1.613028178332967855e+02
9.090909090909091717e+00 -1.608859722720961258e+02
9.393939393939394478e+00 -1.609454298689928180e+02
9.696969696969697239e+00 -1.614432442034434700e+02
1.000000000000000000e+01 -1.623573895993920360e+02
1.030303030303030276e+01 -1.629285051493360186e+02
1.060606060606060552e+01 -1.629934546673444800e+02
1.090909090909091006e+01 -1.629348786542470293e+02
1.121212121212121282e+01 -1.630113622971220479e+02
1.151515151515151558e+01 -1.629435355064728128e+02
1.181818181818181834e+01 -1.630080055568072623e+02
1.212121212121212110e+01 -1.629388643151699796e+02
1.242424242424242387e+01 -1.629421574431643762e+02
1.272727272727272840e+01 -1.624340761155268069e+02
1.303030303030303116e+01 -1.617509294427160000e+02
1.333333333333333393e+01 -1.613516231955448177e+02
1.363636363636363669e+01 -1.612149981757872013e+02
1.393939393939393945e+01 -1.613285758951829223e+02
1.424242424242424221e+01 -1.616891671512267692e+02
1.454545454545454675e+01 -1.623028568714370294e+02
1.484848484848484951e+01 -1.631847419572594049e+02
1.515151515151515227e+01 -1.642580861746399989e+02
1.545454545454545503e+01 -1.642601824195798770e+02
1.575757575757575779e+01 -1.642568714013219164e+02
1.606060606060606233e+01 -1.642723217782072709e+02
1.636363636363636331e+01 -1.642554720616889199e+02
1.666666666666666785e+01 -1.642823704197248844e+02
1.696969696969696884e+01 -1.642530765894696572e+02
1.727272727272727337e+01 -1.642895564631506318e+02
1.757575757575757791e+01 -1.642354083492793109e+02
1.787878787878787890e+01 -1.642641963381595644e+02
1.818181818181818343e+01 -1.638111458888752168e+02
1.848484848484848442e+01 -1.632059033341586201e+02
1.878787878787878896e+01 -1.628340805165067025e+02
1.909090909090908994e+01 -1.626776279002970114e+02
1.939393939393939448e+01 -1.627258032807500285e+02
1.969696969696969902e+01 -1.629747789710684742e+02
2.000000000000000000e+01 -1.634274554212680357e+02
2.030303030303030454e+01 -1.640936871806091517e+02
2.060606060606060552e+01 -1.649907779379510941e+02
2.090909090909091006e+01 -1.661434200407832691e+02
2.121212121212121104e+01 -1.673220475809970367e+02
2.151515151515151558e+01 -1.673802821025062997e+02
2.181818181818182012e+01 -1.673272001758703880e+02
2.212121212121212110e+01 -1.673890731891277710e+02
2.242424242424242564e+01 -1.673305026116293561e+02
2.272727272727272663e+01 -1.673815924568737046e+02
2.303030303030303116e+01 -1.673315658156096504e+02
2.333333333333333570e+01 -1.673607843540641511e+02
2.363636363636363669e+01 -1.673151532034129900e+02
2.393939393939394122e+01 -1.672859158475718573e+02
2.424242424242424221e+01 -1.666145616157695599e+02
2.454545454545454675e+01 -1.661204929236673706e+02
2.484848484848484773e+01 -1.658457171344360574e+02
2.515151515151515227e+01 -1.657750198018112826e+02
2.545454545454545681e+01 -1.659003383844954556e+02
2.575757575757575779e+01 -1.662202976860043577e+02
2.606060606060606233e+01 -1.667401155137217756e+02
2.636363636363636331e+01 -1.674719147357754991e+02
2.666666666666666785e+01 -1.684351319293044185e+02
2.696969696969696884e+01 -1.696130096878127915e+02
2.727272727272727337e+01 -1.696198584543110428e+02
2.757575757575757791e+01 -1.696243562902649842e+02
2.787878787878787890e+01 -1.696182178134143328e+02
2.818181818181818343e+01 -1.696344558141415746e+02
2.848484848484848442e+01 -1.696149427092459518e+02
2.878787878787878896e+01 -1.696419289471346303e+02
2.909090909090909349e+01 -1.696095203905578330e+02
2.939393939393939448e+01 -1.696458895500385324e+02
2.969696969696969902e+01 -1.695883683741643608e+02
3.000000000000000000e+01 -1.696036583702449718e+02
