0.000000000000000000e+00 -1.300878583282850798e+02
3.030303030303030387e-01 -1.305990108488080068e+02
6.060606060606060774e-01 -1.312614172925161711e+02
9.090909090909091717e-01 -1.320914056053900936e+02
1.212121212121212155e+00 -1.331109789109409007e+02
1.515151515151515138e+00 -1.343487179238018712e+02
1.818181818181818343e+00 -1.358385219293032833e+02
2.121212121212121104e+00 -1.366345552344496355e+02
2.424242424242424310e+00 -1.366302015977664723e+02
2.727272727272727515e+00 -1.366481987737938937e+02
3.030303030303030276e+00 -1.366299615605226450e+02
3.333333333333333481e+00 -1.366582961823744142e+02
3.636363636363636687e+00 -1.366277201293295036e+02
3.939393939393939448e+00 -1.366647684100243225e+02
4.242424242424242209e+00 -1.366087064867816139e+02
4.545454545454545858e+00 -1.366316296361538889e+02
4.848484848484848619e+00 -1.361494325488906156e+02
5.151515151515151381e+00 -1.355778734749785599e+02
5.454545454545455030e+00 -1.352284333255305455e+02
5.757575757575757791e+00 -1.350835619894778858e+02
6.060606060606060552e+00 -1.351332080104050704e+02
6.363636363636364202e+00 -1.353742086716116262e+02
6.666666666666666963e+00 -1.358100048979723056e+02
6.969696969696969724e+00 -1.364507865364572012e+02
7.272727272727273373e+00 -1.373138540992051162e+02
7.575757575757576134e+00 -1.380623585811080147e+02
7.878787878787878896e+00 -1.381060173919842100e+02
8.181818181818181657e+00 -1.380650530165011105e+02
8.484848484848484418e+00 -1.381206634187169016e+02
8.787878787878788955e+00 -1.380669864997474292e+02
9.090909090909091717e+00 -1.381188444204891823e+02
9.393939393939394478e+00 -1.380671655022092352e+02
9.696969696969697239e+00 -1.381067895649685795e+02
1.000000000000000000e+01 -1.380645413560768020e+02
1.030303030303030276e+01 -1.380809666113965477e+02
1.060606060606060552e+01 -1.380459025979908176e+02
1.090909090909091006e+01 -1.379201205432268011e+02
1.121212121212121282e+01 -1.373004295774286447e+02
1.151515151515151558e+01 -1.368845789968447377e+02
1.181818181818181834e+01 -1.366555725071876566e+02
1.212121212121212110e+01 -1.366025418714382340e+02
1.242424242424242387e+01 -1.367201111100919491e+02
1.272727272727272840e+01 -1.370080212174480607e+02
1.303030303030303116e+01 -1.374711326396398476e+02
1.333333333333333393e+01 -1.381198174281636852e+02
1.363636363636363669e+01 -1.389706617534562554e+02
1.393939393939393945e+01 -1.400470748987347918e+02
1.424242424242424221e+01 -1.410308812073014337e+02
1.454545454545454675e+01 -1.410522842918374522e+02
1.484848484848484951e+01 -1.410402002853443264e+02
1.515151515151515227e+01 -1.410491542952121051e+02
1.545454545454545503e+01 -1.410478637225994589e+02
1.575757575757575779e+01 -1.410441283567461710e+02
1.606060606060606233e+01 -1.410530313503954289e+02
1.636363636363636331e+01 -1.410367780911847717e+02
1.666666666666666785e+01 -1.410546708029481806e+02
1.696969696969696884e+01 -1.410135434906608793e+02
1.727272727272727337e+01 -1.410391066685227770e+02
1.757575757575757791e+01 -1.405326704987602113e+02
1.787878787878787890e+01 -1.400380095717121947e+02
1.818181818181818343e+01 -1.397332993855689836e+02
1.848484848484848442e+01 -1.396032184226504569e+02
1.878787878787878896e+01 -1.396380634065110655e+02
1.909090909090908994e+01 -1.398330433680675071e+02
1.939393939393939448e+01 -1.401879032630324389e+02
1.969696969696969902e+01 -1.407069187149878360e+02
2.000000000000000000e+01 -1.413992753695195290e+02
2.030303030303030454e+01 -1.422798357682389110e+02
2.060606060606060552e+01 -1.433701941332055299e+02
2.090909090909091006e+01 -1.446994242362160321e+02
2.121212121212121104e+01 -1.463019175130717713e+02
2.151515151515151558e+01 -1.476235077303147705e+02
2.181818181818182012e+01 -1.475935106987399479e+02
2.212121212121212110e+01 -1.476235821776042485e+02
2.242424242424242564e+01 -1.476025516950899146e+02
2.272727272727272663e+01 -1.476229652000668295e+02
2.303030303030303116e+01 -1.476085599020215682e+02
2.333333333333333570e+01 -1.476053051409064096e+02
2.363636363636363669e+01 -1.475938517315750858e+02
2.393939393939394122e+01 -1.474097692108015281e+02
2.424242424242424221e+01 -1.467264789967503020e+02
2.454545454545454675e+01 -1.462878051019907844e+02
2.484848484848484773e+01 -1.460691370940625120e+02
2.515151515151515227e+01 -1.460540835793341614e+02
2.545454545454545681e+01 -1.462338630130743979e+02
2.575757575757575779e+01 -1.466066722929344053e+02
2.606060606060606233e+01 -1.471775005678439356e+02
2.636363636363636331e+01 -1.479584158621541405e+02
2.666666666666666785e+01 -1.489690383479367028e+02
2.696969696969696884e+01 -1.502360022806452662e+02
2.727272727272727337e+01 -1.507883972370571826e+02
2.757575757575757791e+01 -1.508093533518533320e+02
2.787878787878787890e+01 -1.507892816339316369e+02
2.818181818181818343e+01 -1.508216638514914791e+02
2.848484848484848442e+01 -1.507881002335184633e+02
2.878787878787878896e+01 -1.508309394534167609e+02
2.909090909090909349e+01 -1.507845396565533633e+02
2.939393939393939448e+01 -1.508364457613583625e+02
2.969696969696969902e+01 -1.507642463005158220e+02
3.000000000000000000e+01 -1.507641654105265161e+02
