0.000000000000000000e+00 -1.312381537260268658e+02
6.122448979591836871e-01 -1.322022359549802388e+02
1.224489795918367374e+00 -1.335253502025488501e+02
1.836734693877551061e+00 -1.352606917315654584e+02
2.448979591836734748e+00 -1.374858848667908262e+02
3.061224489795918657e+00 -1.394515868133081256e+02
3.673469387755102122e+00 -1.394516181986346908e+02
4.285714285714285587e+00 -1.394516019252429544e+02
4.897959183673469497e+00 -1.394515583840364457e+02
5.510204081632653406e+00 -1.394515147005787981e+02
6.122448979591837315e+00 -1.394514942695903983e+02
6.734693877551020336e+00 -1.394515091238893660e+02
7.346938775510204245e+00 -1.394515574122179089e+02
7.959183673469388154e+00 -1.394516260820668379e+02
8.571428571428571175e+00 -1.394516970061953316e+02
9.183673469387755972e+00 -1.394517538655879036e+02
9.795918367346938993e+00 -1.394517872804112244e+02
1.040816326530612201e+01 -1.394517967135625156e+02
1.102040816326530681e+01 -1.394517890466501058e+02
1.163265306122448983e+01 -1.394517749005783855e+02
1.224489795918367463e+01 -1.394517643648964622e+02
1.285714285714285765e+01 -1.394517637070832166e+02
1.346938775510204067e+01 -1.394517740109644137e+02
1.408163265306122547e+01 -1.394517918556694553e+02
1.469387755102040849e+01 -1.394518114235337123e+02
1.530612244897959151e+01 -1.394518270461270788e+02
1.591836734693877631e+01 -1.394518352291270844e+02
1.653061224489795933e+01 -1.394518355516972008e+02
1.714285714285714235e+01 -1.394518303323063151e+02
1.775510204081632537e+01 -1.394518233945295265e+02
1.836734693877551194e+01 -1.394518185132700410e+02
1.897959183673469497e+01 -1.394518181269308741e+02
1.959183673469387799e+01 -1.394518227080056931e+02
2.020408163265306101e+01 -1.394518308951660401e+02
2.081632653061224403e+01 -1.394518402185084369e+02
2.142857142857143060e+01 -1.394518480824816038e+02
2.204081632653061362e+01 -1.394518526435097669e+02
2.265306122448979664e+01 -1.394518533144795356e+02
2.326530612244897966e+01 -1.394518507926810571e+02
2.387755102040816269e+01 -1.394518466761906268e+02
2.448979591836734926e+01 -1.394518428520852353e+02
2.510204081632653228e+01 -1.394518408804864578e+02
2.571428571428571530e+01 -1.394518415630496406e+02
2.632653061224489832e+01 -1.394518447980038331e+02
2.693877551020408134e+01 -1.394518497217968047e+02
2.755102040816326436e+01 -1.394518550531162191e+02
2.816326530612245094e+01 -1.394518595100594212e+02
2.877551020408163396e+01 -1.394518621712810216e+02
2.938775510204081698e+01 -1.394518626886471111e+02
3.000000000000000000e+01 -1.394518613150590909e+02
