0.000000000000000000e+00 -1.296980201077836341e+02
3.030303030303030387e-01 -1.300100042478119917e+02
6.060606060606060774e-01 -1.304064107255828162e+02
9.090909090909091717e-01 -1.308913737547026699e+02
1.212121212121212155e+00 -1.314702567335510253e+02
1.515151515151515138e+00 -1.321499459590218919e+02
1.818181818181818343e+00 -1.329392618251765157e+02
2.121212121212121104e+00 -1.338495369628508911e+02
2.424242424242424310e+00 -1.348954318486090358e+02
2.727272727272727515e+00 -1.360960793935041409e+02
3.030303030303030276e+00 -1.374766404985329586e+02
3.333333333333333481e+00 -1.390701797297799658e+02
3.636363636363636687e+00 -1.409188789795254309e+02
3.939393939393939448e+00 -1.430696390430523763e+02
4.242424242424242209e+00 -1.455420645469502858e+02
4.545454545454545858e+00 -1.468179767269186300e+02
4.848484848484848619e+00 -1.469774295560879125e+02
5.151515151515151381e+00 -1.472273594005351924e+02
5.454545454545455030e+00 -1.471608440292536955e+02
5.757575757575757791e+00 -1.471936578501119186e+02
6.060606060606060552e+00 -1.468013204996349828e+02
6.363636363636364202e+00 -1.460037795472512414e+02
6.666666666666666963e+00 -1.455373866293488447e+02
6.969696969696969724e+00 -1.453682030956799167e+02
7.272727272727273373e+00 -1.454722654272224247e+02
7.575757575757576134e+00 -1.458382099300166601e+02
7.878787878787878896e+00 -1.464666922056876786e+02
8.181818181818181657e+00 -1.473692634425959795e+02
8.484848484848484418e+00 -1.479313941547870286e+02
8.787878787878788955e+00 -1.479313955511932193e+02
9.090909090909091717e+00 -1.479313975556928824e+02
9.393939393939394478e+00 -1.479314000464398191e+02
9.696969696969697239e+00 -1.479314028683405411e+02
1.000000000000000000e+01 -1.479314058471290991e+02
1.030303030303030276e+01 -1.479314088038794353e+02
1.060606060606060552e+01 -1.479314115688380866e+02
1.090909090909091006e+01 -1.479314139936050481e+02
1.121212121212121282e+01 -1.479314159608959187e+02
1.151515151515151558e+01 -1.477755901552684179e+02
1.181818181818181834e+01 -1.471525656764724772e+02
1.212121212121212110e+01 -1.467551591293266711e+02
1.242424242424242387e+01 -1.465650810498302690e+02
1.272727272727272840e+01 -1.465710704124934693e+02
1.303030303030303116e+01 -1.467684113569433180e+02
1.333333333333333393e+01 -1.471586600390831734e+02
1.363636363636363669e+01 -1.477497818419030864e+02
1.393939393939393945e+01 -1.479314126480582559e+02
1.424242424242424221e+01 -1.479314115038973227e+02
1.454545454545454675e+01 -1.479314106297324543e+02
1.484848484848484951e+01 -1.479314101095430090e+02
1.515151515151515227e+01 -1.479314100009193851e+02
1.545454545454545503e+01 -1.479314103329271575e+02
1.575757575757575779e+01 -1.479314111059142078e+02
1.606060606060606233e+01 -1.479314122931249642e+02
1.636363636363636331e+01 -1.479314138438811028e+02
1.666666666666666785e+01 -1.479314156880107873e+02
1.696969696969696884e+01 -1.479314177411571620e+02
1.727272727272727337e+01 -1.479314199105747321e+02
1.757575757575757791e+01 -1.479314221010257597e+02
1.787878787878787890e+01 -1.479314242204170284e+02
1.818181818181818343e+01 -1.479314261848639376e+02
1.848484848484848442e+01 -1.479314279229305100e+02
1.878787878787878896e+01 -1.479314293788648342e+02
1.909090909090908994e+01 -1.479314305147236155e+02
1.939393939393939448e+01 -1.479314313113536912e+02
1.969696969696969902e+01 -1.479314317682664921e+02
2.000000000000000000e+01 -1.479314319025009468e+02
2.030303030303030454e+01 -1.479314317466185287e+02
2.060606060606060552e+01 -1.479314313460097594e+02
2.090909090909091006e+01 -1.479314307557129382e+02
2.121212121212121104e+01 -1.479314300369543105e+02
2.151515151515151558e+01 -1.479314292536149935e+02
2.181818181818182012e+01 -1.479314284688151133e+02
2.212121212121212110e+01 -1.479314277417818744e+02
2.242424242424242564e+01 -1.479314271251383275e+02
2.272727272727272663e+01 -1.479314266627154382e+02
2.303030303030303116e+01 -1.479314263879530529e+02
2.333333333333333570e+01 -1.479314263229206290e+02
2.363636363636363669e+01 -1.479314264779537496e+02
2.393939393939394122e+01 -1.479314268518728284e+02
2.424242424242424221e+01 -1.479314274327252292e+02
2.454545454545454675e+01 -1.479314281989718438e+02
2.484848484848484773e+01 -1.479314291210255874e+02
2.515151515151515227e+01 -1.479314301630418811e+02
2.545454545454545681e+01 -1.479314312848579505e+02
2.575757575757575779e+01 -1.479314324439819188e+02
2.606060606060606233e+01 -1.479314335975391828e+02
2.636363636363636331e+01 -1.479314347040943574e+02
2.666666666666666785e+01 -1.479314357252815739e+02
2.696969696969696884e+01 -1.479314366271892993e+02
2.727272727272727337e+01 -1.479314373814632972e+02
2.757575757575757791e+01 -1.479314379661061025e+02
2.787878787878787890e+01 -1.479314383659665850e+02
2.818181818181818343e+01 -1.479314385729275614e+02
2.848484848484848442e+01 -1.479314385858092464e+02
2.878787878787878896e+01 -1.479314384100190125e+02
2.909090909090909349e+01 -1.479314380569817615e+02
2.939393939393939448e+01 -1.479314375433937130e+02
2.969696969696969902e+01 -1.479314368903424111e+02
3.000000000000000000e+01 -1.479314361223381411e+02
