0.000000000000000000e+00 -1.296980201076181629e+02
3.030303030303030387e-01 -1.300100042910533773e+02
6.060606060606060774e-01 -1.304064108147238983e+02
9.090909090909091717e-01 -1.308913738936939239e+02
1.212121212121212155e+00 -1.314702569285300910e+02
1.515151515151515138e+00 -1.321499462194876742e+02
1.818181818181818343e+00 -1.329392621659392830e+02
2.121212121212121104e+00 -1.338495374073890503e+02
2.424242424242424310e+00 -1.348954324350866614e+02
2.727272727272727515e+00 -1.360960801860703100e+02
3.030303030303030276e+00 -1.374766416096932460e+02
3.333333333333333481e+00 -1.390701813674151595e+02
3.636363636363636687e+00 -1.409188815521949891e+02
3.939393939393939448e+00 -1.430696434087753346e+02
4.242424242424242209e+00 -1.455420725920359075e+02
4.545454545454545858e+00 -1.471649909603237916e+02
4.848484848484848619e+00 -1.471331510080366627e+02
5.151515151515151381e+00 -1.472273920546263355e+02
5.454545454545455030e+00 -1.471608738309015223e+02
5.757575757575757791e+00 -1.471936792981001929e+02
6.060606060606060552e+00 -1.468013354895265650e+02
6.363636363636364202e+00 -1.460037926346948325e+02
6.666666666666666963e+00 -1.455373988859448673e+02
6.969696969696969724e+00 -1.453682153080014245e+02
7.272727272727273373e+00 -1.454722783034932263e+02
7.575757575757576134e+00 -1.458382242660310339e+02
7.878787878787878896e+00 -1.464667090768677724e+02
8.181818181818181657e+00 -1.473692845086828811e+02
8.484848484848484418e+00 -1.481178918748183264e+02
8.787878787878788955e+00 -1.480891873006125934e+02
9.090909090909091717e+00 -1.481133117992249026e+02
9.393939393939394478e+00 -1.480975375150894138e+02
9.696969696969697239e+00 -1.481084919103244033e+02
1.000000000000000000e+01 -1.481039709016257007e+02
1.030303030303030276e+01 -1.481026302490502928e+02
1.060606060606060552e+01 -1.481076133280185161e+02
1.090909090909091006e+01 -1.480821355082944706e+02
1.121212121212121282e+01 -1.480933317700984162e+02
1.151515151515151558e+01 -1.477756194490777659e+02
1.181818181818181834e+01 -1.471525920321742547e+02
1.212121212121212110e+01 -1.467551840986348850e+02
1.242424242424242387e+01 -1.465651058267897326e+02
1.272727272727272840e+01 -1.465710960707795891e+02
1.303030303030303116e+01 -1.467684390323932178e+02
1.333333333333333393e+01 -1.471586911204656190e+02
1.363636363636363669e+01 -1.477498182345673854e+02
1.393939393939393945e+01 -1.485566831274628612e+02
1.424242424242424221e+01 -1.496014135373920624e+02
1.454545454545454675e+01 -1.505827001101285987e+02
1.484848484848484951e+01 -1.505569591664973359e+02
1.515151515151515227e+01 -1.505974659910895355e+02
1.545454545454545503e+01 -1.505588131364868900e+02
1.575757575757575779e+01 -1.506107122971462502e+02
1.606060606060606233e+01 -1.505587454941084502e+02
1.636363636363636331e+01 -1.506150493796832563e+02
1.666666666666666785e+01 -1.505560520342614268e+02
1.696969696969696884e+01 -1.505895258897132010e+02
1.727272727272727337e+01 -1.505364969171076268e+02
1.757575757575757791e+01 -1.505153020039946909e+02
1.787878787878787890e+01 -1.498525331418465782e+02
1.818181818181818343e+01 -1.494054467789012506e+02
1.848484848484848442e+01 -1.491536340217635939e+02
1.878787878787878896e+01 -1.490832681372608306e+02
1.909090909090908994e+01 -1.491863747573295313e+02
1.939393939393939448e+01 -1.494602668937126850e+02
1.969696969696969902e+01 -1.499073532366312520e+02
2.000000000000000000e+01 -1.505353642839472741e+02
2.030303030303030454e+01 -1.513579906755132924e+02
2.060606060606060552e+01 -1.523958057464953413e+02
2.090909090909091006e+01 -1.536768127838944338e+02
2.121212121212121104e+01 -1.552338424703055466e+02
2.151515151515151558e+01 -1.561333030649927025e+02
2.181818181818182012e+01 -1.560919347906368557e+02
2.212121212121212110e+01 -1.561311362483907317e+02
2.242424242424242564e+01 -1.560992673894256768e+02
2.272727272727272663e+01 -1.561284704997622157e+02
2.303030303030303116e+01 -1.561038234067458745e+02
2.333333333333333570e+01 -1.561099082128219777e+02
2.363636363636363669e+01 -1.560886413577524081e+02
2.393939393939394122e+01 -1.559672027634518940e+02
2.424242424242424221e+01 -1.552687820343499538e+02
2.454545454545454675e+01 -1.548142112930566725e+02
2.484848484848484773e+01 -1.545794228983345135e+02
2.515151515151515227e+01 -1.545483640681246698e+02
2.545454545454545681e+01 -1.547124607927992770e+02
2.575757575757575779e+01 -1.550700344539791899e+02
2.606060606060606233e+01 -1.556261420029799183e+02
2.636363636363636331e+01 -1.563928699721625151e+02
2.666666666666666785e+01 -1.573897895065425416e+02
2.696969696969696884e+01 -1.586433453216409930e+02
2.727272727272727337e+01 -1.590243013292941896e+02
2.757575757575757791e+01 -1.590404117538392939e+02
2.787878787878787890e+01 -1.590244329661599068e+02
2.818181818181818343e+01 -1.590520653646433402e+02
2.848484848484848442e+01 -1.590226316591073044e+02
2.878787878787878896e+01 -1.590608090765047962e+02
2.909090909090909349e+01 -1.590185217203067793e+02
2.939393939393939448e+01 -1.590658610839982430e+02
2.969696969696969902e+01 -1.589979784671159848e+02
3.000000000000000000e+01 -1.590024161603868720e+02
