0.000000000000000000e+00 -1.307497230104318646e+02
6.122448979591836871e-01 -1.313813881006296924e+02
1.224489795918367374e+00 -1.322261938220134141e+02
1.836734693877551061e+00 -1.332975215632220340e+02
2.448979591836734748e+00 -1.346137734916624424e+02
3.061224489795918657e+00 -1.362001449587234561e+02
3.673469387755102122e+00 -1.380914323772384193e+02
4.285714285714285587e+00 -1.403365978031869190e+02
4.897959183673469497e+00 -1.430063424171589190e+02
5.510204081632653406e+00 -1.462054058131706711e+02
6.122448979591837315e+00 -1.477417992341208617e+02
6.734693877551020336e+00 -1.477418087680229064e+02
7.346938775510204245e+00 -1.477418096341102398e+02
7.959183673469388154e+00 -1.477418042684992656e+02
8.571428571428571175e+00 -1.477417970008934560e+02
9.183673469387755972e+00 -1.477417921392417384e+02
9.795918367346938993e+00 -1.477417923544052485e+02
1.040816326530612201e+01 -1.477417979255532146e+02
1.102040816326530681e+01 -1.477418069928014006e+02
1.163265306122448983e+01 -1.477418165652692039e+02
1.224489795918367463e+01 -1.477418237950862760e+02
1.285714285714285765e+01 -1.477418270099885262e+02
1.346938775510204067e+01 -1.477418261668935315e+02
1.408163265306122547e+01 -1.477418226518643110e+02
1.469387755102040849e+01 -1.477418185973809557e+02
1.530612244897959151e+01 -1.477418160315085913e+02
1.591836734693877631e+01 -1.477418161825226264e+02
1.653061224489795933e+01 -1.477418191572824924e+02
1.714285714285714235e+01 -1.477418240486069294e+02
1.775510204081632537e+01 -1.477418293721257498e+02
1.836734693877551194e+01 -1.477418336376654224e+02
1.897959183673469497e+01 -1.477418358458286889e+02
1.959183673469387799e+01 -1.477418357576440826e+02
2.020408163265306101e+01 -1.477418338826251443e+02
2.081632653061224403e+01 -1.477418312295449141e+02
2.142857142857143060e+01 -1.477418289326433012e+02
2.204081632653061362e+01 -1.477418278875179283e+02
2.265306122448979664e+01 -1.477418285071461241e+02
2.326530612244897966e+01 -1.477418306547558018e+02
2.387755102040816269e+01 -1.477418337483393600e+02
2.448979591836734926e+01 -1.477418369816095378e+02
2.510204081632653228e+01 -1.477418395808384162e+02
2.571428571428571530e+01 -1.477418410192988745e+02
2.632653061224489832e+01 -1.477418411352762178e+02
2.693877551020408134e+01 -1.477418401349476369e+02
2.755102040816326436e+01 -1.477418384959052560e+02
2.816326530612245094e+01 -1.477418368113626173e+02
2.877551020408163396e+01 -1.477418356244268693e+02
2.938775510204081698e+01 -1.477418352965190991e+02
3.000000000000000000e+01 -1.477418359382170365e+02
