0.000000000000000000e+00 -1.300878583294788484e+02
3.030303030303030387e-01 -1.305990105203951543e+02
6.060606060606060774e-01 -1.312614165736771383e+02
9.090909090909091717e-01 -1.320914043931948640e+02
1.212121212121212155e+00 -1.331109770304343272e+02
1.515151515151515138e+00 -1.343487150688905558e+02
1.818181818181818343e+00 -1.358385175417211883e+02
2.121212121212121104e+00 -1.366343371723499729e+02
2.424242424242424310e+00 -1.366302118761355473e+02
2.727272727272727515e+00 -1.366481982066245848e+02
3.030303030303030276e+00 -1.366298504311510555e+02
3.333333333333333481e+00 -1.366581808412884698e+02
3.636363636363636687e+00 -1.366277111160610787e+02
3.939393939393939448e+00 -1.366647573960505611e+02
4.242424242424242209e+00 -1.366086894223018930e+02
4.545454545454545858e+00 -1.366316200258311824e+02
4.848484848484848619e+00 -1.361494256976176302e+02
5.151515151515151381e+00 -1.355778671041417169e+02
5.454545454545455030e+00 -1.352284270888019364e+02
5.757575757575757791e+00 -1.350835556027819848e+02
6.060606060606060552e+00 -1.351332011975854925e+02
6.363636363636364202e+00 -1.353742011171633237e+02
6.666666666666666963e+00 -1.358099961905120097e+02
6.969696969696969724e+00 -1.364507760827106893e+02
7.272727272727273373e+00 -1.373138409733850835e+02
7.575757575757576134e+00 -1.380618174854820950e+02
7.878787878787878896e+00 -1.380711470195724928e+02
8.181818181818181657e+00 -1.380645268304467947e+02
8.484848484848484418e+00 -1.380711446356983458e+02
8.787878787878788955e+00 -1.380667874424789829e+02
9.090909090909091717e+00 -1.380711409024413854e+02
9.393939393939394478e+00 -1.380669674867276910e+02
9.696969696969697239e+00 -1.380711376783655169e+02
1.000000000000000000e+01 -1.380644945735467957e+02
1.030303030303030276e+01 -1.380711363945032986e+02
1.060606060606060552e+01 -1.380458613759963384e+02
1.090909090909091006e+01 -1.379201018615713110e+02
1.121212121212121282e+01 -1.373004128295345367e+02
1.151515151515151558e+01 -1.368845632289954040e+02
1.181818181818181834e+01 -1.366555569949946687e+02
1.212121212121212110e+01 -1.366025259831030496e+02
1.242424242424242387e+01 -1.367200942067753431e+02
1.272727272727272840e+01 -1.370080025581668508e+02
1.303030303030303116e+01 -1.374711112618352900e+02
1.333333333333333393e+01 -1.380711561728275569e+02
1.363636363636363669e+01 -1.380711577285883607e+02
1.393939393939393945e+01 -1.380711587879771400e+02
1.424242424242424221e+01 -1.380711593397956563e+02
1.454545454545454675e+01 -1.380711594086294269e+02
1.484848484848484951e+01 -1.380711590509291398e+02
1.515151515151515227e+01 -1.380711583491592194e+02
1.545454545454545503e+01 -1.380711574045701582e+02
1.575757575757575779e+01 -1.380711563291989989e+02
1.606060606060606233e+01 -1.380711552377017597e+02
1.636363636363636331e+01 -1.380711542395803804e+02
1.666666666666666785e+01 -1.380711534322913963e+02
1.696969696969696884e+01 -1.380711528956219070e+02
1.727272727272727337e+01 -1.380711526876014261e+02
1.757575757575757791e+01 -1.380711528420932268e+02
1.787878787878787890e+01 -1.380711533680879484e+02
1.818181818181818343e+01 -1.380711542506099079e+02
1.848484848484848442e+01 -1.380711554530523983e+02
1.878787878787878896e+01 -1.380711569206827676e+02
1.909090909090908994e+01 -1.380711585850090444e+02
1.939393939393939448e+01 -1.380711603686725937e+02
1.969696969696969902e+01 -1.380711621905288382e+02
2.000000000000000000e+01 -1.380711639705971265e+02
2.030303030303030454e+01 -1.380711656345959284e+02
2.060606060606060552e+01 -1.380711671178305551e+02
2.090909090909091006e+01 -1.380711683682592934e+02
2.121212121212121104e+01 -1.380711693486272509e+02
2.151515151515151558e+01 -1.380711700376216982e+02
2.181818181818182012e+01 -1.380711704300627787e+02
2.212121212121212110e+01 -1.380711705361965755e+02
2.242424242424242564e+01 -1.380711703802031423e+02
2.272727272727272663e+01 -1.380711699980641356e+02
2.303030303030303116e+01 -1.380711694349578522e+02
2.333333333333333570e+01 -1.380711687423593617e+02
2.363636363636363669e+01 -1.380711679750234850e+02
2.393939393939394122e+01 -1.380711671880175970e+02
2.424242424242424221e+01 -1.380711664339538629e+02
2.454545454545454675e+01 -1.380711657605456537e+02
2.484848484848484773e+01 -1.380711652085848300e+02
2.515151515151515227e+01 -1.380711648104060032e+02
2.545454545454545681e+01 -1.380711645888726196e+02
2.575757575757575779e+01 -1.380711645568908352e+02
2.606060606060606233e+01 -1.380711647174302072e+02
2.636363636363636331e+01 -1.380711650640071468e+02
2.666666666666666785e+01 -1.380711655815694314e+02
2.696969696969696884e+01 -1.380711662477061736e+02
2.727272727272727337e+01 -1.380711670340998580e+02
2.757575757575757791e+01 -1.380711679081335888e+02
2.787878787878787890e+01 -1.380711688345683683e+02
2.818181818181818343e+01 -1.380711697772090645e+02
2.848484848484848442e+01 -1.380711707004882101e+02
2.878787878787878896e+01 -1.380711715709053067e+02
2.909090909090909349e+01 -1.380711723582730315e+02
2.939393939393939448e+01 -1.380711730367348196e+02
2.969696969696969902e+01 -1.380711735855316533e+02
3.000000000000000000e+01 -1.380711739895081678e+02
