0.000000000000000000e+00 -1.294717447009742841e+02
3.030303030303030387e-01 -1.296745919124188049e+02
6.060606060606060774e-01 -1.299297564442429689e+02
9.090909090909091717e-01 -1.302382659532615889e+02
1.212121212121212155e+00 -1.306013880124077389e+02
1.515151515151515138e+00 -1.310206578436416294e+02
1.818181818181818343e+00 -1.314979135641770824e+02
2.121212121212121104e+00 -1.320353408837581242e+02
2.424242424242424310e+00 -1.326355298903115738e+02
2.727272727272727515e+00 -1.333015475467744295e+02
3.030303030303030276e+00 -1.340370309328293956e+02
3.333333333333333481e+00 -1.348463083189019471e+02
3.636363636363636687e+00 -1.357345581993842529e+02
3.939393939393939448e+00 -1.367080209879610493e+02
4.242424242424242209e+00 -1.377742850823659353e+02
4.545454545454545858e+00 -1.389426798927993616e+02
4.848484848484848619e+00 -1.402248255449767100e+02
5.151515151515151381e+00 -1.416354159408952000e+02
5.454545454545455030e+00 -1.431933534913875121e+02
5.757575757575757791e+00 -1.449234127490830417e+02
6.060606060606060552e+00 -1.468586672167746485e+02
6.363636363636364202e+00 -1.490438305421679956e+02
6.666666666666666963e+00 -1.515387002426489857e+02
6.969696969696969724e+00 -1.527016071799462225e+02
7.272727272727273373e+00 -1.527474986133103698e+02
7.575757575757576134e+00 -1.527837645978390242e+02
7.878787878787878896e+00 -1.528067680552750289e+02
8.181818181818181657e+00 -1.528146934400095915e+02
8.484848484848484418e+00 -1.528077039277084452e+02
8.787878787878788955e+00 -1.527877930371495268e+02
9.090909090909091717e+00 -1.527583769135625573e+02
9.393939393939394478e+00 -1.527237282932121900e+02
9.696969696969697239e+00 -1.526883708992881452e+02
1.000000000000000000e+01 -1.526565343596157049e+02
1.030303030303030276e+01 -1.526317309798355382e+02
1.060606060606060552e+01 -1.526164761472072655e+02
1.090909090909091006e+01 -1.526121461890308524e+02
1.121212121212121282e+01 -1.526189542474436678e+02
1.151515151515151558e+01 -1.526360228055105779e+02
1.181818181818181834e+01 -1.526615351970179972e+02
1.212121212121212110e+01 -1.526929525031403614e+02
1.242424242424242387e+01 -1.527272831646929205e+02
1.272727272727272840e+01 -1.527613890404902293e+02
1.303030303030303116e+01 -1.527923043819052964e+02
1.333333333333333393e+01 -1.528175361926517155e+02
1.363636363636363669e+01 -1.528353098844258398e+02
1.393939393939393945e+01 -1.528447268544592816e+02
1.424242424242424221e+01 -1.528458120964257319e+02
1.454545454545454675e+01 -1.528394481256487438e+02
1.484848484848484951e+01 -1.528272112065163242e+02
1.515151515151515227e+01 -1.528111411795981098e+02
1.545454545454545503e+01 -1.527934830998916880e+02
1.575757575757575779e+01 -1.527764368803564992e+02
1.606060606060606233e+01 -1.527619427118095530e+02
1.636363636363636331e+01 -1.527515190603528197e+02
1.666666666666666785e+01 -1.527461599019333107e+02
1.696969696969696884e+01 -1.527462904189103483e+02
1.727272727272727337e+01 -1.527517759741159580e+02
1.757575757575757791e+01 -1.527619770701518291e+02
1.787878787878787890e+01 -1.527758420814092517e+02
1.818181818181818343e+01 -1.527920288246393170e+02
1.848484848484848442e+01 -1.528090449510477526e+02
1.878787878787878896e+01 -1.528253956803470714e+02
1.909090909090908994e+01 -1.528397260279942316e+02
1.939393939393939448e+01 -1.528509441689916457e+02
1.969696969696969902e+01 -1.528583136846582420e+02
2.000000000000000000e+01 -1.528615055364518582e+02
2.030303030303030454e+01 -1.528606054767686260e+02
2.060606060606060552e+01 -1.528560783927594571e+02
2.090909090909091006e+01 -1.528486965744874055e+02
2.121212121212121104e+01 -1.528394429523457632e+02
2.151515151515151558e+01 -1.528294022604008546e+02
2.181818181818182012e+01 -1.528196527841495254e+02
2.212121212121212110e+01 -1.528111693257186801e+02
2.242424242424242564e+01 -1.528047450377659970e+02
2.272727272727272663e+01 -1.528009366025587497e+02
2.303030303030303116e+01 -1.528000344124594392e+02
2.333333333333333570e+01 -1.528020572010759963e+02
2.363636363636363669e+01 -1.528067689908661748e+02
2.393939393939394122e+01 -1.528137151248119778e+02
2.424242424242424221e+01 -1.528222733588470987e+02
2.454545454545454675e+01 -1.528317153745817052e+02
2.484848484848484773e+01 -1.528412735857578184e+02
2.515151515151515227e+01 -1.528502078102754922e+02
2.545454545454545681e+01 -1.528578663821715793e+02
2.575757575757575779e+01 -1.528637367150366231e+02
2.606060606060606233e+01 -1.528674812775264229e+02
2.636363636363636331e+01 -1.528689563765573212e+02
2.666666666666666785e+01 -1.528682129161836087e+02
2.696969696969696884e+01 -1.528654801640845449e+02
2.727272727272727337e+01 -1.528611352297092481e+02
2.757575757575757791e+01 -1.528556621923436580e+02
2.787878787878787890e+01 -1.528496054661294750e+02
2.818181818181818343e+01 -1.528435220305375992e+02
2.848484848484848442e+01 -1.528379366803678749e+02
2.878787878787878896e+01 -1.528333036219598569e+02
2.909090909090909349e+01 -1.528299767446026465e+02
2.939393939393939448e+01 -1.528281898866061397e+02
2.969696969696969902e+01 -1.528280475032405548e+02
3.000000000000000000e+01 -1.528295253834591279e+02
