0.000000000000000000e+00 -1.307497230104310972e+02
3.333333333333333481e+00 -1.370005578932181720e+02
6.666666666666666963e+00 -1.542577683504752883e+02
1.000000000000000000e+01 -1.574924810064573251e+02
1.333333333333333393e+01 -1.580948035904000335e+02
1.666666666666666785e+01 -1.580474479266519552e+02
2.000000000000000000e+01 -1.581743802308497777e+02
2.333333333333333570e+01 -1.582402291035631094e+02
2.666666666666666785e+01 -1.582493258034764381e+02
3.000000000000000000e+01 -1.582964024195640604e+02
