0.000000000000000000e+00 -1.312381538418094067e+02
6.122448979591836871e-01 -1.322023045386673630e+02
1.224489795918367374e+00 -1.335254094081749372e+02
1.836734693877551061e+00 -1.352606943941678423e+02
2.448979591836734748e+00 -1.374858345933934061e+02
3.061224489795918657e+00 -1.403011704542156508e+02
3.673469387755102122e+00 -1.437520682429622525e+02
4.285714285714285587e+00 -1.465551095253308915e+02
4.897959183673469497e+00 -1.465554671697718732e+02
5.510204081632653406e+00 -1.465558153500335266e+02
6.122448979591837315e+00 -1.465560776803544911e+02
6.734693877551020336e+00 -1.465562166483658473e+02
7.346938775510204245e+00 -1.465562392667823701e+02
7.959183673469388154e+00 -1.465561866644619897e+02
8.571428571428571175e+00 -1.465561140021186475e+02
9.183673469387755972e+00 -1.465560693228664206e+02
9.795918367346938993e+00 -1.465560787745021116e+02
1.040816326530612201e+01 -1.465561420984010397e+02
1.102040816326530681e+01 -1.465562380392785258e+02
1.163265306122448983e+01 -1.465563359874018943e+02
1.224489795918367463e+01 -1.465564087033249621e+02
1.285714285714285765e+01 -1.465564415468652726e+02
1.346938775510204067e+01 -1.465564356646547708e+02
1.408163265306122547e+01 -1.465564051190854968e+02
1.469387755102040849e+01 -1.465563700114781795e+02
1.530612244897959151e+01 -1.465563486456405826e+02
1.591836734693877631e+01 -1.465563515604344786e+02
1.653061224489795933e+01 -1.465563791326531202e+02
1.714285714285714235e+01 -1.465564229622791572e+02
1.775510204081632537e+01 -1.465564699624173102e+02
1.836734693877551194e+01 -1.465565073722168847e+02
1.897959183673469497e+01 -1.465565269130416937e+02
1.959183673469387799e+01 -1.465565268842865692e+02
2.020408163265306101e+01 -1.465565118545050609e+02
2.081632653061224403e+01 -1.465564904203286005e+02
2.142857142857143060e+01 -1.465564720305288233e+02
2.204081632653061362e+01 -1.465564639959345925e+02
2.265306122448979664e+01 -1.465564695643185189e+02
2.326530612244897966e+01 -1.465564874743600114e+02
2.387755102040816269e+01 -1.465565128959083268e+02
2.448979591836734926e+01 -1.465565392732840451e+02
2.510204081632653228e+01 -1.465565604069161907e+02
2.571428571428571530e+01 -1.465565721495765956e+02
2.632653061224489832e+01 -1.465565733035225833e+02
2.693877551020408134e+01 -1.465565655931536639e+02
2.755102040816326436e+01 -1.465565528595637090e+02
2.816326530612245094e+01 -1.465565398073734400e+02
2.877551020408163396e+01 -1.465565306975340718e+02
2.938775510204081698e+01 -1.465565283286751139e+02
3.000000000000000000e+01 -1.465565335194154386e+02
