0.000000000000000000e+00 -1.320373748571712440e+02
6.122448979591836871e-01 -1.335593168655839520e+02
1.224489795918367374e+00 -1.356625232358609310e+02
1.836734693877551061e+00 -1.366799913775744528e+02
2.448979591836734748e+00 -1.366748626269012732e+02
3.061224489795918657e+00 -1.372351044648798393e+02
3.673469387755102122e+00 -1.373104264823109020e+02
4.285714285714285587e+00 -1.373041001688790743e+02
4.897959183673469497e+00 -1.365256458299229507e+02
5.510204081632653406e+00 -1.364129717733979135e+02
6.122448979591837315e+00 -1.369525868042709078e+02
6.734693877551020336e+00 -1.373118763859720843e+02
7.346938775510204245e+00 -1.373119006149502184e+02
7.959183673469388154e+00 -1.373118568539660487e+02
8.571428571428571175e+00 -1.373117958889289980e+02
9.183673469387755972e+00 -1.373117597684660609e+02
9.795918367346938993e+00 -1.373117701632448870e+02
1.040816326530612201e+01 -1.373118257751473266e+02
1.102040816326530681e+01 -1.373119078925219014e+02
1.163265306122448983e+01 -1.373119906527585670e+02
1.224489795918367463e+01 -1.373120516644732163e+02
1.285714285714285765e+01 -1.373120793543625950e+02
1.346938775510204067e+01 -1.373120751931293455e+02
1.408163265306122547e+01 -1.373120510191658354e+02
1.469387755102040849e+01 -1.373120232769693416e+02
1.530612244897959151e+01 -1.373120066767202161e+02
1.591836734693877631e+01 -1.373120095083892807e+02
1.653061224489795933e+01 -1.373120318845111001e+02
1.714285714285714235e+01 -1.373120669883580831e+02
1.775510204081632537e+01 -1.373121044056691460e+02
1.836734693877551194e+01 -1.373121341039676224e+02
1.897959183673469497e+01 -1.373121496667413339e+02
1.959183673469387799e+01 -1.373121498703619068e+02
2.020408163265306101e+01 -1.373121383740016199e+02
2.081632653061224403e+01 -1.373121219237941091e+02
2.142857142857143060e+01 -1.373121078647563422e+02
2.204081632653061362e+01 -1.373121018314017761e+02
2.265306122448979664e+01 -1.373121062864879605e+02
2.326530612244897966e+01 -1.373121202107951149e+02
2.387755102040816269e+01 -1.373121398560909370e+02
2.448979591836734926e+01 -1.373121601784169457e+02
2.510204081632653228e+01 -1.373121764373296116e+02
2.571428571428571530e+01 -1.373121854855190520e+02
2.632653061224489832e+01 -1.373121864389304108e+02
2.693877551020408134e+01 -1.373121806395298279e+02
2.755102040816326436e+01 -1.373121710290705266e+02
2.816326530612245094e+01 -1.373121611894464706e+02
2.877551020408163396e+01 -1.373121543498940014e+02
2.938775510204081698e+01 -1.373121526195056958e+02
3.000000000000000000e+01 -1.373121566029595044e+02
