-1.570796326794896558e+00 5.070023425466146705e+00
-1.567651589403915802e+00 5.069910568730762179e+00
-1.564506852012935045e+00 5.069572767177170647e+00
-1.561362114621954289e+00 5.069005643707910735e+00
-1.558217377230973533e+00 5.068201911065031595e+00
-1.555072639839992776e+00 5.067151369110284520e+00
-1.551927902449012020e+00 5.065840900937477187e+00
-1.548783165058031042e+00 5.064254467734450316e+00
-1.545638427667050285e+00 5.062373102288511006e+00
-1.542493690276069529e+00 5.060174901004941717e+00
-1.539348952885088773e+00 5.057635014283256680e+00
-1.536204215494108016e+00 5.054725635071459777e+00
-1.533059478103127260e+00 5.051415985391990660e+00
-1.529914740712146504e+00 5.047672300607235485e+00
-1.526770003321165747e+00 5.043457811164710591e+00
-1.523625265930184991e+00 5.038732721533662584e+00
-1.520480528539204235e+00 5.033454186015045906e+00
-1.517335791148223478e+00 5.027576281075464948e+00
-1.514191053757242722e+00 5.021049973822528045e+00
-1.511046316366261966e+00 5.013823086204070023e+00
-1.507901578975280987e+00 5.005672490266956487e+00
-1.504756841584300231e+00 4.996858208319256534e+00
-1.501612104193319475e+00 4.987166237449820017e+00
-1.498467366802338718e+00 4.976531291161535364e+00
-1.495322629411357962e+00 4.964884675839975614e+00
-1.492177892020377206e+00 4.952154218019654053e+00
-1.489033154629396449e+00 4.938264183179953193e+00
-1.485888417238415693e+00 4.923135185237949685e+00
-1.482743679847434937e+00 4.906684085826718444e+00
-1.479598942456454180e+00 4.888823882359858430e+00
-1.476454205065473424e+00 4.869463583784828131e+00
-1.473309467674492668e+00 4.848508072817285353e+00
-1.470164730283511911e+00 4.825857953323797744e+00
-1.467019992892530933e+00 4.801409381379588837e+00
-1.463875255501550177e+00 4.775053878368616722e+00
-1.460730518110569420e+00 4.746678124311777935e+00
-1.457585780719588664e+00 4.716163729402396143e+00
-1.454441043328607908e+00 4.683386981493576684e+00
-1.451296305937627151e+00 4.648218567011028313e+00
-1.448151568546646395e+00 4.610523262457469684e+00
-1.445006831155665639e+00 4.569324097010248664e+00
-1.441862093764684882e+00 4.526086072823076734e+00
-1.438717356373704126e+00 4.479873254603838006e+00
-1.435572618982723370e+00 4.430522830136631285e+00
-1.432427881591742391e+00 4.377863955511653415e+00
-1.429283144200761857e+00 4.321717185226972902e+00
-1.426138406809780879e+00 4.261893839163214182e+00
-1.422993669418800122e+00 4.198195298548998977e+00
-1.419848932027819366e+00 4.130412221846974319e+00
-1.416704194636838610e+00 4.058323670091226631e+00
-1.413559457245857853e+00 3.981696129554386232e+00
-1.410414719854877097e+00 3.900282417662534584e+00
-1.407269982463896341e+00 3.813820455744057369e+00
-1.404125245072915584e+00 3.722031889411880456e+00
-1.400980507681934828e+00 3.624620534037010344e+00
-1.397835770290954072e+00 3.521270618745671044e+00
-1.394691032899973315e+00 3.411644797504127524e+00
-1.391546295508992337e+00 3.295381889936273012e+00
-1.388401558118011803e+00 3.172094307291832394e+00
-1.385256820727030824e+00 3.041365110111577508e+00
-1.382112083336050068e+00 2.899888458790130130e+00
-1.378967345945069312e+00 2.752717640210455841e+00
-1.375822608554088555e+00 2.596630884256111216e+00
-1.372677871163107799e+00 2.431053509828792869e+00
-1.369533133772127043e+00 2.255358309328890698e+00
-1.366388396381146286e+00 2.068858404119794159e+00
-1.363243658990165530e+00 1.870798830247252909e+00
-1.360098921599184774e+00 1.660346574102206318e+00
-1.356954184208204017e+00 1.436578702652170136e+00
-1.353809446817223261e+00 1.198468133924706081e+00
-1.350664709426242283e+00 9.448664616817126216e-01
-1.347519972035261748e+00 6.744830709301865568e-01
-1.344375234644280770e+00 3.858595395428991992e-01
-1.341230497253300014e+00 7.733798851992901291e-02
-1.338085759862319257e+00 -2.529784215405825876e-01
-1.334941022471338501e+00 -6.072753095936889167e-01
-1.331796285080357745e+00 -9.880906211240372272e-01
-1.328651547689376988e+00 -1.398396709422407014e+00
-1.325506810298396232e+00 -1.841707843609590611e+00
-1.322362072907415476e+00 -2.322223225240492184e+00
-1.319217335516434719e+00 -2.855948293161766571e+00
-1.316072598125453963e+00 -3.428294500483588081e+00
-1.312927860734473207e+00 -4.057067064625414332e+00
-1.309783123343492228e+00 -4.752131979449096377e+00
-1.306638385952511694e+00 -5.526263154204251293e+00
-1.303493648561530716e+00 -6.396419453642302244e+00
-1.300348911170549959e+00 -7.385810456640264476e+00
-1.297204173779569203e+00 -8.527418969451119324e+00
-1.294059436388588447e+00 -9.870418636399151069e+00
-1.290914698997607690e+00 -1.149291437874090605e+01
-1.287769961606626934e+00 -1.353036038063444835e+01
-1.284625224215646178e+00 -1.625062083732685636e+01
-1.281480486824665421e+00 -2.031493871936820028e+01
-1.278335749433684665e+00 -2.839835971926546421e+01
-1.275191012042703909e+00 -3.346866183511352233e+01
-1.272046274651723152e+00 -2.180636594506871262e+01
-1.268901537260742174e+00 -1.695685277652610523e+01
-1.265756799869761640e+00 -1.383489594772514408e+01
-1.262612062478780661e+00 -1.152340722210718837e+01
-1.259467325087799905e+00 -9.685274506485818335e+00
-1.256322587696819149e+00 -8.130516621281095979e+00
-1.253177850305838392e+00 -6.828650880749997043e+00
-1.250033112914857636e+00 -5.691392257878817418e+00
-1.246888375523876880e+00 -4.682407809196341475e+00
-1.243743638132896123e+00 -3.776479557146728894e+00
-1.240598900741915367e+00 -2.955399938826055006e+00
-1.237454163350934611e+00 -2.205603393587026062e+00
-1.234309425959953854e+00 -1.516721248062147254e+00
-1.231164688568973098e+00 -8.806590897176249655e-01
-1.228019951177992120e+00 -2.909851913421590552e-01
-1.224875213787011585e+00 2.574878995310072582e-01
-1.221730476396030607e+00 7.689974461499105018e-01
-1.218585739005049851e+00 1.247042094140567770e+00
-1.215441001614069094e+00 1.694537197855751742e+00
-1.212296264223088338e+00 2.113930898414309922e+00
-1.209151526832107582e+00 2.507292239155894720e+00
-1.206006789441126825e+00 2.876378985441306213e+00
-1.202862052050146069e+00 3.222690464443047631e+00
-1.199717314659165313e+00 3.547509178115745954e+00
-1.196572577268184556e+00 3.851933882990632441e+00
-1.193427839877203578e+00 4.142412870601162922e+00
-1.190283102486223044e+00 4.408372705783790479e+00
-1.187138365095242065e+00 4.656385511266751820e+00
-1.183993627704261531e+00 4.887032084024529155e+00
-1.180848890313280553e+00 5.100800537677898205e+00
-1.177704152922299796e+00 5.298095637759978160e+00
-1.174559415531319040e+00 5.479246376478194236e+00
-1.171414678140338284e+00 5.644512067376115994e+00
-1.168269940749357527e+00 5.794087175547684154e+00
-1.165125203358376771e+00 5.928105047827767038e+00
-1.161980465967396015e+00 6.046640665981172447e+00
-1.158835728576415258e+00 6.149712511567443585e+00
-1.155690991185434502e+00 6.237283601732976024e+00
-1.152546253794453524e+00 6.309261728962329840e+00
-1.149401516403472989e+00 6.365498913359562749e+00
-1.146256779012492011e+00 6.405790052028869752e+00
-1.143112041621511477e+00 6.429870725314465574e+00
-1.139967304230530498e+00 6.437414092714995206e+00
-1.136822566839549742e+00 6.428026780700683673e+00
-1.133677829448568986e+00 6.401243628621170245e+00
-1.130533092057588229e+00 6.355439511442433798e+00
-1.127388354666607473e+00 6.291769172177524183e+00
-1.124243617275626717e+00 6.208787399796658946e+00
-1.121098879884645960e+00 6.105656720631479573e+00
-1.117954142493665204e+00 5.981415669181856742e+00
-1.114809405102684448e+00 5.834960321227462998e+00
-1.111664667711703469e+00 5.665021515384704998e+00
-1.108519930320722935e+00 5.470136593580736672e+00
-1.105375192929741957e+00 5.248614089321193887e+00
-1.102230455538761200e+00 4.998489227482487252e+00
-1.099085718147780444e+00 4.717467291292983589e+00
-1.095940980756799688e+00 4.402850736628479922e+00
-1.092796243365818931e+00 4.051444191006375206e+00
-1.089651505974838175e+00 3.659428836621621883e+00
-1.086506768583857419e+00 3.222193589947330850e+00
-1.083362031192876662e+00 2.734103993011672173e+00
-1.080217293801895906e+00 2.188179095286610476e+00
-1.077072556410915150e+00 1.575628605458504694e+00
-1.073927819019934393e+00 8.851709459095502552e-01
-1.070783081628953415e+00 1.019946792141794845e-01
-1.067638344237972881e+00 -8.131284588947949032e-01
-1.064493606846991902e+00 -1.852784311960078867e+00
-1.061348869456011368e+00 -3.074664873516006480e+00
-1.058204132065030389e+00 -4.541891368659477735e+00
-1.055059394674049633e+00 -6.359366220998893482e+00
-1.051914657283068877e+00 -8.721448839769131212e+00
-1.048769919892088121e+00 -1.205599668029093863e+01
-1.045625182501107364e+00 -1.767070088207547940e+01
-1.042480445110126608e+00 -3.980375933786598353e+01
-1.039335707719145852e+00 -1.903963044018891537e+01
-1.036190970328164873e+00 -1.259096527937330734e+01
-1.033046232937184339e+00 -8.913861172359652585e+00
-1.029901495546203360e+00 -6.332275119197149138e+00
-1.026756758155222826e+00 -4.345212771541483221e+00
-1.023612020764241848e+00 -2.734145866277295056e+00
-1.020467283373261314e+00 -1.383979134856929250e+00
-1.017322545982280335e+00 -2.266407425429051159e-01
-1.014177808591299579e+00 7.814425084063501004e-01
-1.011033071200318822e+00 1.669809817676316754e+00
-1.007888333809338066e+00 2.459374784979843298e+00
-1.004743596418357310e+00 3.178806266973520422e+00
-1.001598859027376553e+00 3.811571936034695796e+00
-9.984541216363957972e-01 4.381370658463751511e+00
-9.953093842454149298e-01 4.895081339025693978e+00
-9.921646468544341735e-01 5.358149549306499893e+00
-9.890199094634534172e-01 5.774927448531286700e+00
-9.858751720724726608e-01 6.148914803369635251e+00
-9.827304346814919045e-01 6.482933153521479142e+00
-9.795856972905111482e-01 6.779253560320992023e+00
-9.764409598995302808e-01 7.039691311073760005e+00
-9.732962225085495245e-01 7.265676516714503208e+00
-9.701514851175687681e-01 7.458306673976320411e+00
-9.670067477265880118e-01 7.618385357267932534e+00
-9.638620103356072555e-01 7.746449899348803569e+00
-9.607172729446264992e-01 7.842789992887905015e+00
-9.575725355536457428e-01 7.907458456894943311e+00
-9.544277981626648755e-01 7.940274869487375042e+00
-9.512830607716841191e-01 7.940822304940468257e+00
-9.481383233807033628e-01 7.908436975768744048e+00
-9.449935859897226065e-01 7.842190121517013779e+00
-9.418488485987418501e-01 7.738466482176381334e+00
-9.387041112077610938e-01 7.599753325927554926e+00
-9.355593738167802265e-01 7.422432200837000948e+00
-9.324146364257994701e-01 7.204110887062086022e+00
-9.292698990348187138e-01 6.941852174415377164e+00
-9.261251616438379575e-01 6.632048526201764105e+00
-9.229804242528572011e-01 6.270251458657671861e+00
-9.198356868618764448e-01 5.850935821601872533e+00
-9.166909494708956885e-01 5.367167972964409728e+00
-9.135462120799148211e-01 4.810127846147064901e+00
-9.104014746889340648e-01 4.168401392753104062e+00
-9.072567372979533085e-01 3.426898003307226048e+00
-9.041119999069725521e-01 2.565127017842407042e+00
-9.009672625159917958e-01 1.554317376942968565e+00
-8.978225251250110395e-01 3.523033719134929243e-01
-8.946777877340301721e-01 -1.106289421988570609e+00
-8.915330503430494158e-01 -2.930931901924580529e+00
-8.883883129520686595e-01 -5.326644796939426385e+00
-8.852435755610879031e-01 -8.752902687194456632e+00
-8.820988381701071468e-01 -1.467021707722871326e+01
-8.789541007791263905e-01 -5.245855234590719363e+01
-8.758093633881455231e-01 -1.451287219089354608e+01
-8.726646259971647668e-01 -8.514288425217912959e+00
-8.695198886061840104e-01 -4.990864557679486779e+00
-8.663751512152032541e-01 -2.494728918918866611e+00
-8.632304138242224978e-01 -5.692010697617391202e-01
-8.600856764332417415e-01 9.895935250719389842e-01
-8.569409390422609851e-01 2.290444527129338326e+00
-8.537962016512801178e-01 3.398211424848149420e+00
-8.506514642602993614e-01 4.354609712450930203e+00
-8.475067268693186051e-01 5.187982411290580131e+00
-8.443619894783378488e-01 5.918393009341755828e+00
-8.412172520873570924e-01 6.560493051424359123e+00
-8.380725146963763361e-01 7.125236463801613240e+00
-8.349277773053954688e-01 7.620954349397401018e+00
-8.317830399144147124e-01 8.054055004899552728e+00
-8.286383025234339561e-01 8.429493863141104271e+00
-8.254935651324531998e-01 8.751096356746749905e+00
-8.223488277414724434e-01 9.021783222591974294e+00
-8.192040903504916871e-01 9.243728733627605720e+00
-8.160593529595108198e-01 9.421492021279167517e+00
-8.129146155685300634e-01 9.549089708345142924e+00
-8.097698781775493071e-01 9.630927042663390836e+00
-8.066251407865685508e-01 9.666964610591008977e+00
-8.034804033955877944e-01 9.656673094963423409e+00
-8.003356660046070381e-01 9.599013613657419342e+00
-7.971909286136262818e-01 9.492395122534269092e+00
-7.940461912226454144e-01 9.334604809674384995e+00
-7.909014538316646581e-01 9.122704456699423758e+00
-7.877567164406839018e-01 8.852881519814093991e+00
-7.846119790497031454e-01 8.520237237965503141e+00
-7.814672416587223891e-01 8.118483745863692036e+00
-7.783225042677416328e-01 7.639504892314995743e+00
-7.751777668767607654e-01 7.072705315178311025e+00
-7.720330294857800091e-01 6.404017240493292462e+00
-7.688882920947992528e-01 5.614328413304242815e+00
-7.657435547038184964e-01 4.676877305553613695e+00
-7.625988173128377401e-01 3.552681930768290641e+00
-7.594540799218569838e-01 2.181904578973899334e+00
-7.563093425308762274e-01 4.658658133894846287e-01
-7.531646051398953601e-01 -1.828143796273614896e+00
-7.500198677489146037e-01 -5.009169689844327422e+00
-7.468751303579338474e-01 -1.027529108054895346e+01
-7.437303929669530911e-01 -2.684838426336217765e+01
-7.405856555759723348e-01 -1.317158869403532151e+01
-7.374409181849915784e-01 -6.250563172612757512e+00
-7.342961807940107111e-01 -2.437919760500406596e+00
-7.311514434030299547e-01 1.962906887706807879e-01
-7.280067060120491984e-01 2.198307793922118947e+00
-7.248619686210684421e-01 3.800949618989612588e+00
-7.217172312300876857e-01 5.125142379721239649e+00
-7.185724938391069294e-01 6.241673393759747057e+00
-7.154277564481261731e-01 7.195441699647652456e+00
-7.122830190571453057e-01 8.016595663490249990e+00
-7.091382816661645494e-01 8.726238591164428016e+00
-7.059935442751837931e-01 9.339597477564495875e+00
-7.028488068842030367e-01 9.867895025341734794e+00
-6.997040694932222804e-01 1.031950991338576884e+01
-6.965593321022415241e-01 1.070072284141885177e+01
-6.934145947112606567e-01 1.101620901963718424e+01
-6.902698573202799004e-01 1.127381323046003203e+01
-6.871251199292991441e-01 1.146580770755861067e+01
-6.839803825383183877e-01 1.159927296142543085e+01
-6.808356451473376314e-01 1.167479955767615252e+01
-6.776909077563568751e-01 1.169218894200147929e+01
-6.745461703653760077e-01 1.165044638410931555e+01
-6.714014329743952514e-01 1.154772978788810178e+01
-6.682566955834144951e-01 1.138124824688899750e+01
-6.651119581924337387e-01 1.114709761057320492e+01
-6.619672208014529824e-01 1.084001084838408246e+01
-6.588224834104722261e-01 1.045298605477583465e+01
-6.556777460194914697e-01 9.976729736657112824e+00
-6.525330086285106024e-01 9.398808085431983983e+00
-6.493882712375298460e-01 8.702314284593455795e+00
-6.462435338465490897e-01 7.863690519683231628e+00
-6.430987964555683334e-01 6.848979474342211660e+00
-6.399540590645875771e-01 5.606927197462493240e+00
-6.368093216736068207e-01 4.055125350989079891e+00
-6.336645842826259534e-01 2.048595830693070496e+00
-6.305198468916451970e-01 -7.052350613935729484e-01
-6.273751095006644407e-01 -5.067344005771779791e+00
-6.242303721096836844e-01 -1.439808125890307622e+01
-6.210856347187029280e-01 -1.466812652410581563e+01
-6.179408973277221717e-01 -4.952501589946194827e+00
-6.147961599367413044e-01 -4.573107901556880961e-01
-6.116514225457605480e-01 2.488850643738231838e+00
-6.085066851547797917e-01 4.669273422995342315e+00
-6.053619477637990354e-01 6.385754613274144731e+00
-6.022172103728182790e-01 7.786635434472596984e+00
-5.990724729818375227e-01 8.955715724096787511e+00
-5.959277355908567664e-01 9.944812840061977965e+00
-5.927829981998758990e-01 1.078803783619326495e+01
-5.896382608088951427e-01 1.150886811358691375e+01
-5.864935234179143864e-01 1.212397534617985784e+01
-5.833487860269336300e-01 1.264543942843751267e+01
-5.802040486359528737e-01 1.308209475403388211e+01
-5.770593112449721174e-01 1.344037913474089052e+01
-5.739145738539912500e-01 1.372488100589243487e+01
-5.707698364630104937e-01 1.393869324022568890e+01
-5.676250990720297374e-01 1.408363526159019941e+01
-5.644803616810489810e-01 1.416121664454687590e+01
-5.613356242900682247e-01 1.416794724878974066e+01
-5.581908868990874684e-01 1.410445237851474687e+01
-5.550461495081067120e-01 1.396792758129858925e+01
-5.519014121171259557e-01 1.375415119613161963e+01
-5.487566747261451994e-01 1.345717528463023882e+01
-5.456119373351644430e-01 1.306884575321469555e+01
-5.424671999441834647e-01 1.257806063798790319e+01
-5.393224625532027083e-01 1.196960392987404376e+01
-5.361777251622219520e-01 1.122225203451942122e+01
-5.330329877712411957e-01 1.030555505598198351e+01
-5.298882503802604393e-01 9.174021346531979759e+00
-5.267435129892796830e-01 7.755725720827939540e+00
-5.235987755982989267e-01 5.927397840605188151e+00
-5.204540382073181704e-01 3.450591427449740678e+00
-5.173093008163374140e-01 -2.388115263843033631e-01
-5.141645634253566577e-01 -7.176164946179063975e+00
-5.110198260343759014e-01 -1.887694052273501910e+01
-5.078750886433951450e-01 -3.382113638697660463e+00
-5.047303512524143887e-01 1.930422072388012111e+00
-5.015856138614334103e-01 5.272163085813360794e+00
-4.984408764704526540e-01 7.631784108397045685e+00
-4.952961390794718977e-01 9.465843801515653411e+00
-4.921514016884911413e-01 1.095051725922615660e+01
-4.890066642975103850e-01 1.218224569447451699e+01
-4.858619269065296287e-01 1.321937469622917760e+01
-4.827171895155488723e-01 1.409968052049793386e+01
-4.795724521245681160e-01 1.484880546234582255e+01
-4.764277147335873597e-01 1.548472400647122882e+01
-4.732829773426066033e-01 1.602027976695726608e+01
-4.701382399516258470e-01 1.646470309217091454e+01
-4.669935025606450907e-01 1.682455140606580102e+01
-4.638487651696641123e-01 1.710430142870198011e+01
-4.607040277786833560e-01 1.730671747512727165e+01
-4.575592903877025996e-01 1.743306429724319173e+01
-4.544145529967218433e-01 1.748320068363203106e+01
-4.512698156057410870e-01 1.745556891204546446e+01
-4.481250782147603307e-01 1.734707836121253166e+01
-4.449803408237795743e-01 1.715286432374782066e+01
-4.418356034327988180e-01 1.686588029781825071e+01
-4.386908660418180617e-01 1.646731997577746398e+01
-4.355461286508373053e-01 1.595878283544173826e+01
-4.324013912598565490e-01 1.531408215892493629e+01
-4.292566538688757927e-01 1.450531114218751938e+01
-4.261119164778950363e-01 1.349096624756065665e+01
-4.229671790869140580e-01 1.220607230663168963e+01
-4.198224416959333016e-01 1.054111377389924087e+01
-4.166777043049525453e-01 8.290008066345698978e+00
-4.135329669139717890e-01 4.988873279758237800e+00
-4.103882295229910326e-01 -8.468906443196786427e-01
-4.072434921320102763e-01 -4.810422481745169421e+01
-4.040987547410295200e-01 -4.365757704551995744e-01
-4.009540173500487636e-01 5.699599662000757405e+00
-3.978092799590680073e-01 9.326262173068137429e+00
-3.946645425680872510e-01 1.190996766355480929e+01
-3.915198051771064947e-01 1.391126487452518745e+01
-3.883750677861257383e-01 1.553537424187425131e+01
-3.852303303951449820e-01 1.689167764578363062e+01
-3.820855930041640036e-01 1.804531567625080513e+01
-3.789408556131832473e-01 1.903811998829841556e+01
-3.757961182222024910e-01 1.991444419435755719e+01
-3.726513808312217346e-01 2.066018033507274509e+01
-3.695066434402409783e-01 2.130816133245594202e+01
-3.663619060492602220e-01 2.186904459397804601e+01
-3.632171686582794656e-01 2.235079894684888657e+01
-3.600724312672987093e-01 2.275938956494621834e+01
-3.569276938763179530e-01 2.309923075315064978e+01
-3.537829564853371966e-01 2.337348812007846988e+01
-3.506382190943564403e-01 2.358427805443414726e+01
-3.474934817033756840e-01 2.373279298590286501e+01
-3.443487443123949276e-01 2.381936892597346045e+01
-3.412040069214139493e-01 2.384350370756527226e+01
-3.380592695304331929e-01 2.380382812858842456e+01
-3.349145321394524366e-01 2.369802646237297949e+01
-3.317697947484716803e-01 2.352269629505930482e+01
-3.286250573574909239e-01 2.327312889638029247e+01
-3.254803199665101676e-01 2.294297803159763305e+01
-3.223355825755294113e-01 2.252376320609142368e+01
-3.191908451845486550e-01 2.200411492116022316e+01
-3.160461077935678986e-01 2.136859831095128470e+01
-3.129013704025871423e-01 2.057876560595216020e+01
-3.097566330116063860e-01 1.963435568829283895e+01
-3.066118956206256296e-01 1.847534406954070363e+01
-3.034671582296448733e-01 1.702899618184348185e+01
-3.003224208386638949e-01 1.517049048867789907e+01
-2.971776834476831386e-01 1.265771051427231342e+01
-2.940329460567023823e-01 8.914751550925760881e+00
-2.908882086657216259e-01 1.834554819977448403e+00
-2.877434712747408696e-01 -8.832188802750046364e+00
-2.845987338837601133e-01 5.969159142800705808e+00
-2.814539964927793569e-01 1.120294038987093188e+01
-2.783092591017986006e-01 1.445365631328736811e+01
-2.751645217108178443e-01 1.680340897766542696e+01
-2.720197843198370879e-01 1.862932666293073680e+01
-2.688750469288563316e-01 2.010770196877415472e+01
-2.657303095378755753e-01 2.133514760075647843e+01
-2.625855721468948190e-01 2.237022570435180313e+01
-2.594408347559138406e-01 2.325097547815872900e+01
-2.562960973649330843e-01 2.400335434731248796e+01
-2.531513599739523279e-01 2.464571311466828263e+01
-2.500066225829715716e-01 2.520134308659154598e+01
-2.468618851919908153e-01 2.565835976596166645e+01
-2.437171478010100589e-01 2.603574967155419628e+01
-2.405724104100293026e-01 2.633874438047129019e+01
-2.374276730190485463e-01 2.657104578643070880e+01
-2.342829356280677899e-01 2.673508713896738698e+01
-2.311381982370870336e-01 2.683219426637524307e+01
-2.279934608461062773e-01 2.686267044864717590e+01
-2.248487234551255209e-01 2.682581661108734394e+01
-2.217039860641445426e-01 2.671988955923420761e+01
-2.185592486731637862e-01 2.654199266688092962e+01
-2.154145112821830299e-01 2.628788379557304467e+01
-2.122697738912022736e-01 2.595167180292028064e+01
-2.091250365002215172e-01 2.552535181516286755e+01
-2.059802991092407609e-01 2.499809309675309166e+01
-2.028355617182600046e-01 2.435512679278508585e+01
-1.996908243272792483e-01 2.357595111518183018e+01
-1.965460869362984919e-01 2.263130093913123631e+01
-1.934013495453177356e-01 2.147771658179870968e+01
-1.902566121543369793e-01 2.004701416183645080e+01
-1.871118747633562229e-01 1.818187847006154101e+01
-1.839671373723754666e-01 1.572983538547537563e+01
-1.808223999813944882e-01 1.214304078292460076e+01
-1.776776625904137319e-01 5.665246357190973470e+00
-1.745329251994329756e-01 -1.207710535551540687e+01
-1.713881878084522192e-01 7.754345461306421328e+00
-1.682434504174714629e-01 1.333205266973920899e+01
-1.650987130264907066e-01 1.668575611156317962e+01
-1.619539756355099502e-01 1.906976638382881717e+01
-1.588092382445291939e-01 2.090002518095241868e+01
-1.556645008535484376e-01 2.236637405027925851e+01
-1.525197634625676812e-01 2.357131331711642730e+01
-1.493750260715869249e-01 2.457629965709450204e+01
-1.462302886806061686e-01 2.542088263492074418e+01
-1.430855512896254123e-01 2.613180047417871066e+01
-1.399408138986444339e-01 2.672775221977340010e+01
-1.367960765076636775e-01 2.722209030284389542e+01
-1.336513391166829212e-01 2.762442349166257571e+01
-1.305066017257021649e-01 2.794160723522785972e+01
-1.273618643347214086e-01 2.817836713667759341e+01
-1.242171269437406522e-01 2.834009732267806214e+01
-1.210723895527598959e-01 2.842193849677235917e+01
-1.179276521617791396e-01 2.842786802811670555e+01
-1.147829147707983832e-01 2.835652031753572899e+01
-1.116381773798176269e-01 2.820502003429179183e+01
-1.084934399888368706e-01 2.796875574631268080e+01
-1.053487025978561142e-01 2.764099312167479283e+01
-1.022039652068753579e-01 2.721225496502987795e+01
-9.905922781589437953e-02 2.666933619355702589e+01
-9.591449042491362320e-02 2.599370959375561085e+01
-9.276975303393286687e-02 2.515884868120208750e+01
-8.962501564295211054e-02 2.412548533740626056e+01
-8.648027825197135421e-02 2.283257781297821509e+01
-8.333554086099059788e-02 2.117832956710499914e+01
-8.019080347000984155e-02 1.897434408085361923e+01
-7.704606607902908522e-02 1.580859608432625762e+01
-7.390132868804832889e-02 1.044416240352896352e+01
-7.075659129706757255e-02 -8.552436324912335408e+00
-6.761185390608681622e-02 8.536087631966321254e+00
-6.446711651510605989e-02 1.524917770212269730e+01
-6.132237912412508152e-02 1.909859069723245995e+01
-5.817764173314432519e-02 2.173022127295075734e+01
-5.503290434216356886e-02 2.374894995285532673e+01
-5.188816695118281253e-02 2.537669259636340513e+01
-4.874342956020205619e-02 2.673007249514961003e+01
-4.559869216922129986e-02 2.787798389765514528e+01
-4.245395477824054353e-02 2.886449359885775579e+01
-3.930921738725978720e-02 2.971945405572587262e+01
-3.616447999627903087e-02 3.046397817141695796e+01
-3.301974260529827454e-02 3.111349823700141570e+01
-2.987500521431751821e-02 3.167958411321331269e+01
-2.673026782333676188e-02 3.217107837473210452e+01
-2.358553043235600555e-02 3.259483366792157000e+01
-2.044079304137502717e-02 3.295620725879062007e+01
-1.729605565039427084e-02 3.325940125710587836e+01
-1.415131825941351451e-02 3.350770115949788419e+01
-1.100658086843275818e-02 3.370364510396069591e+01
-7.861843477452001849e-03 3.384914430016763021e+01
-4.717106086471245519e-03 3.394556779446884320e+01
-1.572368695490489188e-03 3.399380007195740916e+01
1.572368695490267143e-03 3.399380007040927865e+01
4.717106086471023474e-03 3.394556778987130485e+01
7.861843477451779805e-03 3.384914429247892542e+01
1.100658086843253614e-02 3.370364509310958567e+01
1.415131825941329247e-02 3.350770114538069322e+01
1.729605565039404880e-02 3.325940123958206129e+01
2.044079304137502717e-02 3.295620723767629556e+01
2.358553043235578350e-02 3.259483364298050390e+01
2.673026782333653983e-02 3.217107834566301960e+01
2.987500521431729616e-02 3.167958407963183376e+01
3.301974260529805250e-02 3.111349819841425912e+01
3.616447999627880883e-02 3.046397812718388209e+01
3.930921738725956516e-02 2.971945400500225531e+01
4.245395477824032149e-02 2.886449354050459704e+01
4.559869216922107782e-02 2.787798383009196002e+01
4.874342956020183415e-02 2.673007241610044460e+01
5.188816695118259048e-02 2.537669250238732843e+01
5.503290434216334681e-02 2.374894983839728368e+01
5.817764173314410314e-02 2.173022112817413998e+01
6.132237912412508152e-02 1.909859050210948794e+01
6.446711651510583785e-02 1.524917740180219639e+01
6.761185390608659418e-02 8.536086993729977479e+00
7.075659129706735051e-02 -8.552431879358259437e+00
7.390132868804810684e-02 1.044416288575710894e+01
7.704606607902886317e-02 1.580859633357270866e+01
8.019080347000961950e-02 1.897434424533543051e+01
8.333554086099037583e-02 2.117832968719705278e+01
8.648027825197113216e-02 2.283257790539329335e+01
8.962501564295188849e-02 2.412548541064582963e+01
9.276975303393264483e-02 2.515884874016264305e+01
9.591449042491340116e-02 2.599370964149955299e+01
9.905922781589415749e-02 2.666933623211238569e+01
1.022039652068751359e-01 2.721225499579426454e+01
1.053487025978558922e-01 2.764099314563697973e+01
1.084934399888366485e-01 2.796875576418167952e+01
1.116381773798174049e-01 2.820502004657540951e+01
1.147829147707981612e-01 2.835652032459010030e+01
1.179276521617789175e-01 2.842786803017683184e+01
1.210723895527596738e-01 2.842193849397163774e+01
1.242171269437404302e-01 2.834009731505813789e+01
1.273618643347211865e-01 2.817836712409336641e+01
1.305066017257019428e-01 2.794160721763574884e+01
1.336513391166826992e-01 2.762442346882027522e+01
1.367960765076634555e-01 2.722209027438795559e+01
1.399408138986442118e-01 2.672775218518795270e+01
1.430855512896251902e-01 2.613180043274594766e+01
1.462302886806059465e-01 2.542088258564186276e+01
1.493750260715867029e-01 2.457629959855985646e+01
1.525197634625674592e-01 2.357131324728279509e+01
1.556645008535482155e-01 2.236637396606300143e+01
1.588092382445289719e-01 2.090002507742391202e+01
1.619539756355097282e-01 1.906976625242599965e+01
1.650987130264904845e-01 1.668575593543548052e+01
1.682434504174712409e-01 1.333205240807784264e+01
1.713881878084519972e-01 7.754344963347012509e+00
1.745329251994327535e-01 -1.207711020564955362e+01
1.776776625904135098e-01 5.665246976705780924e+00
1.808223999813944882e-01 1.214304106997704835e+01
1.839671373723752446e-01 1.572983556942353545e+01
1.871118747633560009e-01 1.818187860318791493e+01
1.902566121543367572e-01 2.004701426381960161e+01
1.934013495453175135e-01 2.147771666315158257e+01
1.965460869362982699e-01 2.263130100535757805e+01
1.996908243272790262e-01 2.357595116968170856e+01
2.028355617182597825e-01 2.435512683779705867e+01
2.059802991092405389e-01 2.499809313381975429e+01
2.091250365002212952e-01 2.552535184538301394e+01
2.122697738912020515e-01 2.595167182709407427e+01
2.154145112821828079e-01 2.628788381429080445e+01
2.185592486731635642e-01 2.654199268057902472e+01
2.217039860641445426e-01 2.671988956823116013e+01
2.248487234551252989e-01 2.682581661560783459e+01
2.279934608461060552e-01 2.686267044883739175e+01
2.311381982370868116e-01 2.683219426231211457e+01
2.342829356280675679e-01 2.673508713066339126e+01
2.374276730190483242e-01 2.657104577383453758e+01
2.405724104100290806e-01 2.633874436346456349e+01
2.437171478010098369e-01 2.603574964994380991e+01
2.468618851919905932e-01 2.565835973946667892e+01
2.500066225829713495e-01 2.520134305482257986e+01
2.531513599739521059e-01 2.464571307697359259e+01
2.562960973649328622e-01 2.400335430308085449e+01
2.594408347559136185e-01 2.325097542640332904e+01
2.625855721468945969e-01 2.237022564369684829e+01
2.657303095378753532e-01 2.133514752922722479e+01
2.688750469288561096e-01 2.010770188341718878e+01
2.720197843198368659e-01 1.862932655907015089e+01
2.751645217108176222e-01 1.680340884727770501e+01
2.783092591017983786e-01 1.445365614085563166e+01
2.814539964927791349e-01 1.120294013892058516e+01
2.845987338837598912e-01 5.969158687461142421e+00
2.877434712747406476e-01 -8.832191269438538939e+00
2.908882086657214039e-01 1.834555526495499578e+00
2.940329460567021602e-01 8.914751854328592628e+00
2.971776834476829166e-01 1.265771070403487997e+01
3.003224208386636729e-01 1.517049062424366923e+01
3.034671582296446513e-01 1.702899628530324705e+01
3.066118956206254076e-01 1.847534415150013132e+01
3.097566330116061639e-01 1.963435575464976424e+01
3.129013704025869202e-01 2.057876566031668020e+01
3.160461077935676766e-01 2.136859835551155129e+01
3.191908451845484329e-01 2.200411495773950676e+01
3.223355825755291892e-01 2.252376323583700213e+01
3.254803199665099456e-01 2.294297805534711188e+01
3.286250573574907019e-01 2.327312891475576606e+01
3.317697947484714582e-01 2.352269630852627813e+01
3.349145321394522146e-01 2.369802647127913175e+01
3.380592695304329709e-01 2.380382813318909996e+01
3.412040069214139493e-01 2.384350370804061114e+01
3.443487443123947056e-01 2.381936892243965076e+01
3.474934817033754619e-01 2.373279297841891378e+01
3.506382190943562183e-01 2.358427804300525565e+01
3.537829564853369746e-01 2.337348810465645954e+01
3.569276938763177309e-01 2.309923073363116686e+01
3.600724312672984873e-01 2.275938954116282176e+01
3.632171686582792436e-01 2.235079891856289436e+01
3.663619060492599999e-01 2.186904456086294601e+01
3.695066434402407562e-01 2.130816129407403281e+01
3.726513808312215126e-01 2.066018029083997831e+01
3.757961182222022689e-01 1.991444414349007275e+01
3.789408556131830252e-01 1.903811992956084254e+01
3.820855930041640036e-01 1.804531560828618098e+01
3.852303303951447599e-01 1.689167756642974183e+01
3.883750677861255163e-01 1.553537414786875104e+01
3.915198051771062726e-01 1.391126476063097428e+01
3.946645425680870289e-01 1.190996752059303887e+01
3.978092799590677853e-01 9.326261982676211204e+00
4.009540173500485416e-01 5.699599378313294551e+00
4.040987547410292979e-01 -4.365763303344394330e-01
4.072434921320100543e-01 -4.810435556539394497e+01
4.103882295229908106e-01 -8.468901012116134552e-01
4.135329669139715669e-01 4.988873543135078137e+00
4.166777043049523233e-01 8.290008235727601260e+00
4.198224416959330796e-01 1.054111389555247413e+01
4.229671790869140580e-01 1.220607239901874408e+01
4.261119164778948143e-01 1.349096631988460615e+01
4.292566538688755706e-01 1.450531119968207605e+01
4.324013912598561049e-01 1.531408220483599081e+01
4.355461286508370833e-01 1.595878287190669909e+01
4.386908660418176176e-01 1.646732000426417741e+01
4.418356034327985959e-01 1.686588031923282216e+01
4.449803408237795743e-01 1.715286433897660601e+01
4.481250782147601086e-01 1.734707837078571302e+01
4.512698156057410870e-01 1.745556891633679086e+01
4.544145529967216213e-01 1.748320068289140394e+01
4.575592903877025996e-01 1.743306429161672710e+01
4.607040277786831339e-01 1.730671746466839878e+01
4.638487651696641123e-01 1.710430141337536369e+01
4.669935025606446466e-01 1.682455138574477616e+01
4.701382399516256250e-01 1.646470306662798322e+01
4.732829773426061593e-01 1.602027973584606357e+01
4.764277147335871376e-01 1.548472396929706107e+01
4.795724521245676719e-01 1.484880541841842216e+01
4.827171895155486503e-01 1.409968046885659732e+01
4.858619269065296287e-01 1.321937463552002257e+01
4.890066642975101630e-01 1.218224562274111378e+01
4.921514016884911413e-01 1.095051717353035059e+01
4.952961390794716756e-01 9.465843697193864870e+00
4.984408764704526540e-01 7.631783977435418365e+00
5.015856138614331883e-01 5.272162912699723591e+00
5.047303512524141667e-01 1.930421818356940378e+00
5.078750886433947009e-01 -3.382114102538508860e+00
5.110198260343756793e-01 -1.887694323552797471e+01
5.141645634253562136e-01 -7.176164258930462836e+00
5.173093008163371920e-01 -2.388112276200331507e-01
5.204540382073177263e-01 3.450591614576609345e+00
5.235987755982987046e-01 5.927397974124573921e+00
5.267435129892796830e-01 7.755725822457137042e+00
5.298882503802602173e-01 9.174021426734750406e+00
5.330329877712411957e-01 1.030555512058865020e+01
5.361777251622217300e-01 1.122225208710064948e+01
5.393224625532027083e-01 1.196960397276499677e+01
5.424671999441832426e-01 1.257806067278925966e+01
5.456119373351642210e-01 1.306884578106096129e+01
5.487566747261447553e-01 1.345717530634375336e+01
5.519014121171257337e-01 1.375415121231564797e+01
5.550461495081062679e-01 1.396792759239575688e+01
5.581908868990872463e-01 1.410445238484474828e+01
5.613356242900677806e-01 1.416794725057364346e+01
5.644803616810487590e-01 1.416121664192265683e+01
5.676250990720297374e-01 1.408363525453506782e+01
5.707698364630102716e-01 1.393869322881933925e+01
5.739145738539912500e-01 1.372488099005645168e+01
5.770593112449717843e-01 1.344037911432073074e+01
5.802040486359527627e-01 1.308209472878798607e+01
5.833487860269332970e-01 1.264543939801953343e+01
5.864935234179142753e-01 1.212397531011075458e+01
5.896382608088948096e-01 1.150886807121209188e+01
5.927829981998757880e-01 1.078803778661538360e+01
5.959277355908563223e-01 9.944812782032919074e+00
5.990724729818373007e-01 8.955715655836399947e+00
6.022172103728178350e-01 7.786635353346522237e+00
6.053619477637988133e-01 6.385754515177485047e+00
6.085066851547797917e-01 4.669273301048637137e+00
6.116514225457603260e-01 2.488850485114522115e+00
6.147961599367413044e-01 -4.573110137749765158e-01
6.179408973277218386e-01 -4.952501963951398523e+00
6.210856347187028170e-01 -1.466812765678021435e+01
6.242303721096833513e-01 -1.439808018019490277e+01
6.273751095006643297e-01 -5.067343646441727856e+00
6.305198468916448640e-01 -7.052348510418795513e-01
6.336645842826258423e-01 2.048595977814830604e+00
6.368093216736063766e-01 4.055125462211517373e+00
6.399540590645873550e-01 5.606927285283109796e+00
6.430987964555683334e-01 6.848979545508104394e+00
6.462435338465488677e-01 7.863690578243566875e+00
6.493882712375298460e-01 8.702314333162419757e+00
6.525330086285103803e-01 9.398808125788661982e+00
6.556777460194913587e-01 9.976729770060181579e+00
6.588224834104718930e-01 1.045298608214158875e+01
6.619672208014528714e-01 1.084001087039309397e+01
6.651119581924334057e-01 1.114709762773700774e+01
6.682566955834143840e-01 1.138124825959335951e+01
6.714014329743949183e-01 1.154772979642176267e+01
6.745461703653758967e-01 1.165044638868322835e+01
6.776909077563564310e-01 1.169218894276177068e+01
6.808356451473374094e-01 1.167479955471230824e+01
6.839803825383183877e-01 1.159927295477513809e+01
6.871251199292989220e-01 1.146580769720954152e+01
6.902698573202799004e-01 1.127381321634892331e+01
6.934145947112604347e-01 1.101620900156692073e+01
6.965593321022414131e-01 1.070072281928473501e+01
6.997040694932219473e-01 1.031950988693357374e+01
7.028488068842029257e-01 9.867894994226951155e+00
7.059935442751834600e-01 9.339597441326858984e+00
7.091382816661644384e-01 8.726238549189638150e+00
7.122830190571449727e-01 8.016595614951654625e+00
7.154277564481259510e-01 7.195441643413929000e+00
7.185724938391064853e-01 6.241673328242853813e+00
7.217172312300874637e-01 5.125142302612765377e+00
7.248619686210684421e-01 3.800949526769993980e+00
7.280067060120489764e-01 2.198307680861258717e+00
7.311514434030299547e-01 1.962905446221014927e-01
7.342961807940104890e-01 -2.437919956884698536e+00
7.374409181849914674e-01 -6.250563477131741763e+00
7.405856555759720017e-01 -1.317158936530712054e+01
7.437303929669529801e-01 -2.684838106180006889e+01
7.468751303579335143e-01 -1.027529061418319856e+01
7.500198677489144927e-01 -5.009169441642733034e+00
7.531646051398950270e-01 -1.828143629380022617e+00
7.563093425308760054e-01 4.658659367786412986e-01
7.594540799218565397e-01 2.181904675883284739e+00
7.625988173128375180e-01 3.552682009397571505e+00
7.657435547038184964e-01 4.676877370677605228e+00
7.688882920947990307e-01 5.614328467944169176e+00
7.720330294857800091e-01 6.404017286678094223e+00
7.751777668767605434e-01 7.072705354332839534e+00
7.783225042677415217e-01 7.639504925474589925e+00
7.814672416587220560e-01 8.118483773800395653e+00
7.846119790497030344e-01 8.520237261266586870e+00
7.877567164406835687e-01 8.852881538932432903e+00
7.909014538316645471e-01 9.122704471987312047e+00
7.940461912226450814e-01 9.334604821406443875e+00
7.971909286136260597e-01 9.492395130923508617e+00
8.003356660046065940e-01 9.599013618866493402e+00
8.034804033955875724e-01 9.656673097112509652e+00
8.066251407865685508e-01 9.666964609763244454e+00
8.097698781775490851e-01 9.630927038908346560e+00
8.129146155685300634e-01 9.549089701680848918e+00
8.160593529595105977e-01 9.421492011692613744e+00
8.192040903504915761e-01 9.243728721013983574e+00
8.223488277414721104e-01 9.021783206930663823e+00
8.254935651324530888e-01 8.751096337920518664e+00
8.286383025234336230e-01 8.429493840989199072e+00
8.317830399144146014e-01 8.054054979209219312e+00
8.349277773053951357e-01 7.620954319891986017e+00
8.380725146963761141e-01 7.125236430123401021e+00
8.412172520873566484e-01 6.560493013110246352e+00
8.443619894783376267e-01 5.918392965786811288e+00
8.475067268693186051e-01 5.187982361693933342e+00
8.506514642602991394e-01 4.354609655730321549e+00
8.537962016512801178e-01 3.398211359501942752e+00
8.569409390422606521e-01 2.290444450998744941e+00
8.600856764332416304e-01 9.895934349061263902e-01
8.632304138242221647e-01 -5.692011791739091109e-01
8.663751512152031431e-01 -2.494729056702411185e+00
8.695198886061836774e-01 -4.990864742065689086e+00
8.726646259971646558e-01 -8.514288701632317213e+00
8.758093633881451900e-01 -1.451287273935714950e+01
8.789541007791261684e-01 -5.245859521197280628e+01
8.820988381701067027e-01 -1.467021653238649037e+01
8.852435755610876811e-01 -8.752902416723813417e+00
8.883883129520686595e-01 -5.326644618890121308e+00
8.915330503430491937e-01 -2.930931770564825456e+00
8.946777877340301721e-01 -1.106289318986007686e+00
8.978225251250107064e-01 3.523034557374487008e-01
9.009672625159916848e-01 1.554317446836513739e+00
9.041119999069722191e-01 2.565127077085673335e+00
9.072567372979531974e-01 3.426898054087061496e+00
9.104014746889337317e-01 4.168401436597996224e+00
9.135462120799147101e-01 4.810127884166753631e+00
9.166909494708952444e-01 5.367168005988453672e+00
9.198356868618762228e-01 5.850935850265244653e+00
9.229804242528567571e-01 6.270251483455826502e+00
9.261251616438377354e-01 6.632048547526864013e+00
9.292698990348187138e-01 6.941852192582196324e+00
9.324146364257992481e-01 7.204110902324895704e+00
9.355593738167802265e-01 7.422432213402501588e+00
9.387041112077607607e-01 7.599753335964329892e+00
9.418488485987417391e-01 7.738466489821465899e+00
9.449935859897222734e-01 7.842190126836474207e+00
9.481383233807032518e-01 7.908436978896933311e+00
9.512830607716837861e-01 7.940822305945488324e+00
9.544277981626647644e-01 7.940274868419678000e+00
9.575725355536452987e-01 7.907458453788787978e+00
9.607172729446262771e-01 7.842789987762223802e+00
9.638620103356068114e-01 7.746449892207664334e+00
9.670067477265877898e-01 7.618385348100513710e+00
9.701514851175687681e-01 7.458306662756434946e+00
9.732962225085493024e-01 7.265676503399717490e+00
9.764409598995302808e-01 7.039691295603866195e+00
9.795856972905108151e-01 6.779253542616139327e+00
9.827304346814917935e-01 6.482933133478880450e+00
9.858751720724723278e-01 6.148914780860110341e+00
9.890199094634533061e-01 5.774927423393968695e+00
9.921646468544338404e-01 5.358149521341623256e+00
9.953093842454148188e-01 4.895081307985449826e+00
9.984541216363953531e-01 4.381370624039512052e+00
1.001598859027376331e+00 3.811571897838170742e+00
1.004743596418356866e+00 3.178806224511880885e+00
1.007888333809337844e+00 2.459374737511879516e+00
1.011033071200318822e+00 1.669809764454129208e+00
1.014177808591299357e+00 7.814424483004813737e-01
1.017322545982280335e+00 -2.266408110971696033e-01
1.020467283373260869e+00 -1.383979214110247824e+00
1.023612020764241848e+00 -2.734145959631625544e+00
1.026756758155222382e+00 -4.345212884483032667e+00
1.029901495546203360e+00 -6.332275261425820645e+00
1.033046232937183895e+00 -8.913861363570248386e+00
1.036190970328164873e+00 -1.259096557011882567e+01
1.039335707719145407e+00 -1.903963104668169137e+01
1.042480445110126386e+00 -3.980375278151538510e+01
1.045625182501106920e+00 -1.767070037577207131e+01
1.048769919892087898e+00 -1.205599641916231235e+01
1.051914657283068877e+00 -8.721448665153509694e+00
1.055059394674049411e+00 -6.359366090768816093e+00
1.058204132065030389e+00 -4.541891265541885048e+00
1.061348869456010924e+00 -3.074664788752869526e+00
1.064493606846991902e+00 -1.852784240499353530e+00
1.067638344237972436e+00 -8.131283975582945800e-01
1.070783081628953415e+00 1.019947324132743915e-01
1.073927819019933949e+00 8.851709926359703218e-01
1.077072556410914927e+00 1.575628646798300281e+00
1.080217293801895462e+00 2.188179132056912835e+00
1.083362031192876440e+00 2.734104025842505337e+00
1.086506768583857419e+00 3.222193619334930759e+00
1.089651505974837953e+00 3.659428862963437723e+00
1.092796243365818931e+00 4.051444214625785634e+00
1.095940980756799465e+00 4.402850757791490821e+00
1.099085718147780444e+00 4.717467310221529431e+00
1.102230455538760978e+00 4.998489244362978923e+00
1.105375192929741957e+00 5.248614104311553064e+00
1.108519930320722491e+00 5.470136606815973579e+00
1.111664667711703469e+00 5.665021526980648758e+00
1.114809405102684003e+00 5.834960331284086976e+00
1.117954142493664982e+00 5.981415677785776097e+00
1.121098879884645516e+00 6.105656727857944333e+00
1.124243617275626494e+00 6.208787405711213125e+00
1.127388354666607473e+00 6.291769176837274102e+00
1.130533092057588007e+00 6.355439514897067710e+00
1.133677829448568986e+00 6.401243630891045200e+00
1.136822566839549520e+00 6.428026781846682525e+00
1.139967304230530498e+00 6.437414092769152774e+00
1.143112041621511032e+00 6.429870724304041829e+00
1.146256779012492011e+00 6.405790049976751277e+00
1.149401516403472545e+00 6.365498910284514977e+00
1.152546253794453524e+00 6.309261724879270616e+00
1.155690991185434058e+00 6.237283596653135476e+00
1.158835728576415036e+00 6.149712505498474258e+00
1.161980465967395570e+00 6.046640658927163514e+00
1.165125203358376549e+00 5.928105039789297592e+00
1.168269940749357527e+00 5.794087166521837418e+00
1.171414678140338061e+00 5.644512057356266155e+00
1.174559415531319040e+00 5.479246365453889211e+00
1.177704152922299574e+00 5.298095625716886303e+00
1.180848890313280553e+00 5.100800524597357111e+00
1.183993627704261087e+00 4.887032069883236574e+00
1.187138365095242065e+00 4.656385496036321570e+00
1.190283102486222599e+00 4.408372689430393621e+00
1.193427839877203578e+00 4.142412853084579183e+00
1.196572577268184112e+00 3.851933864238951344e+00
1.199717314659165091e+00 3.547509158097305715e+00
1.202862052050145625e+00 3.222690443093082280e+00
1.206006789441126603e+00 2.876378962684420060e+00
1.209151526832107582e+00 2.507292214903777960e+00
1.212296264223088116e+00 2.113930872563880570e+00
1.215441001614069094e+00 1.694537170285883576e+00
1.218585739005049629e+00 1.247042064708189457e+00
1.221730476396030607e+00 7.689974146856073389e-01
1.224875213787011141e+00 2.574878658317629743e-01
1.228019951177992120e+00 -2.909852275206503691e-01
1.231164688568972654e+00 -8.806591286726472845e-01
1.234309425959953632e+00 -1.516721290159885882e+00
1.237454163350934166e+00 -2.205603439284871570e+00
1.240598900741915145e+00 -2.955399988703291569e+00
1.243743638132895679e+00 -3.776479611953782012e+00
1.246888375523876658e+00 -4.682407869925242494e+00
1.250033112914857636e+00 -5.691392325880194392e+00
1.253177850305838170e+00 -6.828650957925376019e+00
1.256322587696819149e+00 -8.130516710431933802e+00
1.259467325087799683e+00 -9.685274612367379632e+00
1.262612062478780661e+00 -1.152340735189063992e+01
1.265756799869761196e+00 -1.383489611552437282e+01
1.268901537260742174e+00 -1.695685301442951953e+01
1.272046274651722708e+00 -2.180636635614014551e+01
1.275191012042703687e+00 -3.346866338969417143e+01
1.278335749433684221e+00 -2.839835886374800111e+01
1.281480486824665199e+00 -2.031493838689635822e+01
1.284625224215645733e+00 -1.625062063230333820e+01
1.287769961606626712e+00 -1.353036023318725256e+01
1.290914698997607690e+00 -1.149291426413704187e+01
1.294059436388588225e+00 -9.870418543051279414e+00
1.297204173779569203e+00 -8.527418891002412238e+00
1.300348911170549737e+00 -7.385810389226840300e+00
1.303493648561530716e+00 -6.396419394739922382e+00
1.306638385952511250e+00 -5.526263102073052380e+00
1.309783123343492228e+00 -4.752131932838075556e+00
1.312927860734472763e+00 -4.057067022604655904e+00
1.316072598125453741e+00 -3.428294462343572491e+00
1.319217335516434275e+00 -2.855948258347204671e+00
1.322362072907415254e+00 -2.322223193363491589e+00
1.325506810298395788e+00 -1.841707814252217190e+00
1.328651547689376766e+00 -1.398396682291732418e+00
1.331796285080357745e+00 -9.880905959762458224e-01
1.334941022471338279e+00 -6.072752862235759608e-01
1.338085759862319257e+00 -2.529783997738306311e-01
1.341230497253299792e+00 7.733800883303842966e-02
1.344375234644280770e+00 3.858595585316209053e-01
1.347519972035261304e+00 6.744830887073263170e-01
1.350664709426242283e+00 9.448664783459790328e-01
1.353809446817222817e+00 1.198468149563417740e+00
1.356954184208203795e+00 1.436578717342605671e+00
1.360098921599184330e+00 1.660346587913366534e+00
1.363243658990165308e+00 1.870798843241239240e+00
1.366388396381145842e+00 2.068858416352160390e+00
1.369533133772126821e+00 2.255358320850184839e+00
1.372677871163107799e+00 2.431053520684809399e+00
1.375822608554088333e+00 2.596630894488580310e+00
1.378967345945069312e+00 2.752717649857501669e+00
1.382112083336049846e+00 2.899888467886896137e+00
1.385256820727030824e+00 3.041365118680239732e+00
1.388401558118011359e+00 3.172094315372770978e+00
1.391546295508992337e+00 3.295381897557035700e+00
1.394691032899972871e+00 3.411644804690343591e+00
1.397835770290953850e+00 3.521270625521150777e+00
1.400980507681934384e+00 3.624620540423922677e+00
1.404125245072915362e+00 3.722031895431033632e+00
1.407269982463895897e+00 3.813820461414838547e+00
1.410414719854876875e+00 3.900282423003233134e+00
1.413559457245857853e+00 3.981696134582257685e+00
1.416704194636838388e+00 4.058323674822418070e+00
1.419848932027819366e+00 4.130412226296812150e+00
1.422993669418799900e+00 4.198195302731875245e+00
1.426138406809780879e+00 4.261893843092842360e+00
1.429283144200761413e+00 4.321717188916373686e+00
1.432427881591742391e+00 4.377863958973051695e+00
1.435572618982722926e+00 4.430522833381786540e+00
1.438717356373703904e+00 4.479873257643927076e+00
1.441862093764684438e+00 4.526086075668679598e+00
1.445006831155665417e+00 4.569324099671490558e+00
1.448151568546646395e+00 4.610523264940621146e+00
1.451296305937626929e+00 4.648218569328854244e+00
1.454441043328607908e+00 4.683386983654902025e+00
1.457585780719588442e+00 4.716163731415662141e+00
1.460730518110569420e+00 4.746678126184999513e+00
1.463875255501549955e+00 4.775053880109517479e+00
1.467019992892530933e+00 4.801409382995533548e+00
1.470164730283511467e+00 4.825857954821849205e+00
1.473309467674492446e+00 4.848508074204211482e+00
1.476454205065472980e+00 4.869463585067077105e+00
1.479598942456453958e+00 4.888823883543629734e+00
1.482743679847434493e+00 4.906684086917934451e+00
1.485888417238415471e+00 4.923135186242266315e+00
1.489033154629396449e+00 4.938264184102774124e+00
1.492177892020376984e+00 4.952154218866176905e+00
1.495322629411357962e+00 4.964884676615124448e+00
1.498467366802338496e+00 4.976531291870031737e+00
1.501612104193319475e+00 4.987166238096133242e+00
1.504756841584300009e+00 4.996858208907642762e+00
1.507901578975280987e+00 5.005672490801480023e+00
1.511046316366261522e+00 5.013823086687601460e+00
1.514191053757242500e+00 5.021049974259732096e+00
1.517335791148223034e+00 5.027576281469755770e+00
1.520480528539204013e+00 5.033454186369660022e+00
1.523625265930184547e+00 5.038732721851612695e+00
1.526770003321165525e+00 5.043457811448824657e+00
1.529914740712146504e+00 5.047672300860142514e+00
1.533059478103127038e+00 5.051415985616127813e+00
1.536204215494108016e+00 5.054725635269065265e+00
1.539348952885088551e+00 5.057635014456387523e+00
1.542493690276069529e+00 5.060174901155473748e+00
1.545638427667050063e+00 5.062373102418124660e+00
1.548783165058031042e+00 5.064254467844612861e+00
1.551927902449011576e+00 5.065840901029510235e+00
1.555072639839992554e+00 5.067151369185292964e+00
1.558217377230973089e+00 5.068201911123928483e+00
1.561362114621954067e+00 5.069005643751456347e+00
1.564506852012934601e+00 5.069572767205908548e+00
1.567651589403915580e+00 5.069910568745079615e+00
1.570796326794896558e+00 5.070023403142688068e+00
