-1.570796326794896558e+00 -2.842481437595850480e+00
-1.567651589403915802e+00 -2.842595443773234365e+00
-1.564506852012935045e+00 -2.842936670987008085e+00
-1.561362114621954289e+00 -2.843509496619873289e+00
-1.558217377230973533e+00 -2.844321208404657852e+00
-1.555072639839992776e+00 -2.845382007144117154e+00
-1.551927902449012020e+00 -2.846705010598789443e+00
-1.548783165058031042e+00 -2.848306258625100895e+00
-1.545638427667050285e+00 -2.850204719670202280e+00
-1.542493690276069529e+00 -2.852422298753580776e+00
-1.539348952885088773e+00 -2.854983847091155269e+00
-1.536204215494108016e+00 -2.857917173541267175e+00
-1.533059478103127260e+00 -2.861253058079029188e+00
-1.529914740712146504e+00 -2.865025267531279951e+00
-1.526770003321165747e+00 -2.869270573831656179e+00
-1.523625265930184991e+00 -2.874028775084546794e+00
-1.520480528539204235e+00 -2.879342719755506153e+00
-1.517335791148223478e+00 -2.885258334337855501e+00
-1.514191053757242722e+00 -2.891824654877844125e+00
-1.511046316366261966e+00 -2.899093862775991681e+00
-1.507901578975280987e+00 -2.907290005738069283e+00
-1.504756841584300231e+00 -2.916151279101967475e+00
-1.501612104193319475e+00 -2.925892559679411420e+00
-1.498467366802338718e+00 -2.936579138104306708e+00
-1.495322629411357962e+00 -2.948279712325820867e+00
-1.492177892020377206e+00 -2.961066460342919981e+00
-1.489033154629396449e+00 -2.975015121409214203e+00
-1.485888417238415693e+00 -2.990205086541074309e+00
-1.482743679847434937e+00 -3.006719499240162463e+00
-1.479598942456454180e+00 -3.024645367429918963e+00
-1.476454205065473424e+00 -3.044073687703132691e+00
-1.473309467674492668e+00 -3.065099583088681356e+00
-1.470164730283511911e+00 -3.087822455669815724e+00
-1.467019992892530933e+00 -3.112346155527603742e+00
-1.463875255501550177e+00 -3.138779167641857271e+00
-1.460730518110569420e+00 -3.167234818564260479e+00
-1.457585780719588664e+00 -3.197831504883957621e+00
-1.454441043328607908e+00 -3.230692945741537869e+00
-1.451296305937627151e+00 -3.265948461917488999e+00
-1.448151568546646395e+00 -3.303733284329119613e+00
-1.445006831155665639e+00 -3.345026255043840990e+00
-1.441862093764684882e+00 -3.388358701255512528e+00
-1.438717356373704126e+00 -3.434668381384774705e+00
-1.435572618982723370e+00 -3.484118115941612359e+00
-1.432427881591742391e+00 -3.536878757351104241e+00
-1.429283144200761857e+00 -3.593129759853290750e+00
-1.426138406809780879e+00 -3.653059812530138117e+00
-1.422993669418800122e+00 -3.716867543341749069e+00
-1.419848932027819366e+00 -3.784762303242075632e+00
-1.416704194636838610e+00 -3.856965040843377324e+00
-1.413559457245857853e+00 -3.933709279750800647e+00
-1.410414719854877097e+00 -4.015242212649475562e+00
-1.407269982463896341e+00 -4.101825928557545353e+00
-1.404125245072915584e+00 -4.193738792445884656e+00
-1.400980507681934828e+00 -4.291276999766644451e+00
-1.397835770290954072e+00 -4.394756332458129577e+00
-1.394691032899973315e+00 -4.504514147862153095e+00
-1.391546295508992337e+00 -4.620911637908605485e+00
-1.388401558118011803e+00 -4.744336403149489456e+00
-1.385256820727030824e+00 -4.875205395096010363e+00
-1.382112083336050068e+00 -5.016827340898352361e+00
-1.378967345945069312e+00 -5.164143268623064387e+00
-1.375822608554088555e+00 -5.320377783832249463e+00
-1.372677871163107799e+00 -5.486105580706322371e+00
-1.369533133772127043e+00 -5.661953880189564359e+00
-1.366388396381146286e+00 -5.848609574528424560e+00
-1.363243658990165530e+00 -6.046827641554905597e+00
-1.360098921599184774e+00 -6.257441109026423476e+00
-1.356954184208204017e+00 -6.481372924397220459e+00
-1.353809446817223261e+00 -6.719650184337830012e+00
-1.350664709426242283e+00 -6.973421310063706358e+00
-1.347519972035261748e+00 -7.243976931827397436e+00
-1.344375234644280770e+00 -7.532775487301030637e+00
-1.341230497253300014e+00 -7.841474871317828388e+00
-1.338085759862319257e+00 -8.171971939404642171e+00
-1.334941022471338501e+00 -8.526452326936386328e+00
-1.331796285080357745e+00 -8.907453996115812345e+00
-1.328651547689376988e+00 -9.317949317253521713e+00
-1.325506810298396232e+00 -9.761452576795235814e+00
-1.322362072907415476e+00 -1.024216299392951157e+01
-1.319217335516434719e+00 -1.077609001471242323e+01
-1.316072598125453963e+00 -1.134863719110494173e+01
-1.312927860734473207e+00 -1.197761368963118400e+01
-1.309783123343492228e+00 -1.267288552306512628e+01
-1.306638385952511694e+00 -1.344722661989623447e+01
-1.303493648561530716e+00 -1.431759586444759691e+01
-1.300348911170549959e+00 -1.530720285550375337e+01
-1.297204173779569203e+00 -1.644903041956536072e+01
-1.294059436388588447e+00 -1.779225222154872199e+01
-1.290914698997607690e+00 -1.941497320365120771e+01
-1.287769961606626934e+00 -2.145264757132493116e+01
-1.284625224215646178e+00 -2.417313954146886346e+01
-1.281480486824665421e+00 -2.823769210664740115e+01
-1.278335749433684665e+00 -3.632135098174912002e+01
-1.275191012042703909e+00 -4.139189418762251194e+01
-1.272046274651723152e+00 -2.972984262555458912e+01
-1.268901537260742174e+00 -2.488057704645318324e+01
-1.265756799869761640e+00 -2.175887109245773843e+01
-1.262612062478780661e+00 -1.944763655130212499e+01
-1.259467325087799905e+00 -1.760976135449028845e+01
-1.256322587696819149e+00 -1.605526959954180910e+01
-1.253177850305838392e+00 -1.475366819016663555e+01
-1.250033112914857636e+00 -1.361667730983500491e+01
-1.246888375523876880e+00 -1.260796404142202931e+01
-1.243743638132896123e+00 -1.170231043414474215e+01
-1.240598900741915367e+00 -1.088150895230474902e+01
-1.237454163350934611e+00 -1.013199406289908211e+01
-1.234309425959953854e+00 -9.443397120649763110e+00
-1.231164688568973098e+00 -8.807623741564107434e+00
-1.228019951177992120e+00 -8.218242227430103242e+00
-1.224875213787011585e+00 -7.670065155245204380e+00
-1.221730476396030607e+00 -7.158855291697378220e+00
-1.218585739005049851e+00 -6.681114021575339734e+00
-1.215441001614069094e+00 -6.233926021427009800e+00
-1.212296264223088338e+00 -5.814843181527450611e+00
-1.209151526832107582e+00 -5.421796490431560755e+00
-1.206006789441126825e+00 -5.053028215181363691e+00
-1.202862052050146069e+00 -4.707039061523190071e+00
-1.199717314659165313e+00 -4.382546560945172587e+00
-1.196572577268184556e+00 -4.078451990890876289e+00
-1.193427839877203578e+00 -3.788313816756662789e+00
-1.190283102486223044e+00 -3.522692144127809399e+00
-1.187138365095242065e+00 -3.275021528842493979e+00
-1.183993627704261531e+00 -3.044721210124706090e+00
-1.180848890313280553e+00 -2.831303111127354555e+00
-1.177704152922299796e+00 -2.634362503675397704e+00
-1.174559415531319040e+00 -2.453570433513114324e+00
-1.171414678140338284e+00 -2.288667625651946480e+00
-1.168269940749357527e+00 -2.139459654165911218e+00
-1.165125203358376771e+00 -2.005813212011034352e+00
-1.161980465967396015e+00 -1.887653357846495794e+00
-1.158835728576415258e+00 -1.784961651180204001e+00
-1.155690991185434502e+00 -1.697775116587287414e+00
-1.152546253794453524e+00 -1.626186003969564808e+00
-1.149401516403472989e+00 -1.570342336285293072e+00
-1.146256779012492011e+00 -1.530449260179828741e+00
-1.143112041621511477e+00 -1.506771239757227931e+00
-1.139967304230530498e+00 -1.499635160677669887e+00
-1.136822566839549742e+00 -1.509434442352279859e+00
-1.133677829448568986e+00 -1.536634292047629913e+00
-1.130533092057588229e+00 -1.582868360657535334e+00
-1.127388354666607473e+00 -1.646965093265450264e+00
-1.124243617275626717e+00 -1.730378132315401274e+00
-1.121098879884645960e+00 -1.833945001175536049e+00
-1.117954142493665204e+00 -1.958627215846462377e+00
-1.114809405102684448e+00 -2.105528751863687376e+00
-1.111664667711703469e+00 -2.275918822754924520e+00
-1.108519930320722935e+00 -2.471260139580770954e+00
-1.105375192929741957e+00 -2.693244222681869360e+00
-1.102230455538761200e+00 -2.943835901901906027e+00
-1.099085718147780444e+00 -3.225329949621993819e+00
-1.095940980756799688e+00 -3.540423966481185403e+00
-1.092796243365818931e+00 -3.892313382398654653e+00
-1.089651505974838175e+00 -4.284817073554307854e+00
-1.086506768583857419e+00 -4.722546182805338333e+00
-1.083362031192876662e+00 -5.211135228426705623e+00
-1.080217293801895906e+00 -5.757565222240259573e+00
-1.077072556410915150e+00 -6.370626517862305604e+00
-1.073927819019934393e+00 -7.061600756240956400e+00
-1.070783081628953415e+00 -7.845299439178596401e+00
-1.067638344237972881e+00 -8.760961523431632259e+00
-1.064493606846991902e+00 -9.801151785053377807e+00
-1.061348869456011368e+00 -1.102357279355021547e+01
-1.058204132065030389e+00 -1.249134584280483296e+01
-1.055059394674049633e+00 -1.430937342636056542e+01
-1.051914657283068877e+00 -1.667201502455837669e+01
-1.048769919892088121e+00 -2.000712816501848579e+01
-1.045625182501107364e+00 -2.562240406076799104e+01
-1.042480445110126608e+00 -4.775604067930581209e+01
-1.039335707719145852e+00 -2.699249648917805189e+01
-1.036190970328164873e+00 -2.054442265802167356e+01
-1.033046232937184339e+00 -1.686791658139869554e+01
-1.029901495546203360e+00 -1.428693533931922843e+01
-1.026756758155222826e+00 -1.230048466476546309e+01
-1.023612020764241848e+00 -1.069003637734128631e+01
-1.020467283373261314e+00 -9.340495292638593128e+00
-1.017322545982280335e+00 -8.183789661508129143e+00
-1.014177808591299579e+00 -7.176346373274157031e+00
-1.011033071200318822e+00 -6.288626316824426965e+00
-1.007888333809338066e+00 -5.499715982557098926e+00
-1.004743596418357310e+00 -4.780959924445475906e+00
-1.001598859027376553e+00 -4.148864077759434110e+00
-9.984541216363957972e-01 -3.579742839712075408e+00
-9.953093842454149298e-01 -3.066717402153763317e+00
-9.921646468544341735e-01 -2.604342291816223565e+00
-9.890199094634534172e-01 -2.188265449529481543e+00
-9.858751720724726608e-01 -1.814987210452777333e+00
-9.827304346814919045e-01 -1.481686138525688534e+00
-9.795856972905111482e-01 -1.186091277902164620e+00
-9.764409598995302808e-01 -9.263874486523917540e-01
-9.732962225085495245e-01 -7.011446491449149221e-01
-9.701514851175687681e-01 -5.092654939184129148e-01
-9.670067477265880118e-01 -3.499465218463626570e-01
-9.638620103356072555e-01 -2.226505155050872986e-01
-9.607172729446264992e-01 -1.270878996591449095e-01
-9.575725355536457428e-01 -6.320597487545853710e-02
-9.544277981626648755e-01 -3.118528480278115467e-02
-9.512830607716841191e-01 -3.144287916940413652e-02
-9.481383233807033628e-01 -6.464267175073956651e-02
-9.449935859897226065e-01 -1.317135516284650976e-01
-9.418488485987418501e-01 -2.362876839867951162e-01
-9.387041112077610938e-01 -3.758445836919861449e-01
-9.355593738167802265e-01 -5.540194176225696765e-01
-9.324146364257994701e-01 -7.732045441758828019e-01
-9.292698990348187138e-01 -1.036337314704098844e+00
-9.261251616438379575e-01 -1.347025409736083645e+00
-9.229804242528572011e-01 -1.709717459598671496e+00
-9.198356868618764448e-01 -2.129938763828079118e+00
-9.166909494708956885e-01 -2.614623116704919426e+00
-9.135462120799148211e-01 -3.172590739959417760e+00
-9.104014746889340648e-01 -3.815255840109081475e+00
-9.072567372979533085e-01 -4.557709187808185902e+00
-9.041119999069725521e-01 -5.420441607332200817e+00
-9.009672625159917958e-01 -6.432224325608075333e+00
-8.978225251250110395e-01 -7.635223222120565367e+00
-8.946777877340301721e-01 -9.094812895757215188e+00
-8.915330503430494158e-01 -1.092046442125977990e+01
-8.883883129520686595e-01 -1.331719870877074641e+01
-8.852435755610879031e-01 -1.674449052315078035e+01
-8.820988381701071468e-01 -2.266285155732659007e+01
-8.789541007791263905e-01 -6.045226770649898640e+01
-8.758093633881455231e-01 -2.250766048021648658e+01
-8.726646259971647668e-01 -1.651016295552877011e+01
-8.695198886061840104e-01 -1.298783884537761679e+01
-8.663751512152032541e-01 -1.049281668870989392e+01
-8.632304138242224978e-01 -8.568416258924422380e+00
-8.600856764332417415e-01 -7.010763237687505978e+00
-8.569409390422609851e-01 -5.711068184881021637e+00
-8.537962016512801178e-01 -4.604471838091896529e+00
-8.506514642602993614e-01 -3.649258933833841922e+00
-8.475067268693186051e-01 -2.817086686321786715e+00
-8.443619894783378488e-01 -2.087891848103751613e+00
-8.412172520873570924e-01 -1.447023119964654825e+00
-8.380725146963763361e-01 -8.835268264593096887e-01
-8.349277773053954688e-01 -3.890721208303702383e-01
-8.317830399144147124e-01 4.274903195558010793e-02
-8.286383025234339561e-01 4.168917974454657838e-01
-8.254935651324531998e-01 7.371813351978033779e-01
-8.223488277414724434e-01 1.006538103088814751e+00
-8.192040903504916871e-01 1.227136088978987516e+00
-8.160593529595108198e-01 1.403506645312717183e+00
-8.129146155685300634e-01 1.529720708987071021e+00
-8.097698781775493071e-01 1.610156093092975027e+00
-8.066251407865685508e-01 1.644773072712055750e+00
-8.034804033955877944e-01 1.633042012439851476e+00
-8.003356660046070381e-01 1.573923704757390851e+00
-7.971909286136262818e-01 1.465826772776381404e+00
-7.940461912226454144e-01 1.306538064269524568e+00
-7.909014538316646581e-01 1.093119012781244237e+00
-7.877567164406839018e-01 8.217567184511125333e-01
-7.846119790497031454e-01 4.875520559473400795e-01
-7.814672416587223891e-01 8.421678725375159047e-02
-7.783225042677416328e-01 -3.963656202384200355e-01
-7.751777668767607654e-01 -9.647909190241961142e-01
-7.720330294857800091e-01 -1.635127282615243871e+00
-7.688882920947992528e-01 -2.426487374983643974e+00
-7.657435547038184964e-01 -3.365633142945519296e+00
-7.625988173128377401e-01 -4.491547001761510671e+00
-7.594540799218569838e-01 -5.864067100519676501e+00
-7.563093425308762274e-01 -7.581873325748517800e+00
-7.531646051398953601e-01 -9.877711681088243267e+00
-7.500198677489146037e-01 -1.306055637084947563e+01
-7.468751303579338474e-01 -1.832852269651131394e+01
-7.437303929669530911e-01 -3.490348744888160581e+01
-7.405856555759723348e-01 -2.122859059190152209e+01
-7.374409181849915784e-01 -1.430949144654393734e+01
-7.342961807940107111e-01 -1.049880260827876555e+01
-7.311514434030299547e-01 -7.866575478248066133e+00
-7.280067060120491984e-01 -5.866570999315420920e+00
-7.248619686210684421e-01 -4.265971683448221086e+00
-7.217172312300876857e-01 -2.943851905780057621e+00
-7.185724938391069294e-01 -1.829424954907011625e+00
-7.154277564481261731e-01 -8.777924143798827572e-01
-7.122830190571453057e-01 -5.880655655813171734e-02
-7.091382816661645494e-01 6.486352690615859728e-01
-7.059935442751837931e-01 1.259759384532280535e+00
-7.028488068842030367e-01 1.785787801614915793e+00
-6.997040694932222804e-01 2.235098489654713916e+00
-6.965593321022415241e-01 2.613971419545805475e+00
-6.934145947112606567e-01 2.927081052717035448e+00
-6.902698573202799004e-01 3.182222738951139718e+00
-6.871251199292991441e-01 3.371764477334657784e+00
-6.839803825383183877e-01 3.502738056185329185e+00
-6.808356451473376314e-01 3.575733205009051119e+00
-6.776909077563568751e-01 3.590550509717225225e+00
-6.745461703653760077e-01 3.546194355727664060e+00
-6.714014329743952514e-01 3.440821737250161050e+00
-6.682566955834144951e-01 3.271640811852307706e+00
-6.651119581924337387e-01 3.034746465750163935e+00
-6.619672208014529824e-01 2.724870676880858156e+00
-6.588224834104722261e-01 2.335010518886999620e+00
-6.556777460194914697e-01 1.855871447468629754e+00
-6.525330086285106024e-01 1.275018571282600988e+00
-6.493882712375298460e-01 5.755439583419317273e-01
-6.462435338465490897e-01 -2.661113552741696253e-01
-6.430987964555683334e-01 -1.283905870678232475e+00
-6.399540590645875771e-01 -2.529094760392858632e+00
-6.368093216736068207e-01 -4.084087621984849648e+00
-6.336645842826259534e-01 -6.093863858797107014e+00
-6.305198468916451970e-01 -8.850998509092185884e+00
-6.273751095006644407e-01 -1.321653748582443200e+01
-6.242303721096836844e-01 -2.255069798644444035e+01
-6.210856347187029280e-01 -2.282422785573766078e+01
-6.179408973277221717e-01 -1.311215040567856960e+01
-6.147961599367413044e-01 -8.620571543780428669e+00
-6.116514225457605480e-01 -5.678088127847381372e+00
-6.085066851547797917e-01 -3.501411127623086372e+00
-6.053619477637990354e-01 -1.788745215528756205e+00
-6.022172103728182790e-01 -3.917509692967797719e-01
-5.990724729818375227e-01 7.733695887904659116e-01
-5.959277355908567664e-01 1.758431891952575654e+00
-5.927829981998758990e-01 2.597545001511704754e+00
-5.896382608088951427e-01 3.314184255192856199e+00
-5.864935234179143864e-01 3.925019189460453362e+00
-5.833487860269336300e-01 4.442127483789811038e+00
-5.802040486359528737e-01 4.874341235734664934e+00
-5.770593112449721174e-01 5.228095875994320352e+00
-5.739145738539912500e-01 5.507977369830779679e+00
-5.707698364630104937e-01 5.717076026622734730e+00
-5.676250990720297374e-01 5.857208609029310509e+00
-5.644803616810489810e-01 5.929782740969564259e+00
-5.613356242900682247e-01 5.931501724118920293e+00
-5.581908868990874684e-01 5.862890690151900230e+00
-5.550461495081067120e-01 5.721142080379785000e+00
-5.519014121171259557e-01 5.502031002253261249e+00
-5.487566747261451994e-01 5.199606154014830395e+00
-5.456119373351644430e-01 4.805709939885289828e+00
-5.424671999441834647e-01 4.309236747485680752e+00
-5.393224625532027083e-01 3.694966765015319510e+00
-5.361777251622219520e-01 2.941672432647195023e+00
-5.330329877712411957e-01 2.018899717121435344e+00
-5.298882503802604393e-01 8.811526518095149640e-01
-5.267435129892796830e-01 -5.434984595419720677e-01
-5.235987755982989267e-01 -2.378328669311031263e+00
-5.204540382073181704e-01 -4.861789185238009736e+00
-5.173093008163374140e-01 -8.558003172516940538e+00
-5.141645634253566577e-01 -1.550232995588769569e+01
-5.110198260343759014e-01 -2.721024688257590896e+01
-5.078750886433951450e-01 -1.172273526474808847e+01
-5.047303512524143887e-01 -6.417694955977339077e+00
-5.015856138614334103e-01 -3.083791602200825821e+00
-4.984408764704526540e-01 -7.320501147257303387e-01
-4.952961390794718977e-01 1.093929160008833890e+00
-4.921514016884911413e-01 2.570313721777708338e+00
-4.890066642975103850e-01 3.793536786980151732e+00
-4.858619269065296287e-01 4.821935517416235939e+00
-4.827171895155488723e-01 5.693277280402423202e+00
-4.795724521245681160e-01 6.433194987064027259e+00
-4.764277147335873597e-01 7.059653206045965135e+00
-4.732829773426066033e-01 7.585485062900218622e+00
-4.701382399516258470e-01 8.019909800716035875e+00
-4.669935025606450907e-01 8.369473072785527989e+00
-4.638487651696641123e-01 8.638639109589966836e+00
-4.607040277786833560e-01 8.830158958647253087e+00
-4.575592903877025996e-01 8.945283261151086407e+00
-4.544145529967218433e-01 8.983855779582135881e+00
-4.512698156057410870e-01 8.944302770074241238e+00
-4.481250782147603307e-01 8.823516505132595000e+00
-4.449803408237795743e-01 8.616613987255242080e+00
-4.418356034327988180e-01 8.316529129686450972e+00
-4.386908660418180617e-01 7.904159364701776269e+00
-4.355461286508373053e-01 7.381622760011243400e+00
-4.324013912598565490e-01 6.722441919475102168e+00
-4.292566538688757927e-01 5.898683828686202446e+00
-4.261119164778950363e-01 4.868816641980675541e+00
-4.229671790869140580e-01 3.567834556849437178e+00
-4.198224416959333016e-01 1.886188807275303247e+00
-4.166777043049525453e-01 -3.822392942872596677e-01
-4.135329669139717890e-01 -3.701370981989306586e+00
-4.103882295229910326e-01 -9.555849262727676319e+00
-4.072434921320102763e-01 -5.683266226936868293e+01
-4.040987547410295200e-01 -9.185308154203411846e+00
-4.009540173500487636e-01 -3.070300588127182095e+00
-3.978092799590680073e-01 5.342583515137206973e-01
-3.946645425680872510e-01 3.094855014385998970e+00
-3.915198051771064947e-01 5.071960809194933972e+00
-3.883750677861257383e-01 6.670709869113402135e+00
-3.852303303951449820e-01 8.000387380045665964e+00
-3.820855930041640036e-01 9.126025137506815099e+00
-3.789408556131832473e-01 1.008933183455260618e+01
-3.757961182222024910e-01 1.093388098865213820e+01
-3.726513808312217346e-01 1.164664840373862376e+01
-3.695066434402409783e-01 1.225967731475424571e+01
-3.663619060492602220e-01 1.278341313291924664e+01
-3.632171686582794656e-01 1.322557821003449163e+01
-3.600724312672987093e-01 1.359184912352380081e+01
-3.569276938763179530e-01 1.388629965315269388e+01
-3.537829564853371966e-01 1.411169022347088031e+01
-3.506382190943564403e-01 1.426965065106698205e+01
-3.474934817033756840e-01 1.436078312215218133e+01
-3.443487443123949276e-01 1.438469960654689928e+01
-3.412040069214139493e-01 1.433999868915153897e+01
-3.380592695304331929e-01 1.422417874529125115e+01
-3.349145321394524366e-01 1.403347561291934653e+01
-3.317697947484716803e-01 1.376260126793698646e+01
-3.286250573574909239e-01 1.340434222273408338e+01
-3.254803199665101676e-01 1.294894657664279336e+01
-3.223355825755294113e-01 1.238317522499107071e+01
-3.191908451845486550e-01 1.168879086882902385e+01
-3.160461077935678986e-01 1.084005118031330994e+01
-3.129013704025871423e-01 9.776194260946390102e+00
-3.097566330116063860e-01 8.479874230058022988e+00
-3.066118956206256296e-01 6.836232850425677299e+00
-3.034671582296448733e-01 4.670294212272615653e+00
-3.003224208386638949e-01 1.608794476042959332e+00
-2.971776834476831386e-01 -3.413570538090596074e+00
-2.940329460567023823e-01 -1.767099324368222568e+01
-2.908882086657216259e-01 -7.431672625880253236e+00
-2.877434712747408696e-01 -1.067432706266799869e-01
-2.845987338837601133e-01 3.822452090915870571e+00
-2.814539964927793569e-01 6.507475723800336453e+00
-2.783092591017986006e-01 8.531211814572685626e+00
-2.751645217108178443e-01 1.013772834811151213e+01
-2.720197843198370879e-01 1.145245879772843622e+01
-2.688750469288563316e-01 1.254824535969914123e+01
-2.657303095378755753e-01 1.347094793703220361e+01
-2.625855721468948190e-01 1.425110212377455809e+01
-2.594408347559138406e-01 1.490984895289482992e+01
-2.562960973649330843e-01 1.546220535875352908e+01
-2.531513599739523279e-01 1.591898000271649849e+01
-2.500066225829715716e-01 1.629447030883581249e+01
-2.468618851919908153e-01 1.657949768796976997e+01
-2.437171478010100589e-01 1.678589074495112854e+01
-2.405724104100293026e-01 1.691572110800674267e+01
-2.374276730190485463e-01 1.696967817904138798e+01
-2.342829356280677899e-01 1.694712272152136379e+01
-2.311381982370870336e-01 1.684604589143122766e+01
-2.279934608461062773e-01 1.666292746902491473e+01
-2.248487234551255209e-01 1.639247068819886977e+01
-2.217039860641445426e-01 1.602716822503626659e+01
-2.185592486731637862e-01 1.555661684552898549e+01
-2.154145112821830299e-01 1.496643186951340709e+01
-2.122697738912022736e-01 1.423648453217323606e+01
-2.091250365002215172e-01 1.333791933053049661e+01
-2.059802991092407609e-01 1.222780853156654146e+01
-2.028355617182600046e-01 1.083880394402135749e+01
-1.996908243272792483e-01 9.056885309519660865e+00
-1.965460869362984919e-01 6.665764760114718968e+00
-1.934013495453177356e-01 3.171188601423814646e+00
-1.902566121543369793e-01 -3.066645977664009592e+00
-1.871118747633562229e-01 -2.326651471823956996e+01
-1.839671373723754666e-01 -1.561908445295436820e+00
-1.808223999813944882e-01 4.110836302513380502e+00
-1.776776625904137319e-01 7.496334783880836738e+00
-1.745329251994329756e-01 9.890899791562102195e+00
-1.713881878084522192e-01 1.171909849645920332e+01
-1.682434504174714629e-01 1.317327545668720745e+01
-1.650987130264907066e-01 1.435652022760793045e+01
-1.619539756355099502e-01 1.533003313757595976e+01
-1.588092382445291939e-01 1.613259732592726436e+01
-1.556645008535484376e-01 1.678977555149527134e+01
-1.525197634625676812e-01 1.731868438493707885e+01
-1.493750260715869249e-01 1.773063043182139609e+01
-1.462302886806061686e-01 1.803260678343098533e+01
-1.430855512896254123e-01 1.822811893268729477e+01
-1.399408138986444339e-01 1.831756482630048311e+01
-1.367960765076636775e-01 1.829826339233661159e+01
-1.336513391166829212e-01 1.816413820943251878e+01
-1.305066017257021649e-01 1.790497818627179072e+01
-1.273618643347214086e-01 1.750507743309638897e+01
-1.242171269437406522e-01 1.692765864729308234e+01
-1.210723895527598959e-01 1.615879418983124083e+01
-1.179276521617791396e-01 1.513216096211053951e+01
-1.147829147707983832e-01 1.375304950152501249e+01
-1.116381773798176269e-01 1.184761914962151863e+01
-1.084934399888368706e-01 9.043341612571584420e+00
-1.053487025978561142e-01 4.274109076243441052e+00
-1.022039652068753579e-01 -9.767371322839295544e+00
-9.905922781589437953e-02 7.963114736221470480e-01
-9.591449042491362320e-02 8.371643234650459675e+00
-9.276975303393286687e-02 1.256023012384897086e+01
-8.962501564295211054e-02 1.550943953239313799e+01
-8.648027825197135421e-02 1.780229499134649274e+01
-8.333554086099059788e-02 1.968360463195172372e+01
-8.019080347000984155e-02 2.127973405031056586e+01
-7.704606607902908522e-02 2.266456880914128647e+01
-7.390132868804832889e-02 2.388511012010740231e+01
-7.075659129706757255e-02 2.497314042056696337e+01
-6.761185390608681622e-02 2.595117028513422142e+01
-6.446711651510605989e-02 2.683573274521350882e+01
-6.132237912412508152e-02 2.765464592567379398e+01
-5.817764173314432519e-02 2.838561589448508471e+01
-5.503290434216356886e-02 2.905308235368556424e+01
-5.188816695118281253e-02 2.966315650850093988e+01
-4.874342956020205619e-02 3.022081275639622078e+01
-4.559869216922129986e-02 3.073014619611354448e+01
-4.245395477824054353e-02 3.119455955454752782e+01
-3.930921738725978720e-02 3.161690146512421862e+01
-3.616447999627903087e-02 3.199957044604942524e+01
-3.301974260529827454e-02 3.234459419684462489e+01
-2.987500521431751821e-02 3.265369080124686718e+01
-2.673026782333676188e-02 3.292831643546163889e+01
-2.358553043235600555e-02 3.316970284615386788e+01
-2.044079304137502717e-02 3.337888694882667551e+01
-1.729605565039427084e-02 3.355673425970977775e+01
-1.415131825941351451e-02 3.370395742127905692e+01
-1.100658086843275818e-02 3.382113075371052702e+01
-7.861843477452001849e-03 3.390870152271854465e+01
-4.717106086471245519e-03 3.396699843187589352e+01
-1.572368695490489188e-03 3.399623770641095177e+01
1.572368695490267143e-03 3.399623770547160717e+01
4.717106086471023474e-03 3.396699842909126943e+01
7.861843477451779805e-03 3.390870151807835242e+01
1.100658086843253614e-02 3.382113074719748624e+01
1.415131825941329247e-02 3.370395741286853308e+01
1.729605565039404880e-02 3.355673424936937010e+01
2.044079304137502717e-02 3.337888693651554917e+01
2.358553043235578350e-02 3.316970283182195089e+01
2.673026782333653983e-02 3.292831641904861328e+01
2.987500521431729616e-02 3.265369078268078340e+01
3.301974260529805250e-02 3.234459417604028175e+01
3.616447999627880883e-02 3.199957042290623122e+01
3.930921738725956516e-02 3.161690143952351661e+01
4.245395477824032149e-02 3.119455952634915974e+01
4.559869216922107782e-02 3.073014616515144581e+01
4.874342956020183415e-02 3.022081272247266170e+01
5.188816695118259048e-02 2.966315647137894729e+01
5.503290434216334681e-02 2.905308231307876454e+01
5.817764173314410314e-02 2.838561585004379850e+01
6.132237912412508152e-02 2.765464587696581589e+01
6.446711651510583785e-02 2.683573269159393249e+01
6.761185390608659418e-02 2.595117022599752232e+01
7.075659129706735051e-02 2.497314035500483342e+01
7.390132868804810684e-02 2.388511004690307615e+01
7.704606607902886317e-02 2.266456872661190758e+01
8.019080347000961950e-02 2.127973395603194007e+01
8.333554086099037583e-02 1.968360452224708013e+01
8.648027825197113216e-02 1.780229486023583974e+01
8.962501564295188849e-02 1.550943936914945098e+01
9.276975303393264483e-02 1.256022990613443824e+01
9.591449042491340116e-02 8.371642902204744274e+00
9.905922781589415749e-02 7.963107298802256651e-01
1.022039652068751359e-01 -9.767368996301186712e+00
1.053487025978558922e-01 4.274109500317042176e+00
1.084934399888366485e-01 9.043341834836802207e+00
1.116381773798174049e-01 1.184761929377116019e+01
1.147829147707981612e-01 1.375304960357924244e+01
1.179276521617789175e-01 1.513216103739131668e+01
1.210723895527596738e-01 1.615879424623118510e+01
1.242171269437404302e-01 1.692765868937247120e+01
1.273618643347211865e-01 1.750507746348247906e+01
1.305066017257019428e-01 1.790497820704821663e+01
1.336513391166826992e-01 1.816413822181727866e+01
1.367960765076634555e-01 1.829826339713598315e+01
1.399408138986442118e-01 1.831756482402234454e+01
1.430855512896251902e-01 1.822811892360505936e+01
1.462302886806059465e-01 1.803260676761588144e+01
1.493750260715867029e-01 1.773063040915123878e+01
1.525197634625674592e-01 1.731868435508380699e+01
1.556645008535482155e-01 1.678977551388801714e+01
1.588092382445289719e-01 1.613259727968186397e+01
1.619539756355097282e-01 1.533003308137026011e+01
1.650987130264904845e-01 1.435652015946086735e+01
1.682434504174712409e-01 1.317327537354959333e+01
1.713881878084519972e-01 1.171909839339668480e+01
1.745329251994327535e-01 9.890899659932436805e+00
1.776776625904135098e-01 7.496334606559901914e+00
1.808223999813944882e-01 4.110836037689491462e+00
1.839671373723752446e-01 -1.561908954664339433e+00
1.871118747633560009e-01 -2.326652086119392493e+01
1.902566121543367572e-01 -3.066645388777104131e+00
1.934013495453175135e-01 3.171188880434307578e+00
1.965460869362982699e-01 6.665764939573271874e+00
1.996908243272790262e-01 9.056885439191276532e+00
2.028355617182597825e-01 1.083880404337937264e+01
2.059802991092405389e-01 1.222780861021989551e+01
2.091250365002212952e-01 1.333791939391284131e+01
2.122697738912020515e-01 1.423648458364395353e+01
2.154145112821828079e-01 1.496643191128233497e+01
2.185592486731635642e-01 1.555661687911456781e+01
2.217039860641445426e-01 1.602716825151342306e+01
2.248487234551252989e-01 1.639247070834226250e+01
2.279934608461060552e-01 1.666292748339574104e+01
2.311381982370868116e-01 1.684604590043131367e+01
2.342829356280675679e-01 1.694712272542774301e+01
2.374276730190483242e-01 1.696967817802799061e+01
2.405724104100290806e-01 1.691572110215690827e+01
2.437171478010098369e-01 1.678589073426334011e+01
2.468618851919905932e-01 1.657949767235723115e+01
2.500066225829713495e-01 1.629447028811989284e+01
2.531513599739521059e-01 1.591897997650169216e+01
2.562960973649328622e-01 1.546220532672884573e+01
2.594408347559136185e-01 1.490984891447851268e+01
2.625855721468945969e-01 1.425110207816008057e+01
2.657303095378753532e-01 1.347094788309434676e+01
2.688750469288561096e-01 1.254824529583792270e+01
2.720197843198368659e-01 1.145245872159592793e+01
2.751645217108176222e-01 1.013772825610027439e+01
2.783092591017983786e-01 8.531211700765929606e+00
2.814539964927791349e-01 6.507475577525809740e+00
2.845987338837598912e-01 3.822451889872148456e+00
2.877434712747406476e-01 -1.067435867383608183e-01
2.908882086657214039e-01 -7.431673354485376137e+00
2.940329460567021602e-01 -1.767099091448562120e+01
2.971776834476829166e-01 -3.413570098148539955e+00
3.003224208386636729e-01 1.608794714580085383e+00
3.034671582296446513e-01 4.670294372897718205e+00
3.066118956206254076e-01 6.836232969181722297e+00
3.097566330116061639e-01 8.479874322329845171e+00
3.129013704025869202e-01 9.776194334706925559e+00
3.160461077935676766e-01 1.084005123997387798e+01
3.191908451845484329e-01 1.168879091762357803e+01
3.223355825755291892e-01 1.238317526487618281e+01
3.254803199665099456e-01 1.294894660898424732e+01
3.286250573574907019e-01 1.340434224851379241e+01
3.317697947484714582e-01 1.376260128787428272e+01
3.349145321394522146e-01 1.403347562754638034e+01
3.380592695304329709e-01 1.422417875500072881e+01
3.412040069214139493e-01 1.433999869422820694e+01
3.443487443123947056e-01 1.438469960718803620e+01
3.474934817033754619e-01 1.436078311848072531e+01
3.506382190943562183e-01 1.426965064313932885e+01
3.537829564853369746e-01 1.411169021128027623e+01
3.569276938763177309e-01 1.388629963662879163e+01
3.600724312672984873e-01 1.359184910252835365e+01
3.632171686582792436e-01 1.322557818435240762e+01
3.663619060492599999e-01 1.278341310224392302e+01
3.695066434402407562e-01 1.225967727866489199e+01
3.726513808312215126e-01 1.164664836166573991e+01
3.757961182222022689e-01 1.093388093982438392e+01
3.789408556131830252e-01 1.008933177774341416e+01
3.820855930041640036e-01 9.126025071371000053e+00
3.852303303951447599e-01 8.000387302429338376e+00
3.883750677861255163e-01 6.670709776761562182e+00
3.915198051771062726e-01 5.071960696877024333e+00
3.946645425680870289e-01 3.094854872928973322e+00
3.978092799590677853e-01 5.342581625601710016e-01
4.009540173500485416e-01 -3.070300870437982610e+00
4.040987547410292979e-01 -9.185308712763479377e+00
4.072434921320100543e-01 -5.683279301604547129e+01
4.103882295229908106e-01 -9.555848718404419628e+00
4.135329669139715669e-01 -3.701370717444390834e+00
4.166777043049523233e-01 -3.822391237815523368e-01
4.198224416959330796e-01 1.886188930010696652e+00
4.229671790869140580e-01 3.567834650279394282e+00
4.261119164778948143e-01 4.868816715310465781e+00
4.292566538688755706e-01 5.898683887151562999e+00
4.324013912598561049e-01 6.722441966323824403e+00
4.355461286508370833e-01 7.381622797382451751e+00
4.386908660418176176e-01 7.904159394064944166e+00
4.418356034327985959e-01 8.316529151948603982e+00
4.449803408237795743e-01 8.616614003304700731e+00
4.481250782147601086e-01 8.823516515500845259e+00
4.512698156057410870e-01 8.944302775136229400e+00
4.544145529967216213e-01 8.983855779588882484e+00
4.575592903877025996e-01 8.945283256249766168e+00
4.607040277786831339e-01 8.830158948892279369e+00
4.638487651696641123e-01 8.638639094946928054e+00
4.669935025606446466e-01 8.369473053128636764e+00
4.701382399516256250e-01 8.019909775818607756e+00
4.732829773426061593e-01 7.585485032416681150e+00
4.764277147335871376e-01 7.059653169482324131e+00
4.795724521245676719e-01 6.433194943730725868e+00
4.827171895155486503e-01 5.693277229339390288e+00
4.858619269065296287e-01 4.821935457270207337e+00
4.890066642975101630e-01 3.793536715795276848e+00
4.921514016884911413e-01 2.570313636616383235e+00
4.952961390794716756e-01 1.093929056208011730e+00
4.984408764704526540e-01 -7.320502451794226317e-01
5.015856138614331883e-01 -3.083791774819090392e+00
5.047303512524141667e-01 -6.417695209525362543e+00
5.078750886433947009e-01 -1.172273572811756281e+01
5.110198260343756793e-01 -2.721024959490875972e+01
5.141645634253562136e-01 -1.550232926818986812e+01
5.173093008163371920e-01 -8.558002873313967029e+00
5.204540382073177263e-01 -4.861788997682594982e+00
5.235987755982987046e-01 -2.378328535372915553e+00
5.267435129892796830e-01 -5.434983575035587933e-01
5.298882503802602173e-01 8.811527324123034077e-01
5.330329877712411957e-01 2.018899782119220276e+00
5.361777251622217300e-01 2.941672485610922649e+00
5.393224625532027083e-01 3.694966808280426562e+00
5.424671999441832426e-01 4.309236782653098174e+00
5.456119373351642210e-01 4.805709968089765027e+00
5.487566747261447553e-01 5.199606176078937381e+00
5.519014121171257337e-01 5.502031018780506599e+00
5.550461495081062679e-01 5.721142091813000263e+00
5.581908868990872463e-01 5.862890696810993063e+00
5.613356242900677806e-01 5.931501726225160809e+00
5.644803616810487590e-01 5.929782738661121044e+00
5.676250990720297374e-01 5.857208602283471066e+00
5.707698364630102716e-01 5.717076015519474197e+00
5.739145738539912500e-01 5.507977354291881511e+00
5.770593112449717843e-01 5.228095855865390718e+00
5.802040486359527627e-01 4.874341210774304045e+00
5.833487860269332970e-01 4.442127453651828262e+00
5.864935234179142753e-01 3.925019153665964211e+00
5.896382608088948096e-01 3.314184213087411734e+00
5.927829981998757880e-01 2.597544952198099111e+00
5.959277355908563223e-01 1.758431834182808018e+00
5.990724729818373007e-01 7.733695207845272535e-01
6.022172103728178350e-01 -3.917510501731200634e-01
6.053619477637988133e-01 -1.788745313380275093e+00
6.085066851547797917e-01 -3.501411249329144937e+00
6.116514225457603260e-01 -5.678088286234803661e+00
6.147961599367413044e-01 -8.620571767167689359e+00
6.179408973277218386e-01 -1.311215077945589513e+01
6.210856347187028170e-01 -2.282422898818824564e+01
6.242303721096833513e-01 -2.255069690751641076e+01
6.273751095006643297e-01 -1.321653712627836796e+01
6.305198468916448640e-01 -8.850998298528324426e+00
6.336645842826258423e-01 -6.093863711466852351e+00
6.368093216736063766e-01 -4.084087510557509404e+00
6.399540590645873550e-01 -2.529094672370838737e+00
6.430987964555683334e-01 -1.283905799314375429e+00
6.462435338465488677e-01 -2.661112965191989588e-01
6.493882712375298460e-01 5.755440071022661641e-01
6.525330086285103803e-01 1.275018611827441362e+00
6.556777460194913587e-01 1.855871481056745154e+00
6.588224834104718930e-01 2.335010546434755696e+00
6.619672208014528714e-01 2.724870699068890900e+00
6.651119581924334057e-01 3.034746483090067670e+00
6.682566955834143840e-01 3.271640824729917796e+00
6.714014329743949183e-01 3.440821745954266930e+00
6.745461703653758967e-01 3.546194360469307583e+00
6.776909077563564310e-01 3.590550510642565030e+00
6.808356451473374094e-01 3.575733202207644013e+00
6.839803825383183877e-01 3.502738049694915645e+00
6.871251199292989220e-01 3.371764467142966737e+00
6.902698573202799004e-01 3.182222724994954177e+00
6.934145947112604347e-01 2.927081034799250858e+00
6.965593321022414131e-01 2.613971397561815735e+00
6.997040694932219473e-01 2.235098463350333020e+00
7.028488068842029257e-01 1.785787770645704597e+00
7.059935442751834600e-01 1.259759348438009852e+00
7.091382816661644384e-01 6.486352272279773956e-01
7.122830190571449727e-01 -5.880660495765255291e-02
7.154277564481259510e-01 -8.777924704766135733e-01
7.185724938391064853e-01 -1.829425020288944381e+00
7.217172312300874637e-01 -2.943851982755575136e+00
7.248619686210684421e-01 -4.265971775536854693e+00
7.280067060120489764e-01 -5.866571112247200404e+00
7.311514434030299547e-01 -7.866575622269451173e+00
7.342961807940104890e-01 -1.049880280453771775e+01
7.374409181849914674e-01 -1.430949175093938663e+01
7.405856555759720017e-01 -2.122859126305156252e+01
7.437303929669529801e-01 -3.490348424719948639e+01
7.468751303579335143e-01 -1.832852223002726078e+01
7.500198677489144927e-01 -1.306055612253126696e+01
7.531646051398950270e-01 -9.877711514079685173e+00
7.563093425308760054e-01 -7.581873202246057986e+00
7.594540799218565397e-01 -5.864067003498561803e+00
7.625988173128375180e-01 -4.491546923022063709e+00
7.657435547038184964e-01 -3.365633077712899990e+00
7.688882920947990307e-01 -2.426487320236596190e+00
7.720330294857800091e-01 -1.635127236324777300e+00
7.751777668767605434e-01 -9.647908797654594082e-01
7.783225042677415217e-01 -3.963655869760458472e-01
7.814672416587220560e-01 8.421681529184610326e-02
7.846119790497030344e-01 4.875520793484398041e-01
7.877567164406835687e-01 8.217567376681103042e-01
7.909014538316645471e-01 1.093119028166469775e+00
7.940461912226450814e-01 1.306538076097616852e+00
7.971909286136260597e-01 1.465826781260375355e+00
8.003356660046065940e-01 1.573923710059958125e+00
8.034804033955875724e-01 1.633042014681194587e+00
8.066251407865685508e-01 1.644773071975322409e+00
8.097698781775490851e-01 1.610156089427768222e+00
8.129146155685300634e-01 1.529720702411438538e+00
8.160593529595105977e-01 1.403506635813670300e+00
8.192040903504915761e-01 1.227136076451706970e+00
8.223488277414721104e-01 1.006538087512737434e+00
8.254935651324530888e-01 7.371813164557039499e-01
8.286383025234336230e-01 4.168917753765981615e-01
8.317830399144146014e-01 4.274900634721490178e-02
8.349277773053951357e-01 -3.890721502548615263e-01
8.380725146963761141e-01 -8.835268600576213771e-01
8.412172520873566484e-01 -1.447023158199883142e+00
8.443619894783376267e-01 -2.087891891580802906e+00
8.475067268693186051e-01 -2.817086735841527911e+00
8.506514642602991394e-01 -3.649258990478514875e+00
8.537962016512801178e-01 -4.604471903363105412e+00
8.569409390422606521e-01 -5.711068260937565810e+00
8.600856764332416304e-01 -7.010763327780196619e+00
8.632304138242221647e-01 -8.568416368264365701e+00
8.663751512152031431e-01 -1.049281682642212132e+01
8.695198886061836774e-01 -1.298783902969338300e+01
8.726646259971646558e-01 -1.651016323187359092e+01
8.758093633881451900e-01 -2.250766102861136631e+01
8.789541007791261684e-01 -6.045231057249671380e+01
8.820988381701067027e-01 -2.266285101241732747e+01
8.852435755610876811e-01 -1.674449025261390744e+01
8.883883129520686595e-01 -1.331719853065602166e+01
8.915330503430491937e-01 -1.092046428983538675e+01
8.946777877340301721e-01 -9.094812792690802894e+00
8.978225251250107064e-01 -7.635223138233513396e+00
9.009672625159916848e-01 -6.432224255652201350e+00
9.041119999069722191e-01 -5.420441548027369549e+00
9.072567372979531974e-01 -4.557709136967503127e+00
9.104014746889337317e-01 -3.815255796204070293e+00
9.135462120799147101e-01 -3.172590701880338315e+00
9.166909494708952444e-01 -2.614623083622184652e+00
9.198356868618762228e-01 -2.129938735106712500e+00
9.229804242528567571e-01 -1.709717434743197373e+00
9.261251616438377354e-01 -1.347025388354353481e+00
9.292698990348187138e-01 -1.036337296481306680e+00
9.324146364257992481e-01 -7.732045288577467090e-01
9.355593738167802265e-01 -5.540194050023927730e-01
9.387041112077607607e-01 -3.758445736011850613e-01
9.418488485987417391e-01 -2.362876762883132642e-01
9.449935859897222734e-01 -1.317135462562433190e-01
9.481383233807032518e-01 -6.464266857038580838e-02
9.512830607716837861e-01 -3.144287811284129930e-02
9.544277981626647644e-01 -3.118528581952517698e-02
9.575725355536452987e-01 -6.320597793124704822e-02
9.607172729446262771e-01 -1.270879047350490509e-01
9.638620103356068114e-01 -2.226505225970143442e-01
9.670067477265877898e-01 -3.499465309651270672e-01
9.701514851175687681e-01 -5.092655050902124003e-01
9.732962225085493024e-01 -7.011446624121688842e-01
9.764409598995302808e-01 -9.263874640752973733e-01
9.795856972905108151e-01 -1.186091295560558478e+00
9.827304346814917935e-01 -1.481686158522357744e+00
9.858751720724723278e-01 -1.814987232916905668e+00
9.890199094634533061e-01 -2.188265474621907458e+00
9.921646468544338404e-01 -2.604342319736716149e+00
9.953093842454148188e-01 -3.066717433150138561e+00
9.984541216363953531e-01 -3.579742874092929128e+00
1.001598859027376331e+00 -4.148864115913070805e+00
1.004743596418356866e+00 -4.780959966864713806e+00
1.007888333809337844e+00 -5.499716029983154897e+00
1.011033071200318822e+00 -6.288626370005175659e+00
1.014177808591299357e+00 -7.176346433339041653e+00
1.017322545982280335e+00 -8.183789730021878484e+00
1.020467283373260869e+00 -9.340495371851865514e+00
1.023612020764241848e+00 -1.069003647065601115e+01
1.026756758155222382e+00 -1.230048477766785453e+01
1.029901495546203360e+00 -1.428693548150917536e+01
1.033046232937183895e+00 -1.686791677257100730e+01
1.036190970328164873e+00 -2.054442294872932706e+01
1.039335707719145407e+00 -2.699249709563339650e+01
1.042480445110126386e+00 -4.775603412291822281e+01
1.045625182501106920e+00 -2.562240355442797579e+01
1.048769919892087898e+00 -2.000712790385367157e+01
1.051914657283068877e+00 -1.667201484990695803e+01
1.055059394674049411e+00 -1.430937329609511011e+01
1.058204132065030389e+00 -1.249134573965224604e+01
1.061348869456010924e+00 -1.102357270875248219e+01
1.064493606846991902e+00 -9.801151713558439837e+00
1.067638344237972436e+00 -8.760961462061302996e+00
1.070783081628953415e+00 -7.845299385946063353e+00
1.073927819019933949e+00 -7.061600709481453464e+00
1.077072556410914927e+00 -6.370626476489810841e+00
1.080217293801895462e+00 -5.757565185437613309e+00
1.083362031192876440e+00 -5.211135195563905143e+00
1.086506768583857419e+00 -4.722546153386119272e+00
1.089651505974837953e+00 -4.284817047181228133e+00
1.092796243365818931e+00 -3.892313358748324958e+00
1.095940980756799465e+00 -3.540423945287606955e+00
1.099085718147780444e+00 -3.225329930663214384e+00
1.102230455538760978e+00 -2.943835884991528928e+00
1.105375192929741957e+00 -2.693244207661955159e+00
1.108519930320722491e+00 -2.471260126316309425e+00
1.111664667711703469e+00 -2.275918811130090091e+00
1.114809405102684003e+00 -2.105528741778499580e+00
1.117954142493664982e+00 -1.958627207214306054e+00
1.121098879884645516e+00 -1.833944993921143407e+00
1.124243617275626494e+00 -1.730378126373231851e+00
1.127388354666607473e+00 -1.646965088578397740e+00
1.130533092057588007e+00 -1.582868357175911456e+00
1.133677829448568986e+00 -1.536634289751077631e+00
1.136822566839549520e+00 -1.509434441179912767e+00
1.139967304230530498e+00 -1.499635160597435402e+00
1.143112041621511032e+00 -1.506771240741876738e+00
1.146256779012492011e+00 -1.530449262206467154e+00
1.149401516403472545e+00 -1.570342339335148552e+00
1.152546253794453524e+00 -1.626186008027708851e+00
1.155690991185434058e+00 -1.697775121642500551e+00
1.158835728576415036e+00 -1.784961657224840792e+00
1.161980465967395570e+00 -1.887653364876435091e+00
1.165125203358376549e+00 -2.005813220025714827e+00
1.168269940749357527e+00 -2.139459663168238990e+00
1.171414678140338061e+00 -2.288667635648565124e+00
1.174559415531319040e+00 -2.453570444514447502e+00
1.177704152922299574e+00 -2.634362515695777063e+00
1.180848890313280553e+00 -2.831303124185474474e+00
1.183993627704261087e+00 -3.044721224243829738e+00
1.187138365095242065e+00 -3.275021544051007538e+00
1.190283102486222599e+00 -3.522692160459556021e+00
1.193427839877203578e+00 -3.788313834251837875e+00
1.196572577268184112e+00 -4.078452009621408081e+00
1.199717314659165091e+00 -4.382546580942722869e+00
1.202862052050145625e+00 -4.707039082852510603e+00
1.206006789441126603e+00 -5.053028237917857268e+00
1.209151526832107582e+00 -5.421796514663519417e+00
1.212296264223088116e+00 -5.814843207357967003e+00
1.215441001614069094e+00 -6.233926048977217249e+00
1.218585739005049629e+00 -6.681114050988284703e+00
1.221730476396030607e+00 -7.158855323142489624e+00
1.224875213787011141e+00 -7.670065188925491384e+00
1.228019951177992120e+00 -8.218242263589871754e+00
1.231164688568972654e+00 -8.807623780500634325e+00
1.234309425959953632e+00 -9.443397162729233685e+00
1.237454163350934166e+00 -1.013199410857888694e+01
1.240598900741915145e+00 -1.088150900216416517e+01
1.243743638132895679e+00 -1.170231048893421644e+01
1.246888375523876658e+00 -1.260796410213356467e+01
1.250033112914857636e+00 -1.361667737781923648e+01
1.253177850305838170e+00 -1.475366826732508230e+01
1.256322587696819149e+00 -1.605526968867592075e+01
1.259467325087799683e+00 -1.760976146035534384e+01
1.262612062478780661e+00 -1.944763668106929089e+01
1.265756799869761196e+00 -2.175887126024090890e+01
1.268901537260742174e+00 -2.488057728434073113e+01
1.272046274651722708e+00 -2.972984303661036165e+01
1.275191012042703687e+00 -4.139189574218769962e+01
1.278335749433684221e+00 -3.632135012621640158e+01
1.281480486824665199e+00 -2.823769177416050979e+01
1.284625224215645733e+00 -2.417313933643050206e+01
1.287769961606626712e+00 -2.145264742386309109e+01
1.290914698997607690e+00 -1.941497308903289820e+01
1.294059436388588225e+00 -1.779225212818660395e+01
1.297204173779569203e+00 -1.644903034110259910e+01
1.300348911170549737e+00 -1.530720278807648072e+01
1.303493648561530716e+00 -1.431759580553155331e+01
1.306638385952511250e+00 -1.344722656775158498e+01
1.309783123343492228e+00 -1.267288547644083252e+01
1.312927860734472763e+00 -1.197761364759735159e+01
1.316072598125453741e+00 -1.134863715295203690e+01
1.319217335516434275e+00 -1.077608997988515682e+01
1.322362072907415254e+00 -1.024216296203999832e+01
1.325506810298395788e+00 -9.761452547425534476e+00
1.328651547689376766e+00 -9.317949290110711047e+00
1.331796285080357745e+00 -8.907453970956062506e+00
1.334941022471338279e+00 -8.526452303554492573e+00
1.338085759862319257e+00 -8.171971917626294157e+00
1.341230497253299792e+00 -7.841474850993314760e+00
1.344375234644280770e+00 -7.532775468301075250e+00
1.347519972035261304e+00 -7.243976914039215842e+00
1.350664709426242283e+00 -6.973421293388561537e+00
1.353809446817222817e+00 -6.719650168688431791e+00
1.356954184208203795e+00 -6.481372909696261786e+00
1.360098921599184330e+00 -6.257441095204910653e+00
1.363243658990165308e+00 -6.046827628550751399e+00
1.366388396381145842e+00 -5.848609562286071650e+00
1.369533133772126821e+00 -5.661953868658436306e+00
1.372677871163107799e+00 -5.486105569840646012e+00
1.375822608554088333e+00 -5.320377773590287518e+00
1.378967345945069312e+00 -5.164143258966689132e+00
1.382112083336049846e+00 -5.016827331792434563e+00
1.385256820727030824e+00 -4.875205386518359774e+00
1.388401558118011359e+00 -4.744336395059740141e+00
1.391546295508992337e+00 -4.620911630279202598e+00
1.394691032899972871e+00 -4.504514140667460254e+00
1.397835770290953850e+00 -4.394756325674336495e+00
1.400980507681934384e+00 -4.291276993371575088e+00
1.404125245072915362e+00 -4.193738786418748532e+00
1.407269982463895897e+00 -4.101825922878930442e+00
1.410414719854876875e+00 -4.015242207301099597e+00
1.413559457245857853e+00 -3.933709274715411652e+00
1.416704194636838388e+00 -3.856965036104831768e+00
1.419848932027819366e+00 -3.784762298785054213e+00
1.422993669418799900e+00 -3.716867539151834876e+00
1.426138406809780879e+00 -3.653059808593638991e+00
1.429283144200761413e+00 -3.593129756157182442e+00
1.432427881591742391e+00 -3.536878753883144100e+00
1.435572618982722926e+00 -3.484118112690055113e+00
1.438717356373703904e+00 -3.434668378338443517e+00
1.441862093764684438e+00 -3.388358698403813207e+00
1.445006831155665417e+00 -3.345026252376669618e+00
1.448151568546646395e+00 -3.303733281840194991e+00
1.451296305937626929e+00 -3.265948459594035569e+00
1.454441043328607908e+00 -3.230692943574744902e+00
1.457585780719588442e+00 -3.197831502865376763e+00
1.460730518110569420e+00 -3.167234816685869703e+00
1.463875255501549955e+00 -3.138779165895954293e+00
1.467019992892530933e+00 -3.112346153906798918e+00
1.470164730283511467e+00 -3.087822454167060471e+00
1.473309467674492446e+00 -3.065099581697197095e+00
1.476454205065472980e+00 -3.044073686416481905e+00
1.479598942456453958e+00 -3.024645366241898614e+00
1.482743679847434493e+00 -3.006719498144846625e+00
1.485888417238415471e+00 -2.990205085532799956e+00
1.489033154629396449e+00 -2.975015120482581210e+00
1.492177892020376984e+00 -2.961066459492727176e+00
1.495322629411357962e+00 -2.948279711547165505e+00
1.498467366802338496e+00 -2.936579137392449468e+00
1.501612104193319475e+00 -2.925892559029890094e+00
1.504756841584300009e+00 -2.916151278510518807e+00
1.507901578975280987e+00 -2.907290005200628968e+00
1.511046316366261522e+00 -2.899093862289696233e+00
1.514191053757242500e+00 -2.891824654438025277e+00
1.517335791148223034e+00 -2.885258333941088438e+00
1.520480528539204013e+00 -2.879342719398565009e+00
1.523625265930184547e+00 -2.874028774764418870e+00
1.526770003321165525e+00 -2.869270573545506409e+00
1.529914740712146504e+00 -2.865025267276479326e+00
1.533059478103127038e+00 -2.861253057853154758e+00
1.536204215494108016e+00 -2.857917173342052308e+00
1.539348952885088551e+00 -2.854983846916574919e+00
1.542493690276069529e+00 -2.852422298601737793e+00
1.545638427667050063e+00 -2.850204719539426890e+00
1.548783165058031042e+00 -2.848306258513929379e+00
1.551927902449011576e+00 -2.846705010505885980e+00
1.555072639839992554e+00 -2.845382007068380403e+00
1.558217377230973089e+00 -2.844321208345178320e+00
1.561362114621954067e+00 -2.843509496575897799e+00
1.564506852012934601e+00 -2.842936670957975309e+00
1.567651589403915580e+00 -2.842595443758767715e+00
1.570796326794896558e+00 -2.842481460146920824e+00
