-1.570796326794896558e+00 -5.000000000000000000e+00
-1.567651589403915802e+00 -5.000000000000000000e+00
-1.564506852012935045e+00 -5.000000000000000000e+00
-1.561362114621954289e+00 -5.000000000000000000e+00
-1.558217377230973533e+00 -5.000000000000000000e+00
-1.555072639839992776e+00 -5.000000000000000000e+00
-1.551927902449012020e+00 -5.000000000000000000e+00
-1.548783165058031042e+00 -5.000000000000000000e+00
-1.545638427667050285e+00 -5.000000000000000000e+00
-1.542493690276069529e+00 -5.000000000000000000e+00
-1.539348952885088773e+00 -5.000000000000000000e+00
-1.536204215494108016e+00 -5.000000000000000000e+00
-1.533059478103127260e+00 -5.000000000000000000e+00
-1.529914740712146504e+00 -5.000000000000000000e+00
-1.526770003321165747e+00 -5.000000000000000000e+00
-1.523625265930184991e+00 -5.000000000000000000e+00
-1.520480528539204235e+00 -5.000000000000000000e+00
-1.517335791148223478e+00 -5.000000000000000000e+00
-1.514191053757242722e+00 -5.000000000000000000e+00
-1.511046316366261966e+00 -5.000000000000000000e+00
-1.507901578975280987e+00 -5.000000000000000000e+00
-1.504756841584300231e+00 -5.000000000000000000e+00
-1.501612104193319475e+00 -5.000000000000000000e+00
-1.498467366802338718e+00 -5.000000000000000000e+00
-1.495322629411357962e+00 -5.000000000000000000e+00
-1.492177892020377206e+00 -5.000000000000000000e+00
-1.489033154629396449e+00 -5.000000000000000000e+00
-1.485888417238415693e+00 -5.000000000000000000e+00
-1.482743679847434937e+00 -5.000000000000000000e+00
-1.479598942456454180e+00 -5.000000000000000000e+00
-1.476454205065473424e+00 -5.000000000000000000e+00
-1.473309467674492668e+00 -5.000000000000000000e+00
-1.470164730283511911e+00 -5.000000000000000000e+00
-1.467019992892530933e+00 -5.000000000000000000e+00
-1.463875255501550177e+00 -5.000000000000000000e+00
-1.460730518110569420e+00 -5.000000000000000000e+00
-1.457585780719588664e+00 -5.000000000000000000e+00
-1.454441043328607908e+00 -5.000000000000000000e+00
-1.451296305937627151e+00 -5.000000000000000000e+00
-1.448151568546646395e+00 -5.000000000000000000e+00
-1.445006831155665639e+00 -5.000000000000000000e+00
-1.441862093764684882e+00 -5.000000000000000000e+00
-1.438717356373704126e+00 -5.000000000000000000e+00
-1.435572618982723370e+00 -5.000000000000000000e+00
-1.432427881591742391e+00 -5.000000000000000000e+00
-1.429283144200761857e+00 -5.000000000000000000e+00
-1.426138406809780879e+00 -5.000000000000000000e+00
-1.422993669418800122e+00 -5.000000000000000000e+00
-1.419848932027819366e+00 -5.000000000000000000e+00
-1.416704194636838610e+00 -5.000000000000000000e+00
-1.413559457245857853e+00 -5.000000000000000000e+00
-1.410414719854877097e+00 -5.000000000000000000e+00
-1.407269982463896341e+00 -5.000000000000000000e+00
-1.404125245072915584e+00 -5.000000000000000000e+00
-1.400980507681934828e+00 -5.000000000000000000e+00
-1.397835770290954072e+00 -5.000000000000000000e+00
-1.394691032899973315e+00 -9.000000000000000000e+00
-1.391546295508992337e+00 -9.000000000000000000e+00
-1.388401558118011803e+00 -9.000000000000000000e+00
-1.385256820727030824e+00 -9.000000000000000000e+00
-1.382112083336050068e+00 -9.000000000000000000e+00
-1.378967345945069312e+00 -9.000000000000000000e+00
-1.375822608554088555e+00 -9.000000000000000000e+00
-1.372677871163107799e+00 -9.000000000000000000e+00
-1.369533133772127043e+00 -9.000000000000000000e+00
-1.366388396381146286e+00 -9.000000000000000000e+00
-1.363243658990165530e+00 -9.000000000000000000e+00
-1.360098921599184774e+00 -9.000000000000000000e+00
-1.356954184208204017e+00 -9.000000000000000000e+00
-1.353809446817223261e+00 -9.000000000000000000e+00
-1.350664709426242283e+00 -9.000000000000000000e+00
-1.347519972035261748e+00 -9.000000000000000000e+00
-1.344375234644280770e+00 -9.000000000000000000e+00
-1.341230497253300014e+00 -9.000000000000000000e+00
-1.338085759862319257e+00 -9.000000000000000000e+00
-1.334941022471338501e+00 -9.000000000000000000e+00
-1.331796285080357745e+00 -9.000000000000000000e+00
-1.328651547689376988e+00 -9.000000000000000000e+00
-1.325506810298396232e+00 -9.000000000000000000e+00
-1.322362072907415476e+00 -9.000000000000000000e+00
-1.319217335516434719e+00 -9.000000000000000000e+00
-1.316072598125453963e+00 -9.000000000000000000e+00
-1.312927860734473207e+00 -9.000000000000000000e+00
-1.309783123343492228e+00 -9.000000000000000000e+00
-1.306638385952511694e+00 -9.000000000000000000e+00
-1.303493648561530716e+00 -9.000000000000000000e+00
-1.300348911170549959e+00 -9.000000000000000000e+00
-1.297204173779569203e+00 -9.000000000000000000e+00
-1.294059436388588447e+00 -9.000000000000000000e+00
-1.290914698997607690e+00 -9.000000000000000000e+00
-1.287769961606626934e+00 -9.000000000000000000e+00
-1.284625224215646178e+00 -9.000000000000000000e+00
-1.281480486824665421e+00 -9.000000000000000000e+00
-1.278335749433684665e+00 -9.000000000000000000e+00
-1.275191012042703909e+00 -9.000000000000000000e+00
-1.272046274651723152e+00 -9.000000000000000000e+00
-1.268901537260742174e+00 -9.000000000000000000e+00
-1.265756799869761640e+00 -9.000000000000000000e+00
-1.262612062478780661e+00 -9.000000000000000000e+00
-1.259467325087799905e+00 -9.000000000000000000e+00
-1.256322587696819149e+00 -9.000000000000000000e+00
-1.253177850305838392e+00 -9.000000000000000000e+00
-1.250033112914857636e+00 -9.000000000000000000e+00
-1.246888375523876880e+00 -9.000000000000000000e+00
-1.243743638132896123e+00 -9.000000000000000000e+00
-1.240598900741915367e+00 -9.000000000000000000e+00
-1.237454163350934611e+00 -9.000000000000000000e+00
-1.234309425959953854e+00 -9.000000000000000000e+00
-1.231164688568973098e+00 -9.000000000000000000e+00
-1.228019951177992120e+00 -9.000000000000000000e+00
-1.224875213787011585e+00 -9.000000000000000000e+00
-1.221730476396030607e+00 -9.000000000000000000e+00
-1.218585739005049851e+00 -9.000000000000000000e+00
-1.215441001614069094e+00 -9.000000000000000000e+00
-1.212296264223088338e+00 -9.000000000000000000e+00
-1.209151526832107582e+00 -9.000000000000000000e+00
-1.206006789441126825e+00 -9.000000000000000000e+00
-1.202862052050146069e+00 -9.000000000000000000e+00
-1.199717314659165313e+00 -9.000000000000000000e+00
-1.196572577268184556e+00 -9.000000000000000000e+00
-1.193427839877203578e+00 -9.000000000000000000e+00
-1.190283102486223044e+00 -9.000000000000000000e+00
-1.187138365095242065e+00 -9.000000000000000000e+00
-1.183993627704261531e+00 -9.000000000000000000e+00
-1.180848890313280553e+00 -9.000000000000000000e+00
-1.177704152922299796e+00 -9.000000000000000000e+00
-1.174559415531319040e+00 -9.000000000000000000e+00
-1.171414678140338284e+00 -9.000000000000000000e+00
-1.168269940749357527e+00 -9.000000000000000000e+00
-1.165125203358376771e+00 -9.000000000000000000e+00
-1.161980465967396015e+00 -9.000000000000000000e+00
-1.158835728576415258e+00 -9.000000000000000000e+00
-1.155690991185434502e+00 -9.000000000000000000e+00
-1.152546253794453524e+00 -9.000000000000000000e+00
-1.149401516403472989e+00 -9.000000000000000000e+00
-1.146256779012492011e+00 -9.000000000000000000e+00
-1.143112041621511477e+00 -9.000000000000000000e+00
-1.139967304230530498e+00 -9.000000000000000000e+00
-1.136822566839549742e+00 -9.000000000000000000e+00
-1.133677829448568986e+00 -9.000000000000000000e+00
-1.130533092057588229e+00 -9.000000000000000000e+00
-1.127388354666607473e+00 -9.000000000000000000e+00
-1.124243617275626717e+00 -9.000000000000000000e+00
-1.121098879884645960e+00 -9.000000000000000000e+00
-1.117954142493665204e+00 -9.000000000000000000e+00
-1.114809405102684448e+00 -9.000000000000000000e+00
-1.111664667711703469e+00 -9.000000000000000000e+00
-1.108519930320722935e+00 -9.000000000000000000e+00
-1.105375192929741957e+00 -9.000000000000000000e+00
-1.102230455538761200e+00 -9.000000000000000000e+00
-1.099085718147780444e+00 -9.000000000000000000e+00
-1.095940980756799688e+00 -9.000000000000000000e+00
-1.092796243365818931e+00 -9.000000000000000000e+00
-1.089651505974838175e+00 -9.000000000000000000e+00
-1.086506768583857419e+00 -9.000000000000000000e+00
-1.083362031192876662e+00 -9.000000000000000000e+00
-1.080217293801895906e+00 -9.000000000000000000e+00
-1.077072556410915150e+00 -9.000000000000000000e+00
-1.073927819019934393e+00 -9.000000000000000000e+00
-1.070783081628953415e+00 -9.000000000000000000e+00
-1.067638344237972881e+00 -9.000000000000000000e+00
-1.064493606846991902e+00 -9.000000000000000000e+00
-1.061348869456011368e+00 -9.000000000000000000e+00
-1.058204132065030389e+00 -9.000000000000000000e+00
-1.055059394674049633e+00 -9.000000000000000000e+00
-1.051914657283068877e+00 -9.000000000000000000e+00
-1.048769919892088121e+00 -9.000000000000000000e+00
-1.045625182501107364e+00 -9.000000000000000000e+00
-1.042480445110126608e+00 -9.000000000000000000e+00
-1.039335707719145852e+00 -9.000000000000000000e+00
-1.036190970328164873e+00 -9.000000000000000000e+00
-1.033046232937184339e+00 -9.000000000000000000e+00
-1.029901495546203360e+00 -9.000000000000000000e+00
-1.026756758155222826e+00 -9.000000000000000000e+00
-1.023612020764241848e+00 -9.000000000000000000e+00
-1.020467283373261314e+00 -9.000000000000000000e+00
-1.017322545982280335e+00 -9.000000000000000000e+00
-1.014177808591299579e+00 -9.000000000000000000e+00
-1.011033071200318822e+00 -9.000000000000000000e+00
-1.007888333809338066e+00 -9.000000000000000000e+00
-1.004743596418357310e+00 -9.000000000000000000e+00
-1.001598859027376553e+00 -9.000000000000000000e+00
-9.984541216363957972e-01 -9.000000000000000000e+00
-9.953093842454149298e-01 -9.000000000000000000e+00
-9.921646468544341735e-01 -9.000000000000000000e+00
-9.890199094634534172e-01 -9.000000000000000000e+00
-9.858751720724726608e-01 -9.000000000000000000e+00
-9.827304346814919045e-01 -9.000000000000000000e+00
-9.795856972905111482e-01 -9.000000000000000000e+00
-9.764409598995302808e-01 -9.000000000000000000e+00
-9.732962225085495245e-01 -9.000000000000000000e+00
-9.701514851175687681e-01 -9.000000000000000000e+00
-9.670067477265880118e-01 -9.000000000000000000e+00
-9.638620103356072555e-01 -9.000000000000000000e+00
-9.607172729446264992e-01 -9.000000000000000000e+00
-9.575725355536457428e-01 -9.000000000000000000e+00
-9.544277981626648755e-01 -9.000000000000000000e+00
-9.512830607716841191e-01 -9.000000000000000000e+00
-9.481383233807033628e-01 -9.000000000000000000e+00
-9.449935859897226065e-01 -9.000000000000000000e+00
-9.418488485987418501e-01 -9.000000000000000000e+00
-9.387041112077610938e-01 -9.000000000000000000e+00
-9.355593738167802265e-01 -9.000000000000000000e+00
-9.324146364257994701e-01 -9.000000000000000000e+00
-9.292698990348187138e-01 -9.000000000000000000e+00
-9.261251616438379575e-01 -9.000000000000000000e+00
-9.229804242528572011e-01 -9.000000000000000000e+00
-9.198356868618764448e-01 -9.000000000000000000e+00
-9.166909494708956885e-01 -9.000000000000000000e+00
-9.135462120799148211e-01 -9.000000000000000000e+00
-9.104014746889340648e-01 -9.000000000000000000e+00
-9.072567372979533085e-01 -9.000000000000000000e+00
-9.041119999069725521e-01 -9.000000000000000000e+00
-9.009672625159917958e-01 -9.000000000000000000e+00
-8.978225251250110395e-01 -9.000000000000000000e+00
-8.946777877340301721e-01 -9.000000000000000000e+00
-8.915330503430494158e-01 -9.000000000000000000e+00
-8.883883129520686595e-01 -9.000000000000000000e+00
-8.852435755610879031e-01 -9.000000000000000000e+00
-8.820988381701071468e-01 -9.000000000000000000e+00
-8.789541007791263905e-01 -9.000000000000000000e+00
-8.758093633881455231e-01 -9.000000000000000000e+00
-8.726646259971647668e-01 -9.000000000000000000e+00
-8.695198886061840104e-01 -9.000000000000000000e+00
-8.663751512152032541e-01 -9.000000000000000000e+00
-8.632304138242224978e-01 -9.000000000000000000e+00
-8.600856764332417415e-01 -9.000000000000000000e+00
-8.569409390422609851e-01 -9.000000000000000000e+00
-8.537962016512801178e-01 -9.000000000000000000e+00
-8.506514642602993614e-01 -9.000000000000000000e+00
-8.475067268693186051e-01 -9.000000000000000000e+00
-8.443619894783378488e-01 -9.000000000000000000e+00
-8.412172520873570924e-01 -9.000000000000000000e+00
-8.380725146963763361e-01 -9.000000000000000000e+00
-8.349277773053954688e-01 -9.000000000000000000e+00
-8.317830399144147124e-01 -9.000000000000000000e+00
-8.286383025234339561e-01 -9.000000000000000000e+00
-8.254935651324531998e-01 -9.000000000000000000e+00
-8.223488277414724434e-01 -9.000000000000000000e+00
-8.192040903504916871e-01 -9.000000000000000000e+00
-8.160593529595108198e-01 -9.000000000000000000e+00
-8.129146155685300634e-01 -9.000000000000000000e+00
-8.097698781775493071e-01 -9.000000000000000000e+00
-8.066251407865685508e-01 -9.000000000000000000e+00
-8.034804033955877944e-01 -9.000000000000000000e+00
-8.003356660046070381e-01 -9.000000000000000000e+00
-7.971909286136262818e-01 -9.000000000000000000e+00
-7.940461912226454144e-01 -9.000000000000000000e+00
-7.909014538316646581e-01 -9.000000000000000000e+00
-7.877567164406839018e-01 -9.000000000000000000e+00
-7.846119790497031454e-01 -9.000000000000000000e+00
-7.814672416587223891e-01 -9.000000000000000000e+00
-7.783225042677416328e-01 -9.000000000000000000e+00
-7.751777668767607654e-01 -9.000000000000000000e+00
-7.720330294857800091e-01 -9.000000000000000000e+00
-7.688882920947992528e-01 -9.000000000000000000e+00
-7.657435547038184964e-01 -9.000000000000000000e+00
-7.625988173128377401e-01 -9.000000000000000000e+00
-7.594540799218569838e-01 -9.000000000000000000e+00
-7.563093425308762274e-01 -9.000000000000000000e+00
-7.531646051398953601e-01 -9.000000000000000000e+00
-7.500198677489146037e-01 -9.000000000000000000e+00
-7.468751303579338474e-01 -9.000000000000000000e+00
-7.437303929669530911e-01 -9.000000000000000000e+00
-7.405856555759723348e-01 -9.000000000000000000e+00
-7.374409181849915784e-01 -9.000000000000000000e+00
-7.342961807940107111e-01 -9.000000000000000000e+00
-7.311514434030299547e-01 -9.000000000000000000e+00
-7.280067060120491984e-01 -9.000000000000000000e+00
-7.248619686210684421e-01 -9.000000000000000000e+00
-7.217172312300876857e-01 -9.000000000000000000e+00
-7.185724938391069294e-01 -9.000000000000000000e+00
-7.154277564481261731e-01 -9.000000000000000000e+00
-7.122830190571453057e-01 -9.000000000000000000e+00
-7.091382816661645494e-01 -9.000000000000000000e+00
-7.059935442751837931e-01 -9.000000000000000000e+00
-7.028488068842030367e-01 -9.000000000000000000e+00
-6.997040694932222804e-01 -9.000000000000000000e+00
-6.965593321022415241e-01 -9.000000000000000000e+00
-6.934145947112606567e-01 -9.000000000000000000e+00
-6.902698573202799004e-01 -9.000000000000000000e+00
-6.871251199292991441e-01 -9.000000000000000000e+00
-6.839803825383183877e-01 -9.000000000000000000e+00
-6.808356451473376314e-01 -9.000000000000000000e+00
-6.776909077563568751e-01 -9.000000000000000000e+00
-6.745461703653760077e-01 -9.000000000000000000e+00
-6.714014329743952514e-01 -9.000000000000000000e+00
-6.682566955834144951e-01 -9.000000000000000000e+00
-6.651119581924337387e-01 -9.000000000000000000e+00
-6.619672208014529824e-01 -9.000000000000000000e+00
-6.588224834104722261e-01 -9.000000000000000000e+00
-6.556777460194914697e-01 -9.000000000000000000e+00
-6.525330086285106024e-01 -9.000000000000000000e+00
-6.493882712375298460e-01 -9.000000000000000000e+00
-6.462435338465490897e-01 -9.000000000000000000e+00
-6.430987964555683334e-01 -9.000000000000000000e+00
-6.399540590645875771e-01 -9.000000000000000000e+00
-6.368093216736068207e-01 -9.000000000000000000e+00
-6.336645842826259534e-01 -9.000000000000000000e+00
-6.305198468916451970e-01 -9.000000000000000000e+00
-6.273751095006644407e-01 -9.000000000000000000e+00
-6.242303721096836844e-01 -9.000000000000000000e+00
-6.210856347187029280e-01 -9.000000000000000000e+00
-6.179408973277221717e-01 -9.000000000000000000e+00
-6.147961599367413044e-01 -9.000000000000000000e+00
-6.116514225457605480e-01 -9.000000000000000000e+00
-6.085066851547797917e-01 -9.000000000000000000e+00
-6.053619477637990354e-01 -9.000000000000000000e+00
-6.022172103728182790e-01 -9.000000000000000000e+00
-5.990724729818375227e-01 -9.000000000000000000e+00
-5.959277355908567664e-01 -9.000000000000000000e+00
-5.927829981998758990e-01 -9.000000000000000000e+00
-5.896382608088951427e-01 -9.000000000000000000e+00
-5.864935234179143864e-01 -9.000000000000000000e+00
-5.833487860269336300e-01 -9.000000000000000000e+00
-5.802040486359528737e-01 -9.000000000000000000e+00
-5.770593112449721174e-01 -8.983577136635801708e+00
-5.739145738539912500e-01 -8.924247141745432543e+00
-5.707698364630104937e-01 -8.864591156236379277e+00
-5.676250990720297374e-01 -8.804605577975017638e+00
-5.644803616810489810e-01 -8.744286744791544663e+00
-5.613356242900682247e-01 -8.683630933138395847e+00
-5.581908868990874684e-01 -8.622634356710918269e+00
-5.550461495081067120e-01 -8.561293165029127294e+00
-5.519014121171259557e-01 -8.499603441979168394e+00
-5.487566747261451994e-01 -8.437561204313063001e+00
-5.456119373351644430e-01 -8.375162400105409688e+00
-5.424671999441834647e-01 -8.312402907165413524e+00
-5.393224625532027083e-01 -8.249278531402822523e+00
-5.361777251622219520e-01 -8.185785005146001936e+00
-5.330329877712411957e-01 -8.121917985410618712e+00
-5.298882503802604393e-01 -8.057673052117031887e+00
-5.267435129892796830e-01 -7.993045706254697791e+00
-5.235987755982989267e-01 -7.928031367991565048e+00
-5.204540382073181704e-01 -7.862625374726533778e+00
-5.173093008163374140e-01 -7.796822979082925542e+00
-5.141645634253566577e-01 -7.730619346840718720e+00
-5.110198260343759014e-01 -7.664009554805424784e+00
-5.078750886433951450e-01 -7.596988588611139903e+00
-5.047303512524143887e-01 -7.529551340455370223e+00
-5.015856138614334103e-01 -7.461692606763094204e+00
-4.984408764704526540e-01 -7.393407085777354837e+00
-4.952961390794718977e-01 -7.324689375073575093e+00
-4.921514016884911413e-01 -7.255533968994775762e+00
-4.890066642975103850e-01 -7.185935256004505334e+00
-4.858619269065296287e-01 -7.115887515954433695e+00
-4.827171895155488723e-01 -7.045384917263227464e+00
-4.795724521245681160e-01 -6.974421514003211087e+00
-4.764277147335873597e-01 -6.902991242891189927e+00
-4.732829773426066033e-01 -6.831087920179648165e+00
-4.701382399516258470e-01 -6.758705238444306929e+00
-4.669935025606450907e-01 -6.685836763263878879e+00
-4.638487651696641123e-01 -6.612475929787642315e+00
-4.607040277786833560e-01 -6.538616039186301521e+00
-4.575592903877025996e-01 -6.464250254981244836e+00
-4.544145529967218433e-01 -6.389371599247262168e+00
-4.512698156057410870e-01 -6.313972948683378661e+00
-4.481250782147603307e-01 -6.238047030546319149e+00
-4.449803408237795743e-01 -6.161586418440819557e+00
-4.418356034327988180e-01 -6.084583527960568006e+00
-4.386908660418180617e-01 -6.007030612173508644e+00
-4.355461286508373053e-01 -5.928919756944779351e+00
-4.324013912598565490e-01 -5.850242876090135269e+00
-4.292566538688757927e-01 -5.770991706352475603e+00
-4.261119164778950363e-01 -5.691157802193714588e+00
-4.229671790869140580e-01 -5.610732530393761408e+00
-4.198224416959333016e-01 -5.529707064447947573e+00
-4.166777043049525453e-01 -5.448072378753757050e+00
-4.135329669139717890e-01 -5.365819242577508419e+00
-4.103882295229910326e-01 -5.282938213790593807e+00
-4.072434921320102763e-01 -5.199419632364858046e+00
-4.040987547410295200e-01 -5.115253613615934114e+00
-4.009540173500487636e-01 -5.030430041182448520e+00
-3.978092799590680073e-01 -4.944938559729017413e+00
-3.946645425680872510e-01 -4.858768567359518897e+00
-3.915198051771064947e-01 -4.771909207726977797e+00
-3.883750677861257383e-01 -4.684349361825212554e+00
-3.852303303951449820e-01 -4.596077639446882301e+00
-3.820855930041640036e-01 -4.507082370291371376e+00
-3.789408556131832473e-01 -4.417351594705273499e+00
-3.757961182222024910e-01 -4.326873054037001509e+00
-3.726513808312217346e-01 -4.235634180586160369e+00
-3.695066434402409783e-01 -4.143622087126971110e+00
-3.663619060492602220e-01 -4.050823555984038649e+00
-3.632171686582794656e-01 -3.957225027637171877e+00
-3.600724312672987093e-01 -3.862812588830770721e+00
-3.569276938763179530e-01 -3.767571960161632205e+00
-3.537829564853371966e-01 -3.671488483117627766e+00
-3.506382190943564403e-01 -3.574547106537586671e+00
-3.474934817033756840e-01 -3.476732372461334819e+00
-3.443487443123949276e-01 -3.378028401336528930e+00
-3.412040069214139493e-01 -3.278418876546801641e+00
-3.380592695304331929e-01 -3.177887028223693733e+00
-3.349145321394524366e-01 -3.076415616302007550e+00
-3.317697947484716803e-01 -2.973986912775881564e+00
-3.286250573574909239e-01 -2.870582683109915934e+00
-3.254803199665101676e-01 -2.766184166756509910e+00
-3.223355825755294113e-01 -2.660772056727427781e+00
-3.191908451845486550e-01 -2.554326478163890357e+00
-3.160461077935678986e-01 -2.446826965845790625e+00
-3.129013704025871423e-01 -2.338252440576237490e+00
-3.097566330116063860e-01 -2.228581184373393143e+00
-3.066118956206256296e-01 -2.117790814396524723e+00
-3.034671582296448733e-01 -2.005858255527918743e+00
-3.003224208386638949e-01 -1.892759711526750266e+00
-2.971776834476831386e-01 -1.778470634664667926e+00
-2.940329460567023823e-01 -1.662965693746041751e+00
-2.908882086657216259e-01 -1.546218740408910719e+00
-2.877434712747408696e-01 -1.428202773594303920e+00
-2.845987338837601133e-01 -1.308889902063178567e+00
-2.814539964927793569e-01 -1.188251304830899358e+00
-2.783092591017986006e-01 -1.066257189378735148e+00
-2.751645217108178443e-01 -9.428767474909314217e-01
-2.720197843198370879e-01 -8.180781085534576391e-01
-2.688750469288563316e-01 -6.918282901374190885e-01
-2.657303095378755753e-01 -5.640931456754145756e-01
-2.625855721468948190e-01 -4.348373090231554272e-01
-2.594408347559138406e-01 -3.040241356812209972e-01
-2.562960973649330843e-01 -1.716156404325062113e-01
-2.531513599739523279e-01 -3.757243112981001332e-02
-2.500066225829715716e-01 9.814636165514656341e-02
-2.468618851919908153e-01 2.355831594355883851e-01
-2.437171478010100589e-01 3.747820154091456857e-01
-2.405724104100293026e-01 5.157886992264621995e-01
-2.374276730190485463e-01 6.586507873371978405e-01
-2.342829356280677899e-01 8.034177593595792644e-01
-2.311381982370870336e-01 9.501411009620213122e-01
-2.279934608461062773e-01 1.098874413792056970e+00
-2.248487234551255209e-01 1.249673533039882045e+00
-2.217039860641445426e-01 1.402596653281936057e+00
-2.185592486731637862e-01 1.557704463314060206e+00
-2.154145112821830299e-01 1.715060290756266426e+00
-2.122697738912022736e-01 1.874730257291282953e+00
-2.091250365002215172e-01 2.036783445489287914e+00
-2.059802991092407609e-01 2.201292078272324204e+00
-2.028355617182600046e-01 2.368331712185209881e+00
-1.996908243272792483e-01 2.537981445767506727e+00
-1.965460869362984919e-01 2.710324144465015905e+00
-1.934013495453177356e-01 2.885446683681475832e+00
-1.902566121543369793e-01 3.063440211755178666e+00
-1.871118747633562229e-01 3.244400434853158544e+00
-1.839671373723754666e-01 3.428427926012385996e+00
-1.808223999813944882e-01 3.615628460826144419e+00
-1.776776625904137319e-01 3.806113382580939231e+00
-1.745329251994329756e-01 4.000000000000000000e+00
-1.713881878084522192e-01 4.197412021150842776e+00
-1.682434504174714629e-01 4.398480027536191272e+00
-1.650987130264907066e-01 4.603341992917979297e+00
-1.619539756355099502e-01 4.812143852037124248e+00
-1.588092382445291939e-01 5.025040125100364463e+00
-1.556645008535484376e-01 5.494706962554225527e+00
-1.525197634625676812e-01 6.406564360492886578e+00
-1.493750260715869249e-01 7.299812423779723503e+00
-1.462302886806061686e-01 8.174451152414754063e+00
-1.430855512896254123e-01 9.030480546397988917e+00
-1.399408138986444339e-01 9.867900605729467145e+00
-1.367960765076636775e-01 1.068671133040907861e+01
-1.336513391166829212e-01 1.148691272043687661e+01
-1.305066017257021649e-01 1.226850477581286469e+01
-1.273618643347214086e-01 1.303148749653704463e+01
-1.242171269437406522e-01 1.377586088260941466e+01
-1.210723895527598959e-01 1.450162493402997832e+01
-1.179276521617791396e-01 1.520877965079873029e+01
-1.147829147707983832e-01 1.589732503291567589e+01
-1.116381773798176269e-01 1.656726108038081691e+01
-1.084934399888368706e-01 1.721858779319413557e+01
-1.053487025978561142e-01 1.785130517135564787e+01
-1.022039652068753579e-01 1.846541321486535736e+01
-9.905922781589437953e-02 1.906091192372330312e+01
-9.591449042491362320e-02 1.963780129792938922e+01
-9.276975303393286687e-02 2.019608133748366896e+01
-8.962501564295211054e-02 2.073575204238613523e+01
-8.648027825197135421e-02 2.125681341263679514e+01
-8.333554086099059788e-02 2.175926544823564512e+01
-8.019080347000984155e-02 2.224310814918268875e+01
-7.704606607902908522e-02 2.270834151547791890e+01
-7.390132868804832889e-02 2.315496554712134269e+01
-7.075659129706757255e-02 2.358298024411295657e+01
-6.761185390608681622e-02 2.399238560645276408e+01
-6.446711651510605989e-02 2.438318163414076167e+01
-6.132237912412508152e-02 2.475536832717697067e+01
-5.817764173314432519e-02 2.510894568556134843e+01
-5.503290434216356886e-02 2.544391370929391627e+01
-5.188816695118281253e-02 2.576027239837467420e+01
-4.874342956020205619e-02 2.605802175280362221e+01
-4.559869216922129986e-02 2.633716177258076030e+01
-4.245395477824054353e-02 2.659769245770609203e+01
-3.930921738725978720e-02 2.683961380817961384e+01
-3.616447999627903087e-02 2.706292582400132574e+01
-3.301974260529827454e-02 2.726762850517122772e+01
-2.987500521431751821e-02 2.745372185168931978e+01
-2.673026782333676188e-02 2.762120586355560548e+01
-2.358553043235600555e-02 2.777008054077008126e+01
-2.044079304137502717e-02 2.790034588333275423e+01
-1.729605565039427084e-02 2.801200189124361017e+01
-1.415131825941351451e-02 2.810504856450265621e+01
-1.100658086843275818e-02 2.817948590310989587e+01
-7.861843477452001849e-03 2.823531390706532207e+01
-4.717106086471245519e-03 2.827253257636894190e+01
-1.572368695490489188e-03 2.829114191102075182e+01
1.572368695490267143e-03 2.829114191102075182e+01
4.717106086471023474e-03 2.827253257636894546e+01
7.861843477451779805e-03 2.823531390706532562e+01
1.100658086843253614e-02 2.817948590310989943e+01
1.415131825941329247e-02 2.810504856450266331e+01
1.729605565039404880e-02 2.801200189124361728e+01
2.044079304137502717e-02 2.790034588333275423e+01
2.358553043235578350e-02 2.777008054077009191e+01
2.673026782333653983e-02 2.762120586355561613e+01
2.987500521431729616e-02 2.745372185168933399e+01
3.301974260529805250e-02 2.726762850517124193e+01
3.616447999627880883e-02 2.706292582400133995e+01
3.930921738725956516e-02 2.683961380817962805e+01
4.245395477824032149e-02 2.659769245770610979e+01
4.559869216922107782e-02 2.633716177258077806e+01
4.874342956020183415e-02 2.605802175280364352e+01
5.188816695118259048e-02 2.576027239837469551e+01
5.503290434216334681e-02 2.544391370929393759e+01
5.817764173314410314e-02 2.510894568556137330e+01
6.132237912412508152e-02 2.475536832717697067e+01
6.446711651510583785e-02 2.438318163414078654e+01
6.761185390608659418e-02 2.399238560645279250e+01
7.075659129706735051e-02 2.358298024411298854e+01
7.390132868804810684e-02 2.315496554712137467e+01
7.704606607902886317e-02 2.270834151547795443e+01
8.019080347000961950e-02 2.224310814918272428e+01
8.333554086099037583e-02 2.175926544823568065e+01
8.648027825197113216e-02 2.125681341263683066e+01
8.962501564295188849e-02 2.073575204238617431e+01
9.276975303393264483e-02 2.019608133748370449e+01
9.591449042491340116e-02 1.963780129792942830e+01
9.905922781589415749e-02 1.906091192372333865e+01
1.022039652068751359e-01 1.846541321486540710e+01
1.053487025978558922e-01 1.785130517135569761e+01
1.084934399888366485e-01 1.721858779319418176e+01
1.116381773798174049e-01 1.656726108038085954e+01
1.147829147707981612e-01 1.589732503291572563e+01
1.179276521617789175e-01 1.520877965079878358e+01
1.210723895527596738e-01 1.450162493403002983e+01
1.242171269437404302e-01 1.377586088260946973e+01
1.273618643347211865e-01 1.303148749653709437e+01
1.305066017257019428e-01 1.226850477581291798e+01
1.336513391166826992e-01 1.148691272043692990e+01
1.367960765076634555e-01 1.068671133040912835e+01
1.399408138986442118e-01 9.867900605729531094e+00
1.430855512896251902e-01 9.030480546398052866e+00
1.462302886806059465e-01 8.174451152414825117e+00
1.493750260715867029e-01 7.299812423779783899e+00
1.525197634625674592e-01 6.406564360492946975e+00
1.556645008535482155e-01 5.494706962554285923e+00
1.588092382445289719e-01 5.025040125100378674e+00
1.619539756355097282e-01 4.812143852037138458e+00
1.650987130264904845e-01 4.603341992917993508e+00
1.682434504174712409e-01 4.398480027536205483e+00
1.713881878084519972e-01 4.197412021150856987e+00
1.745329251994327535e-01 4.000000000000010658e+00
1.776776625904135098e-01 3.806113382580956994e+00
1.808223999813944882e-01 3.615628460826144419e+00
1.839671373723752446e-01 3.428427926012396654e+00
1.871118747633560009e-01 3.244400434853169202e+00
1.902566121543367572e-01 3.063440211755189324e+00
1.934013495453175135e-01 2.885446683681486491e+00
1.965460869362982699e-01 2.710324144465033669e+00
1.996908243272790262e-01 2.537981445767520938e+00
2.028355617182597825e-01 2.368331712185220539e+00
2.059802991092405389e-01 2.201292078272338415e+00
2.091250365002212952e-01 2.036783445489302125e+00
2.122697738912020515e-01 1.874730257291293611e+00
2.154145112821828079e-01 1.715060290756277084e+00
2.185592486731635642e-01 1.557704463314070864e+00
2.217039860641445426e-01 1.402596653281936057e+00
2.248487234551252989e-01 1.249673533039892703e+00
2.279934608461060552e-01 1.098874413792064075e+00
2.311381982370868116e-01 9.501411009620390757e-01
2.342829356280675679e-01 8.034177593595899225e-01
2.374276730190483242e-01 6.586507873372013933e-01
2.405724104100290806e-01 5.157886992264693049e-01
2.437171478010098369e-01 3.747820154091563438e-01
2.468618851919905932e-01 2.355831594355990433e-01
2.500066225829713495e-01 9.814636165515722155e-02
2.531513599739521059e-01 -3.757243112979935518e-02
2.562960973649328622e-01 -1.716156404325026585e-01
2.594408347559136185e-01 -3.040241356812103390e-01
2.625855721468945969e-01 -4.348373090231447691e-01
2.657303095378753532e-01 -5.640931456754003648e-01
2.688750469288561096e-01 -6.918282901374048777e-01
2.720197843198368659e-01 -8.180781085534469810e-01
2.751645217108176222e-01 -9.428767474909207635e-01
2.783092591017983786e-01 -1.066257189378724490e+00
2.814539964927791349e-01 -1.188251304830888699e+00
2.845987338837598912e-01 -1.308889902063167909e+00
2.877434712747406476e-01 -1.428202773594293262e+00
2.908882086657214039e-01 -1.546218740408903614e+00
2.940329460567021602e-01 -1.662965693746031093e+00
2.971776834476829166e-01 -1.778470634664660821e+00
3.003224208386636729e-01 -1.892759711526746713e+00
3.034671582296446513e-01 -2.005858255527908085e+00
3.066118956206254076e-01 -2.117790814396510513e+00
3.097566330116061639e-01 -2.228581184373389590e+00
3.129013704025869202e-01 -2.338252440576226832e+00
3.160461077935676766e-01 -2.446826965845779966e+00
3.191908451845484329e-01 -2.554326478163886804e+00
3.223355825755291892e-01 -2.660772056727417123e+00
3.254803199665099456e-01 -2.766184166756499252e+00
3.286250573574907019e-01 -2.870582683109908828e+00
3.317697947484714582e-01 -2.973986912775874458e+00
3.349145321394522146e-01 -3.076415616302000444e+00
3.380592695304329709e-01 -3.177887028223686627e+00
3.412040069214139493e-01 -3.278418876546801641e+00
3.443487443123947056e-01 -3.378028401336521824e+00
3.474934817033754619e-01 -3.476732372461327714e+00
3.506382190943562183e-01 -3.574547106537579566e+00
3.537829564853369746e-01 -3.671488483117620660e+00
3.569276938763177309e-01 -3.767571960161632205e+00
3.600724312672984873e-01 -3.862812588830756511e+00
3.632171686582792436e-01 -3.957225027637164771e+00
3.663619060492599999e-01 -4.050823555984031543e+00
3.695066434402407562e-01 -4.143622087126964004e+00
3.726513808312215126e-01 -4.235634180586153263e+00
3.757961182222022689e-01 -4.326873054037001509e+00
3.789408556131830252e-01 -4.417351594705266393e+00
3.820855930041640036e-01 -4.507082370291371376e+00
3.852303303951447599e-01 -4.596077639446875196e+00
3.883750677861255163e-01 -4.684349361825205449e+00
3.915198051771062726e-01 -4.771909207726970692e+00
3.946645425680870289e-01 -4.858768567359511792e+00
3.978092799590677853e-01 -4.944938559729010308e+00
4.009540173500485416e-01 -5.030430041182441414e+00
4.040987547410292979e-01 -5.115253613615927009e+00
4.072434921320100543e-01 -5.199419632364858046e+00
4.103882295229908106e-01 -5.282938213790579596e+00
4.135329669139715669e-01 -5.365819242577508419e+00
4.166777043049523233e-01 -5.448072378753757050e+00
4.198224416959330796e-01 -5.529707064447940468e+00
4.229671790869140580e-01 -5.610732530393761408e+00
4.261119164778948143e-01 -5.691157802193707482e+00
4.292566538688755706e-01 -5.770991706352461392e+00
4.324013912598561049e-01 -5.850242876090128163e+00
4.355461286508370833e-01 -5.928919756944779351e+00
4.386908660418176176e-01 -6.007030612173494433e+00
4.418356034327985959e-01 -6.084583527960553795e+00
4.449803408237795743e-01 -6.161586418440819557e+00
4.481250782147601086e-01 -6.238047030546312044e+00
4.512698156057410870e-01 -6.313972948683378661e+00
4.544145529967216213e-01 -6.389371599247255062e+00
4.575592903877025996e-01 -6.464250254981244836e+00
4.607040277786831339e-01 -6.538616039186294415e+00
4.638487651696641123e-01 -6.612475929787642315e+00
4.669935025606446466e-01 -6.685836763263864668e+00
4.701382399516256250e-01 -6.758705238444306929e+00
4.732829773426061593e-01 -6.831087920179641060e+00
4.764277147335871376e-01 -6.902991242891182821e+00
4.795724521245676719e-01 -6.974421514003203981e+00
4.827171895155486503e-01 -7.045384917263220359e+00
4.858619269065296287e-01 -7.115887515954433695e+00
4.890066642975101630e-01 -7.185935256004498228e+00
4.921514016884911413e-01 -7.255533968994775762e+00
4.952961390794716756e-01 -7.324689375073567987e+00
4.984408764704526540e-01 -7.393407085777354837e+00
5.015856138614331883e-01 -7.461692606763087099e+00
5.047303512524141667e-01 -7.529551340455363118e+00
5.078750886433947009e-01 -7.596988588611125692e+00
5.110198260343756793e-01 -7.664009554805417679e+00
5.141645634253562136e-01 -7.730619346840711614e+00
5.173093008163371920e-01 -7.796822979082918437e+00
5.204540382073177263e-01 -7.862625374726526672e+00
5.235987755982987046e-01 -7.928031367991557943e+00
5.267435129892796830e-01 -7.993045706254697791e+00
5.298882503802602173e-01 -8.057673052117024781e+00
5.330329877712411957e-01 -8.121917985410618712e+00
5.361777251622217300e-01 -8.185785005146001936e+00
5.393224625532027083e-01 -8.249278531402822523e+00
5.424671999441832426e-01 -8.312402907165413524e+00
5.456119373351642210e-01 -8.375162400105402583e+00
5.487566747261447553e-01 -8.437561204313055896e+00
5.519014121171257337e-01 -8.499603441979161289e+00
5.550461495081062679e-01 -8.561293165029127294e+00
5.581908868990872463e-01 -8.622634356710918269e+00
5.613356242900677806e-01 -8.683630933138381636e+00
5.644803616810487590e-01 -8.744286744791537558e+00
5.676250990720297374e-01 -8.804605577975017638e+00
5.707698364630102716e-01 -8.864591156236379277e+00
5.739145738539912500e-01 -8.924247141745432543e+00
5.770593112449717843e-01 -8.983577136635794602e+00
5.802040486359527627e-01 -9.000000000000000000e+00
5.833487860269332970e-01 -9.000000000000000000e+00
5.864935234179142753e-01 -9.000000000000000000e+00
5.896382608088948096e-01 -9.000000000000000000e+00
5.927829981998757880e-01 -9.000000000000000000e+00
5.959277355908563223e-01 -9.000000000000000000e+00
5.990724729818373007e-01 -9.000000000000000000e+00
6.022172103728178350e-01 -9.000000000000000000e+00
6.053619477637988133e-01 -9.000000000000000000e+00
6.085066851547797917e-01 -9.000000000000000000e+00
6.116514225457603260e-01 -9.000000000000000000e+00
6.147961599367413044e-01 -9.000000000000000000e+00
6.179408973277218386e-01 -9.000000000000000000e+00
6.210856347187028170e-01 -9.000000000000000000e+00
6.242303721096833513e-01 -9.000000000000000000e+00
6.273751095006643297e-01 -9.000000000000000000e+00
6.305198468916448640e-01 -9.000000000000000000e+00
6.336645842826258423e-01 -9.000000000000000000e+00
6.368093216736063766e-01 -9.000000000000000000e+00
6.399540590645873550e-01 -9.000000000000000000e+00
6.430987964555683334e-01 -9.000000000000000000e+00
6.462435338465488677e-01 -9.000000000000000000e+00
6.493882712375298460e-01 -9.000000000000000000e+00
6.525330086285103803e-01 -9.000000000000000000e+00
6.556777460194913587e-01 -9.000000000000000000e+00
6.588224834104718930e-01 -9.000000000000000000e+00
6.619672208014528714e-01 -9.000000000000000000e+00
6.651119581924334057e-01 -9.000000000000000000e+00
6.682566955834143840e-01 -9.000000000000000000e+00
6.714014329743949183e-01 -9.000000000000000000e+00
6.745461703653758967e-01 -9.000000000000000000e+00
6.776909077563564310e-01 -9.000000000000000000e+00
6.808356451473374094e-01 -9.000000000000000000e+00
6.839803825383183877e-01 -9.000000000000000000e+00
6.871251199292989220e-01 -9.000000000000000000e+00
6.902698573202799004e-01 -9.000000000000000000e+00
6.934145947112604347e-01 -9.000000000000000000e+00
6.965593321022414131e-01 -9.000000000000000000e+00
6.997040694932219473e-01 -9.000000000000000000e+00
7.028488068842029257e-01 -9.000000000000000000e+00
7.059935442751834600e-01 -9.000000000000000000e+00
7.091382816661644384e-01 -9.000000000000000000e+00
7.122830190571449727e-01 -9.000000000000000000e+00
7.154277564481259510e-01 -9.000000000000000000e+00
7.185724938391064853e-01 -9.000000000000000000e+00
7.217172312300874637e-01 -9.000000000000000000e+00
7.248619686210684421e-01 -9.000000000000000000e+00
7.280067060120489764e-01 -9.000000000000000000e+00
7.311514434030299547e-01 -9.000000000000000000e+00
7.342961807940104890e-01 -9.000000000000000000e+00
7.374409181849914674e-01 -9.000000000000000000e+00
7.405856555759720017e-01 -9.000000000000000000e+00
7.437303929669529801e-01 -9.000000000000000000e+00
7.468751303579335143e-01 -9.000000000000000000e+00
7.500198677489144927e-01 -9.000000000000000000e+00
7.531646051398950270e-01 -9.000000000000000000e+00
7.563093425308760054e-01 -9.000000000000000000e+00
7.594540799218565397e-01 -9.000000000000000000e+00
7.625988173128375180e-01 -9.000000000000000000e+00
7.657435547038184964e-01 -9.000000000000000000e+00
7.688882920947990307e-01 -9.000000000000000000e+00
7.720330294857800091e-01 -9.000000000000000000e+00
7.751777668767605434e-01 -9.000000000000000000e+00
7.783225042677415217e-01 -9.000000000000000000e+00
7.814672416587220560e-01 -9.000000000000000000e+00
7.846119790497030344e-01 -9.000000000000000000e+00
7.877567164406835687e-01 -9.000000000000000000e+00
7.909014538316645471e-01 -9.000000000000000000e+00
7.940461912226450814e-01 -9.000000000000000000e+00
7.971909286136260597e-01 -9.000000000000000000e+00
8.003356660046065940e-01 -9.000000000000000000e+00
8.034804033955875724e-01 -9.000000000000000000e+00
8.066251407865685508e-01 -9.000000000000000000e+00
8.097698781775490851e-01 -9.000000000000000000e+00
8.129146155685300634e-01 -9.000000000000000000e+00
8.160593529595105977e-01 -9.000000000000000000e+00
8.192040903504915761e-01 -9.000000000000000000e+00
8.223488277414721104e-01 -9.000000000000000000e+00
8.254935651324530888e-01 -9.000000000000000000e+00
8.286383025234336230e-01 -9.000000000000000000e+00
8.317830399144146014e-01 -9.000000000000000000e+00
8.349277773053951357e-01 -9.000000000000000000e+00
8.380725146963761141e-01 -9.000000000000000000e+00
8.412172520873566484e-01 -9.000000000000000000e+00
8.443619894783376267e-01 -9.000000000000000000e+00
8.475067268693186051e-01 -9.000000000000000000e+00
8.506514642602991394e-01 -9.000000000000000000e+00
8.537962016512801178e-01 -9.000000000000000000e+00
8.569409390422606521e-01 -9.000000000000000000e+00
8.600856764332416304e-01 -9.000000000000000000e+00
8.632304138242221647e-01 -9.000000000000000000e+00
8.663751512152031431e-01 -9.000000000000000000e+00
8.695198886061836774e-01 -9.000000000000000000e+00
8.726646259971646558e-01 -9.000000000000000000e+00
8.758093633881451900e-01 -9.000000000000000000e+00
8.789541007791261684e-01 -9.000000000000000000e+00
8.820988381701067027e-01 -9.000000000000000000e+00
8.852435755610876811e-01 -9.000000000000000000e+00
8.883883129520686595e-01 -9.000000000000000000e+00
8.915330503430491937e-01 -9.000000000000000000e+00
8.946777877340301721e-01 -9.000000000000000000e+00
8.978225251250107064e-01 -9.000000000000000000e+00
9.009672625159916848e-01 -9.000000000000000000e+00
9.041119999069722191e-01 -9.000000000000000000e+00
9.072567372979531974e-01 -9.000000000000000000e+00
9.104014746889337317e-01 -9.000000000000000000e+00
9.135462120799147101e-01 -9.000000000000000000e+00
9.166909494708952444e-01 -9.000000000000000000e+00
9.198356868618762228e-01 -9.000000000000000000e+00
9.229804242528567571e-01 -9.000000000000000000e+00
9.261251616438377354e-01 -9.000000000000000000e+00
9.292698990348187138e-01 -9.000000000000000000e+00
9.324146364257992481e-01 -9.000000000000000000e+00
9.355593738167802265e-01 -9.000000000000000000e+00
9.387041112077607607e-01 -9.000000000000000000e+00
9.418488485987417391e-01 -9.000000000000000000e+00
9.449935859897222734e-01 -9.000000000000000000e+00
9.481383233807032518e-01 -9.000000000000000000e+00
9.512830607716837861e-01 -9.000000000000000000e+00
9.544277981626647644e-01 -9.000000000000000000e+00
9.575725355536452987e-01 -9.000000000000000000e+00
9.607172729446262771e-01 -9.000000000000000000e+00
9.638620103356068114e-01 -9.000000000000000000e+00
9.670067477265877898e-01 -9.000000000000000000e+00
9.701514851175687681e-01 -9.000000000000000000e+00
9.732962225085493024e-01 -9.000000000000000000e+00
9.764409598995302808e-01 -9.000000000000000000e+00
9.795856972905108151e-01 -9.000000000000000000e+00
9.827304346814917935e-01 -9.000000000000000000e+00
9.858751720724723278e-01 -9.000000000000000000e+00
9.890199094634533061e-01 -9.000000000000000000e+00
9.921646468544338404e-01 -9.000000000000000000e+00
9.953093842454148188e-01 -9.000000000000000000e+00
9.984541216363953531e-01 -9.000000000000000000e+00
1.001598859027376331e+00 -9.000000000000000000e+00
1.004743596418356866e+00 -9.000000000000000000e+00
1.007888333809337844e+00 -9.000000000000000000e+00
1.011033071200318822e+00 -9.000000000000000000e+00
1.014177808591299357e+00 -9.000000000000000000e+00
1.017322545982280335e+00 -9.000000000000000000e+00
1.020467283373260869e+00 -9.000000000000000000e+00
1.023612020764241848e+00 -9.000000000000000000e+00
1.026756758155222382e+00 -9.000000000000000000e+00
1.029901495546203360e+00 -9.000000000000000000e+00
1.033046232937183895e+00 -9.000000000000000000e+00
1.036190970328164873e+00 -9.000000000000000000e+00
1.039335707719145407e+00 -9.000000000000000000e+00
1.042480445110126386e+00 -9.000000000000000000e+00
1.045625182501106920e+00 -9.000000000000000000e+00
1.048769919892087898e+00 -9.000000000000000000e+00
1.051914657283068877e+00 -9.000000000000000000e+00
1.055059394674049411e+00 -9.000000000000000000e+00
1.058204132065030389e+00 -9.000000000000000000e+00
1.061348869456010924e+00 -9.000000000000000000e+00
1.064493606846991902e+00 -9.000000000000000000e+00
1.067638344237972436e+00 -9.000000000000000000e+00
1.070783081628953415e+00 -9.000000000000000000e+00
1.073927819019933949e+00 -9.000000000000000000e+00
1.077072556410914927e+00 -9.000000000000000000e+00
1.080217293801895462e+00 -9.000000000000000000e+00
1.083362031192876440e+00 -9.000000000000000000e+00
1.086506768583857419e+00 -9.000000000000000000e+00
1.089651505974837953e+00 -9.000000000000000000e+00
1.092796243365818931e+00 -9.000000000000000000e+00
1.095940980756799465e+00 -9.000000000000000000e+00
1.099085718147780444e+00 -9.000000000000000000e+00
1.102230455538760978e+00 -9.000000000000000000e+00
1.105375192929741957e+00 -9.000000000000000000e+00
1.108519930320722491e+00 -9.000000000000000000e+00
1.111664667711703469e+00 -9.000000000000000000e+00
1.114809405102684003e+00 -9.000000000000000000e+00
1.117954142493664982e+00 -9.000000000000000000e+00
1.121098879884645516e+00 -9.000000000000000000e+00
1.124243617275626494e+00 -9.000000000000000000e+00
1.127388354666607473e+00 -9.000000000000000000e+00
1.130533092057588007e+00 -9.000000000000000000e+00
1.133677829448568986e+00 -9.000000000000000000e+00
1.136822566839549520e+00 -9.000000000000000000e+00
1.139967304230530498e+00 -9.000000000000000000e+00
1.143112041621511032e+00 -9.000000000000000000e+00
1.146256779012492011e+00 -9.000000000000000000e+00
1.149401516403472545e+00 -9.000000000000000000e+00
1.152546253794453524e+00 -9.000000000000000000e+00
1.155690991185434058e+00 -9.000000000000000000e+00
1.158835728576415036e+00 -9.000000000000000000e+00
1.161980465967395570e+00 -9.000000000000000000e+00
1.165125203358376549e+00 -9.000000000000000000e+00
1.168269940749357527e+00 -9.000000000000000000e+00
1.171414678140338061e+00 -9.000000000000000000e+00
1.174559415531319040e+00 -9.000000000000000000e+00
1.177704152922299574e+00 -9.000000000000000000e+00
1.180848890313280553e+00 -9.000000000000000000e+00
1.183993627704261087e+00 -9.000000000000000000e+00
1.187138365095242065e+00 -9.000000000000000000e+00
1.190283102486222599e+00 -9.000000000000000000e+00
1.193427839877203578e+00 -9.000000000000000000e+00
1.196572577268184112e+00 -9.000000000000000000e+00
1.199717314659165091e+00 -9.000000000000000000e+00
1.202862052050145625e+00 -9.000000000000000000e+00
1.206006789441126603e+00 -9.000000000000000000e+00
1.209151526832107582e+00 -9.000000000000000000e+00
1.212296264223088116e+00 -9.000000000000000000e+00
1.215441001614069094e+00 -9.000000000000000000e+00
1.218585739005049629e+00 -9.000000000000000000e+00
1.221730476396030607e+00 -9.000000000000000000e+00
1.224875213787011141e+00 -9.000000000000000000e+00
1.228019951177992120e+00 -9.000000000000000000e+00
1.231164688568972654e+00 -9.000000000000000000e+00
1.234309425959953632e+00 -9.000000000000000000e+00
1.237454163350934166e+00 -9.000000000000000000e+00
1.240598900741915145e+00 -9.000000000000000000e+00
1.243743638132895679e+00 -9.000000000000000000e+00
1.246888375523876658e+00 -9.000000000000000000e+00
1.250033112914857636e+00 -9.000000000000000000e+00
1.253177850305838170e+00 -9.000000000000000000e+00
1.256322587696819149e+00 -9.000000000000000000e+00
1.259467325087799683e+00 -9.000000000000000000e+00
1.262612062478780661e+00 -9.000000000000000000e+00
1.265756799869761196e+00 -9.000000000000000000e+00
1.268901537260742174e+00 -9.000000000000000000e+00
1.272046274651722708e+00 -9.000000000000000000e+00
1.275191012042703687e+00 -9.000000000000000000e+00
1.278335749433684221e+00 -9.000000000000000000e+00
1.281480486824665199e+00 -9.000000000000000000e+00
1.284625224215645733e+00 -9.000000000000000000e+00
1.287769961606626712e+00 -9.000000000000000000e+00
1.290914698997607690e+00 -9.000000000000000000e+00
1.294059436388588225e+00 -9.000000000000000000e+00
1.297204173779569203e+00 -9.000000000000000000e+00
1.300348911170549737e+00 -9.000000000000000000e+00
1.303493648561530716e+00 -9.000000000000000000e+00
1.306638385952511250e+00 -9.000000000000000000e+00
1.309783123343492228e+00 -9.000000000000000000e+00
1.312927860734472763e+00 -9.000000000000000000e+00
1.316072598125453741e+00 -9.000000000000000000e+00
1.319217335516434275e+00 -9.000000000000000000e+00
1.322362072907415254e+00 -9.000000000000000000e+00
1.325506810298395788e+00 -9.000000000000000000e+00
1.328651547689376766e+00 -9.000000000000000000e+00
1.331796285080357745e+00 -9.000000000000000000e+00
1.334941022471338279e+00 -9.000000000000000000e+00
1.338085759862319257e+00 -9.000000000000000000e+00
1.341230497253299792e+00 -9.000000000000000000e+00
1.344375234644280770e+00 -9.000000000000000000e+00
1.347519972035261304e+00 -9.000000000000000000e+00
1.350664709426242283e+00 -9.000000000000000000e+00
1.353809446817222817e+00 -9.000000000000000000e+00
1.356954184208203795e+00 -9.000000000000000000e+00
1.360098921599184330e+00 -9.000000000000000000e+00
1.363243658990165308e+00 -9.000000000000000000e+00
1.366388396381145842e+00 -9.000000000000000000e+00
1.369533133772126821e+00 -9.000000000000000000e+00
1.372677871163107799e+00 -9.000000000000000000e+00
1.375822608554088333e+00 -9.000000000000000000e+00
1.378967345945069312e+00 -9.000000000000000000e+00
1.382112083336049846e+00 -9.000000000000000000e+00
1.385256820727030824e+00 -9.000000000000000000e+00
1.388401558118011359e+00 -9.000000000000000000e+00
1.391546295508992337e+00 -9.000000000000000000e+00
1.394691032899972871e+00 -9.000000000000000000e+00
1.397835770290953850e+00 -5.000000000000000000e+00
1.400980507681934384e+00 -5.000000000000000000e+00
1.404125245072915362e+00 -5.000000000000000000e+00
1.407269982463895897e+00 -5.000000000000000000e+00
1.410414719854876875e+00 -5.000000000000000000e+00
1.413559457245857853e+00 -5.000000000000000000e+00
1.416704194636838388e+00 -5.000000000000000000e+00
1.419848932027819366e+00 -5.000000000000000000e+00
1.422993669418799900e+00 -5.000000000000000000e+00
1.426138406809780879e+00 -5.000000000000000000e+00
1.429283144200761413e+00 -5.000000000000000000e+00
1.432427881591742391e+00 -5.000000000000000000e+00
1.435572618982722926e+00 -5.000000000000000000e+00
1.438717356373703904e+00 -5.000000000000000000e+00
1.441862093764684438e+00 -5.000000000000000000e+00
1.445006831155665417e+00 -5.000000000000000000e+00
1.448151568546646395e+00 -5.000000000000000000e+00
1.451296305937626929e+00 -5.000000000000000000e+00
1.454441043328607908e+00 -5.000000000000000000e+00
1.457585780719588442e+00 -5.000000000000000000e+00
1.460730518110569420e+00 -5.000000000000000000e+00
1.463875255501549955e+00 -5.000000000000000000e+00
1.467019992892530933e+00 -5.000000000000000000e+00
1.470164730283511467e+00 -5.000000000000000000e+00
1.473309467674492446e+00 -5.000000000000000000e+00
1.476454205065472980e+00 -5.000000000000000000e+00
1.479598942456453958e+00 -5.000000000000000000e+00
1.482743679847434493e+00 -5.000000000000000000e+00
1.485888417238415471e+00 -5.000000000000000000e+00
1.489033154629396449e+00 -5.000000000000000000e+00
1.492177892020376984e+00 -5.000000000000000000e+00
1.495322629411357962e+00 -5.000000000000000000e+00
1.498467366802338496e+00 -5.000000000000000000e+00
1.501612104193319475e+00 -5.000000000000000000e+00
1.504756841584300009e+00 -5.000000000000000000e+00
1.507901578975280987e+00 -5.000000000000000000e+00
1.511046316366261522e+00 -5.000000000000000000e+00
1.514191053757242500e+00 -5.000000000000000000e+00
1.517335791148223034e+00 -5.000000000000000000e+00
1.520480528539204013e+00 -5.000000000000000000e+00
1.523625265930184547e+00 -5.000000000000000000e+00
1.526770003321165525e+00 -5.000000000000000000e+00
1.529914740712146504e+00 -5.000000000000000000e+00
1.533059478103127038e+00 -5.000000000000000000e+00
1.536204215494108016e+00 -5.000000000000000000e+00
1.539348952885088551e+00 -5.000000000000000000e+00
1.542493690276069529e+00 -5.000000000000000000e+00
1.545638427667050063e+00 -5.000000000000000000e+00
1.548783165058031042e+00 -5.000000000000000000e+00
1.551927902449011576e+00 -5.000000000000000000e+00
1.555072639839992554e+00 -5.000000000000000000e+00
1.558217377230973089e+00 -5.000000000000000000e+00
1.561362114621954067e+00 -5.000000000000000000e+00
1.564506852012934601e+00 -5.000000000000000000e+00
1.567651589403915580e+00 -5.000000000000000000e+00
1.570796326794896558e+00 -5.000000000000000000e+00
