-1.570796326794896558e+00 -6.388971060442749206e+00
-1.567651589403915802e+00 -6.389085839959932400e+00
-1.564506852012935045e+00 -6.389429371943961655e+00
-1.561362114621954289e+00 -6.390006033970529131e+00
-1.558217377230973533e+00 -6.390823114093635127e+00
-1.555072639839992776e+00 -6.391890813565581198e+00
-1.551927902449012020e+00 -6.393222250724825528e+00
-1.548783165058031042e+00 -6.394833466134215882e+00
-1.545638427667050285e+00 -6.396743429075890219e+00
-1.542493690276069529e+00 -6.398974045533208255e+00
-1.539348952885088773e+00 -6.401550167814839654e+00
-1.536204215494108016e+00 -6.404499606001024858e+00
-1.533059478103127260e+00 -6.407853141418215159e+00
-1.529914740712146504e+00 -6.411644542374133948e+00
-1.526770003321165747e+00 -6.415910582413225427e+00
-1.523625265930184991e+00 -6.420691061380878750e+00
-1.520480528539204235e+00 -6.426028829614146787e+00
-1.517335791148223478e+00 -6.431969815608688634e+00
-1.514191053757242722e+00 -6.438563057544300250e+00
-1.511046316366261966e+00 -6.445860739086647584e+00
-1.507901578975280987e+00 -6.454087526779012762e+00
-1.504756841584300231e+00 -6.462980416778449921e+00
-1.501612104193319475e+00 -6.472754873883957316e+00
-1.498467366802338718e+00 -6.483476191528040999e+00
-1.495322629411357962e+00 -6.495213070592441795e+00
-1.492177892020377206e+00 -6.508037692143126662e+00
-1.489033154629396449e+00 -6.522025798635766591e+00
-1.485888417238415693e+00 -6.537256784424428702e+00
-1.482743679847434937e+00 -6.553813796484675436e+00
-1.479598942456454180e+00 -6.571783846350768954e+00
-1.476454205065473424e+00 -6.591257934363838444e+00
-1.473309467674492668e+00 -6.612331187439359326e+00
-1.470164730283511911e+00 -6.635103011686169339e+00
-1.467019992892530933e+00 -6.659677261350580579e+00
-1.463875255501550177e+00 -6.686162425718215729e+00
-1.460730518110569420e+00 -6.714671835787768828e+00
-1.457585780719588664e+00 -6.745323892737573601e+00
-1.454441043328607908e+00 -6.778242320440377000e+00
-1.451296305937627151e+00 -6.813556444552652636e+00
-1.448151568546646395e+00 -6.851401501012517770e+00
-1.445006831155665639e+00 -6.892757591035675091e+00
-1.441862093764684882e+00 -6.936153571952580421e+00
-1.438717356373704126e+00 -6.982528428950260491e+00
-1.435572618982723370e+00 -7.032044988151298526e+00
-1.432427881591742391e+00 -7.084874107743125649e+00
-1.429283144200761857e+00 -7.141195247879068120e+00
-1.426138406809780879e+00 -7.201197103706377334e+00
-1.422993669418800122e+00 -7.265078309403619983e+00
-1.419848932027819366e+00 -7.333048222297541940e+00
-1.416704194636838610e+00 -7.405327797528777012e+00
-1.413559457245857853e+00 -7.482150565387669872e+00
-1.410414719854877097e+00 -7.563763725402651517e+00
-1.407269982463896341e+00 -7.650429373594555216e+00
-1.404125245072915584e+00 -7.742425882097755618e+00
-1.400980507681934828e+00 -7.840049453689985626e+00
-1.397835770290954072e+00 -7.943615877798748670e+00
-1.394691032899973315e+00 -8.053462519420072852e+00
-1.391546295508992337e+00 -8.169950578304508326e+00
-1.388401558118011803e+00 -8.293467662992796363e+00
-1.385256820727030824e+00 -8.424430733154480322e+00
-1.382112083336050068e+00 -8.566150459257954708e+00
-1.378967345945069312e+00 -8.713564043494535838e+00
-1.375822608554088555e+00 -8.869897999667301747e+00
-1.372677871163107799e+00 -9.035727030813234251e+00
-1.369533133772127043e+00 -9.211678366911165483e+00
-1.366388396381146286e+00 -9.398438909421919618e+00
-1.363243658990165530e+00 -9.596763645573446411e+00
-1.360098921599184774e+00 -9.807485612702627975e+00
-1.356954184208204017e+00 -1.003152776802863144e+01
-1.353809446817223261e+00 -1.026991721817423553e+01
-1.350664709426242283e+00 -1.052380239449653487e+01
-1.347519972035261748e+00 -1.079447393758115936e+01
-1.344375234644280770e+00 -1.108339029562682754e+01
-1.341230497253300014e+00 -1.139220937418900093e+01
-1.338085759862319257e+00 -1.172282803971462073e+01
-1.334941022471338501e+00 -1.207743193869880116e+01
-1.331796285080357745e+00 -1.245855904466682063e+01
-1.328651547689376988e+00 -1.286918173945650068e+01
-1.325506810298396232e+00 -1.331281432124785624e+01
-1.322362072907415476e+00 -1.379365602117324130e+01
-1.319217335516434719e+00 -1.432771898276035216e+01
-1.316072598125453963e+00 -1.490040143953774532e+01
-1.312927860734473207e+00 -1.552951521635774412e+01
-1.309783123343492228e+00 -1.622492633880587931e+01
-1.306638385952511694e+00 -1.699940874840569904e+01
-1.303493648561530716e+00 -1.786992134273958754e+01
-1.300348911170549959e+00 -1.885967373407952863e+01
-1.297204173779569203e+00 -2.000164876264443592e+01
-1.294059436388588447e+00 -2.134502010730287225e+01
-1.290914698997607690e+00 -2.296789272444127050e+01
-1.287769961606626934e+00 -2.500572083394075662e+01
-1.284625224215646178e+00 -2.772636866737236261e+01
-1.281480486824665421e+00 -3.179107923221876320e+01
-1.278335749433684665e+00 -3.987489825853629100e+01
-1.275191012042703909e+00 -4.494560378259400579e+01
-1.272046274651723152e+00 -3.328371672135568815e+01
-1.268901537260742174e+00 -2.843461784166552064e+01
-1.265756799869761640e+00 -2.531308080186252596e+01
-1.262612062478780661e+00 -2.300201740614688362e+01
-1.259467325087799905e+00 -2.116431560275930224e+01
-1.256322587696819149e+00 -1.961000304261993676e+01
-1.253177850305838392e+00 -1.830857961977245907e+01
-1.250033112914857636e+00 -1.717176902617795520e+01
-1.246888375523876880e+00 -1.616323836257410562e+01
-1.243743638132896123e+00 -1.525776969633059821e+01
-1.240598900741915367e+00 -1.443715551019588617e+01
-1.237454163350934611e+00 -1.368783028991229855e+01
-1.234309425959953854e+00 -1.299942540924999435e+01
-1.231164688568973098e+00 -1.236384650357153703e+01
-1.228019951177992120e+00 -1.177466189433197030e+01
-1.224875213787011585e+00 -1.122668417851207323e+01
-1.221730476396030607e+00 -1.071567614310411898e+01
-1.218585739005049851e+00 -1.023813919352700452e+01
-1.215441001614069094e+00 -9.791158027289498023e+00
-1.212296264223088338e+00 -9.372284555963176444e+00
-1.209151526832107582e+00 -8.979449789740286292e+00
-1.206006789441126825e+00 -8.610896017646183509e+00
-1.202862052050146069e+00 -8.265123967761866197e+00
-1.199717314659165313e+00 -7.940851194266819846e+00
-1.196572577268184556e+00 -7.636978997658289359e+00
-1.193427839877203578e+00 -7.347070395013389543e+00
-1.190283102486223044e+00 -7.081676513311222720e+00
-1.187138365095242065e+00 -6.834236407194531182e+00
-1.183993627704261531e+00 -6.604169340455591453e+00
-1.180848890313280553e+00 -6.390987261207442316e+00
-1.177704152922299796e+00 -6.194285466633310477e+00
-1.174559415531319040e+00 -6.013735028240347447e+00
-1.171414678140338284e+00 -5.849076697213959619e+00
-1.168269940749357527e+00 -5.700116074219884865e+00
-1.165125203358376771e+00 -5.566719879230518586e+00
-1.161980465967396015e+00 -5.448813198352958409e+00
-1.158835728576415258e+00 -5.346377618981748014e+00
-1.155690991185434502e+00 -5.259450194024616110e+00
-1.152546253794453524e+00 -5.188123202169350634e+00
-1.149401516403472989e+00 -5.132544695621199082e+00
-1.146256779012492011e+00 -5.092919850741189691e+00
-1.143112041621511477e+00 -5.069513161825717873e+00
-1.139967304230530498e+00 -5.062651545212020210e+00
-1.136822566839549742e+00 -5.072728451481296474e+00
-1.133677829448568986e+00 -5.100209119571573524e+00
-1.130533092057588229e+00 -5.146732946574452683e+00
-1.127388354666607473e+00 -5.211117047752082954e+00
-1.124243617275626717e+00 -5.294820747952236673e+00
-1.121098879884645960e+00 -5.398681604319243377e+00
-1.117954142493665204e+00 -5.523661167176570075e+00
-1.114809405102684448e+00 -5.670863446938852803e+00
-1.111664667711703469e+00 -5.841557692579073091e+00
-1.108519930320722935e+00 -6.037206651179246819e+00
-1.105375192929741957e+00 -6.259501879687860537e+00
-1.102230455538761200e+00 -6.510408245153399776e+00
-1.099085718147780444e+00 -6.792220557769418576e+00
-1.095940980756799688e+00 -7.107636456606108766e+00
-1.092796243365818931e+00 -7.459851410643544511e+00
-1.089651505974838175e+00 -7.852684335763967738e+00
-1.086506768583857419e+00 -8.290746415179938822e+00
-1.083362031192876662e+00 -8.779672208186852345e+00
-1.080217293801895906e+00 -9.326442768304332276e+00
-1.077072556410915150e+00 -9.939848491536395159e+00
-1.073927819019934393e+00 -1.063117106192153472e+01
-1.070783081628953415e+00 -1.141522202506845929e+01
-1.067638344237972881e+00 -1.233124754876375562e+01
-1.064493606846991902e+00 -1.337179820257756546e+01
-1.061348869456011368e+00 -1.459458368824783747e+01
-1.058204132065030389e+00 -1.606272534648012140e+01
-1.055059394674049633e+00 -1.788112571842719944e+01
-1.051914657283068877e+00 -2.024414433284106707e+01
-1.048769919892088121e+00 -2.357963876657008484e+01
-1.045625182501107364e+00 -2.919530028270229849e+01
-1.042480445110126608e+00 -5.132932689964667361e+01
-1.039335707719145852e+00 -3.056617713772486411e+01
-1.036190970328164873e+00 -2.411850221723201315e+01
-1.033046232937184339e+00 -2.044239958728817896e+01
-1.029901495546203360e+00 -1.786182638237915654e+01
-1.026756758155222826e+00 -1.587578839089871963e+01
-1.023612020764241848e+00 -1.426575748881681704e+01
-1.020467283373261314e+00 -1.291663854906504127e+01
-1.017322545982280335e+00 -1.176035988082691119e+01
-1.014177808591299579e+00 -1.075334843277272512e+01
-1.011033071200318822e+00 -9.866065154169902485e+00
-1.007888333809338066e+00 -9.077596596851044808e+00
-1.004743596418357310e+00 -8.359296366134799428e+00
-1.001598859027376553e+00 -7.727652586391641876e+00
-9.984541216363957972e-01 -7.158988606544646416e+00
-9.953093842454149298e-01 -6.646425684341508600e+00
-9.921646468544341735e-01 -6.184518413579624507e+00
-9.890199094634534172e-01 -5.768914803347584552e+00
-9.858751720724726608e-01 -5.396115258280936189e+00
-9.827304346814919045e-01 -5.063298413038999968e+00
-9.795856972905111482e-01 -4.768193383765186866e+00
-9.764409598995302808e-01 -4.508985063815813987e+00
-9.732962225085495245e-01 -4.284243526169831284e+00
-9.701514851175687681e-01 -4.092871461329025351e+00
-9.670067477265880118e-01 -3.934065485511737847e+00
-9.638620103356072555e-01 -3.807288460050699541e+00
-9.607172729446264992e-01 -3.712250889909157081e+00
-9.575725355536457428e-01 -3.648900157326309568e+00
-9.544277981626648755e-01 -3.617416889129074775e+00
-9.512830607716841191e-01 -3.618218219762923127e+00
-9.481383233807033628e-01 -3.651968149293388421e+00
-9.449935859897226065e-01 -3.719595654700086129e+00
-9.418488485987418501e-01 -3.824744322502297678e+00
-9.387041112077610938e-01 -3.964871229530380958e+00
-9.355593738167802265e-01 -4.143622834944025612e+00
-9.324146364257994701e-01 -4.363391591873259756e+00
-9.292698990348187138e-01 -4.627114948200507172e+00
-9.261251616438379575e-01 -4.938400682823406385e+00
-9.229804242528572011e-01 -5.301697526318186249e+00
-9.198356868618764448e-01 -5.722530880394280928e+00
-9.166909494708956885e-01 -6.207834643473759684e+00
-9.135462120799148211e-01 -6.766429143442202587e+00
-9.104014746889340648e-01 -7.409728695033294343e+00
-9.072567372979533085e-01 -8.152824179226541901e+00
-9.041119999069725521e-01 -9.016206532781346539e+00
-9.009672625159917958e-01 -1.002864709731819204e+01
-8.978225251250110395e-01 -1.123231186927752390e+01
-8.946777877340301721e-01 -1.269257556681866106e+01
-8.915330503430494158e-01 -1.451890938632662653e+01
-8.883883129520686595e-01 -1.691633436201590257e+01
-8.852435755610879031e-01 -2.034432538530650447e+01
-8.820988381701071468e-01 -2.626339427823236861e+01
-8.789541007791263905e-01 -6.405354149100806183e+01
-8.758093633881455231e-01 -2.610966000068907533e+01
-8.726646259971647668e-01 -2.011289726781564013e+01
-8.695198886061840104e-01 -1.659131714532590252e+01
-8.663751512152032541e-01 -1.409704831504234335e+01
-8.632304138242224978e-01 -1.217341069619081395e+01
-8.600856764332417415e-01 -1.061653011929021773e+01
-8.569409390422609851e-01 -9.317617296177076014e+00
-8.537962016512801178e-01 -8.211813119573832864e+00
-8.506514642602993614e-01 -7.257402484391789699e+00
-8.475067268693186051e-01 -6.426042766589148414e+00
-8.443619894783378488e-01 -5.697670883889330185e+00
-8.412172520873570924e-01 -5.057635705773599000e+00
-8.380725146963763361e-01 -4.494983729105832992e+00
-8.349277773053954688e-01 -4.001384283145128506e+00
-8.317830399144147124e-01 -3.570429512679424988e+00
-8.286383025234339561e-01 -3.197164435888772971e+00
-8.254935651324531998e-01 -2.877764080951152437e+00
-8.223488277414724434e-01 -2.609308181843616126e+00
-8.192040903504916871e-01 -2.389622946786325031e+00
-8.160593529595108198e-01 -2.214195845064054424e+00
-8.129146155685300634e-01 -2.088919149916300455e+00
-8.097698781775493071e-01 -2.009433635391218331e+00
-8.066251407865685508e-01 -1.975779240673588788e+00
-8.034804033955877944e-01 -1.988485820274334515e+00
-8.003356660046070381e-01 -2.048592805793425953e+00
-7.971909286136262818e-01 -2.157691803313603884e+00
-7.940461912226454144e-01 -2.317996199513729039e+00
-7.909014538316646581e-01 -2.532444800706549870e+00
-7.877567164406839018e-01 -2.804850752168889017e+00
-7.846119790497031454e-01 -3.140113430366923808e+00
-7.814672416587223891e-01 -3.544521330333566311e+00
-7.783225042677416328e-01 -4.026191247746709223e+00
-7.751777668767607654e-01 -4.595719204398783120e+00
-7.720330294857800091e-01 -5.267173649509381050e+00
-7.688882920947992528e-01 -6.059667529357511739e+00
-7.657435547038184964e-01 -6.999963079860549442e+00
-7.625988173128377401e-01 -8.127043012377015430e+00
-7.594540799218569838e-01 -9.500745779298981120e+00
-7.563093425308762274e-01 -1.121975157788227051e+01
-7.531646051398953601e-01 -1.351683124398883251e+01
-7.500198677489146037e-01 -1.670091063487434724e+01
-7.468751303579338474e-01 -2.197012955263755885e+01
-7.437303929669530911e-01 -3.854636513101219464e+01
-7.405856555759723348e-01 -2.487275768550551192e+01
-7.374409181849915784e-01 -1.795496689756724606e+01
-7.342961807940107111e-01 -1.414560573233536900e+01
-7.311514434030299547e-01 -1.151472597010264565e+01
-7.280067060120491984e-01 -9.516088942668567086e+00
-7.248619686210684421e-01 -7.916877561035846611e+00
-7.217172312300876857e-01 -6.596166609799382741e+00
-7.185724938391069294e-01 -5.483169797781911825e+00
-7.154277564481261731e-01 -4.532989139879020968e+00
-7.122830190571453057e-01 -3.715477351279879770e+00
-7.091382816661645494e-01 -3.009532236177363984e+00
-7.059935442751837931e-01 -2.399927939478153860e+00
-7.028488068842030367e-01 -1.875442929057641095e+00
-6.997040694932222804e-01 -1.427699728313669425e+00
-6.965593321022415241e-01 -1.050418872649728996e+00
-6.934145947112606567e-01 -7.389264209557637741e-01
-6.902698573202799004e-01 -4.854606800457617055e-01
-6.871251199292991441e-01 -2.975884866840203813e-01
-6.839803825383183877e-01 -1.683112216229289970e-01
-6.808356451473376314e-01 -9.703973715927816102e-02
-6.776909077563568751e-01 -8.397404586392553938e-02
-6.745461703653760077e-01 -1.301103780813832600e-01
-6.714014329743952514e-01 -2.372923732709679712e-01
-6.682566955834144951e-01 -4.083125260956990132e-01
-6.651119581924337387e-01 -6.470766218155432625e-01
-6.619672208014529824e-01 -9.588533739295783676e-01
-6.588224834104722261e-01 -1.350646420938900860e+00
-6.556777460194914697e-01 -1.831751040776268269e+00
-6.525330086285106024e-01 -2.414602880724530110e+00
-6.493882712375298460e-01 -3.116110651873192694e+00
-6.462435338465490897e-01 -3.959834121304723453e+00
-6.430987964555683334e-01 -4.979732618291357937e+00
-6.399540590645875771e-01 -6.227062169497322941e+00
-6.368093216736068207e-01 -7.784233253644565309e+00
-6.336645842826259534e-01 -9.796226183326481873e+00
-6.305198468916451970e-01 -1.255561693528692047e+01
-6.273751095006644407e-01 -1.692349873964107587e+01
-6.242303721096836844e-01 -2.625999793589879516e+01
-6.210856347187029280e-01 -2.653590893369140247e+01
-6.179408973277221717e-01 -1.682625611363454254e+01
-6.147961599367413044e-01 -1.233714648773856482e+01
-6.116514225457605480e-01 -9.397178055692286591e+00
-6.085066851547797917e-01 -7.223062968124288830e+00
-6.053619477637990354e-01 -5.513007119039571080e+00
-6.022172103728182790e-01 -4.118672350243464564e+00
-5.990724729818375227e-01 -2.956261992468220967e+00
-5.959277355908567664e-01 -1.973961967312838794e+00
-5.927829981998758990e-01 -1.137664616745162505e+00
-5.896382608088951427e-01 -4.238960570226169011e-01
-5.864935234179143864e-01 1.840117412969703992e-01
-5.833487860269336300e-01 6.981348951442072348e-01
-5.802040486359528737e-01 1.127303881378630024e+00
-5.770593112449721174e-01 1.477952449074066976e+00
-5.739145738539912500e-01 1.754664817988100367e+00
-5.707698364630104937e-01 1.960529484990829019e+00
-5.676250990720297374e-01 2.097361329912537542e+00
-5.644803616810489810e-01 2.166497916543946189e+00
-5.613356242900682247e-01 2.164775283149783291e+00
-5.581908868990874684e-01 2.092649735031667291e+00
-5.550461495081067120e-01 1.947311510133530987e+00
-5.519014121171259557e-01 1.724533422143480266e+00
-5.487566747261451994e-01 1.418361780334841171e+00
-5.456119373351644430e-01 1.020636499620145798e+00
-5.424671999441834647e-01 5.202493724933745511e-01
-5.393224625532027083e-01 -9.802211964750284778e-02
-5.361777251622219520e-01 -8.554083613678429288e-01
-5.330329877712411957e-01 -1.782366335307187910e+00
-5.298882503802604393e-01 -2.924395089299231643e+00
-5.267435129892796830e-01 -4.353427540333598245e+00
-5.235987755982989267e-01 -6.192742109329024913e+00
-5.204540382073181704e-01 -8.680793529263226560e+00
-5.173093008163374140e-01 -1.238170865683182598e+01
-5.141645634253566577e-01 -1.933085068484599844e+01
-5.110198260343759014e-01 -3.104370101628546763e+01
-5.078750886433951450e-01 -1.556124521875152311e+01
-5.047303512524143887e-01 -1.026138761390174636e+01
-5.015856138614334103e-01 -6.932906203671308276e+00
-4.984408764704526540e-01 -4.586618295979604909e+00
-4.952961390794718977e-01 -2.766234417819227076e+00
-4.921514016884911413e-01 -1.295592546541961099e+00
-4.890066642975103850e-01 -7.826523913695382362e-02
-4.858619269065296287e-01 9.440785752397715669e-01
-4.827171895155488723e-01 1.809199832126132890e+00
-4.795724521245681160e-01 2.542724644624321684e+00
-4.764277147335873597e-01 3.162610389274647105e+00
-4.732829773426066033e-01 3.681682574910261962e+00
-4.701382399516258470e-01 4.109152369738737320e+00
-4.669935025606450907e-01 4.451556857078159624e+00
-4.638487651696641123e-01 4.713351161615371154e+00
-4.607040277786833560e-01 4.897276644247980926e+00
-4.575592903877025996e-01 5.004573628889701808e+00
-4.544145529967218433e-01 5.035074874784843502e+00
-4.512698156057410870e-01 4.987194887380251629e+00
-4.481250782147603307e-01 4.857813372500654481e+00
-4.449803408237795743e-01 4.642033873388019316e+00
-4.418356034327988180e-01 4.332775865678076599e+00
-4.386908660418180617e-01 3.910728281031403242e+00
-4.355461286508373053e-01 3.378371721818197670e+00
-4.324013912598565490e-01 2.709024174838106092e+00
-4.292566538688757927e-01 1.874733149895682516e+00
-4.261119164778950363e-01 8.339457202829123617e-01
-4.229671790869140580e-01 -4.783667828657343080e-01
-4.198224416959333016e-01 -2.171777983150214197e+00
-4.166777043049525453e-01 -4.452433653245378764e+00
-4.135329669139717890e-01 -7.784284612203279607e+00
-4.103882295229910326e-01 -1.365200626640455539e+01
-4.072434921320102763e-01 -6.094262232833661130e+01
-4.040987547410295200e-01 -1.330967013636274743e+01
-4.009540173500487636e-01 -7.209706653340212767e+00
-3.978092799590680073e-01 -3.620881942388983532e+00
-3.946645425680872510e-01 -1.076763029029876861e+00
-3.915198051771064947e-01 8.830619034061584216e-01
-3.883750677861257383e-01 2.463660189335257655e+00
-3.852303303951449820e-01 3.774241817807414634e+00
-3.820855930041640036e-01 4.879753546232564076e+00
-3.789408556131832473e-01 5.821807428146055230e+00
-3.757961182222024910e-01 6.643403317689845267e+00
-3.726513808312217346e-01 7.332287988909300225e+00
-3.695066434402409783e-01 7.919920327620388889e+00
-3.663619060492602220e-01 8.416574582768650004e+00
-3.632171686582794656e-01 8.829772459398423479e+00
-3.600724312672987093e-01 9.164953470927358126e+00
-3.569276938763179530e-01 9.425908893850834858e+00
-3.537829564853371966e-01 9.615059320264883524e+00
-3.506382190943564403e-01 9.733621517388037603e+00
-3.474934817033756840e-01 9.781689849319079144e+00
-3.443487443123949276e-01 9.758243946906578259e+00
-3.412040069214139493e-01 9.661083716603503291e+00
-3.380592695304331929e-01 9.486682454722334512e+00
-3.349145321394524366e-01 9.229936181845555865e+00
-3.317697947484716803e-01 8.883768802914385532e+00
-3.286250573574909239e-01 8.438522273316635847e+00
-3.254803199665101676e-01 7.881006778505661003e+00
-3.223355825755294113e-01 7.192982856885954845e+00
-3.191908451845486550e-01 6.348637653055863694e+00
-3.160461077935678986e-01 5.310156725217133555e+00
-3.129013704025871423e-01 3.990426276862493182e+00
-3.097566330116063860e-01 2.343196766290542854e+00
-3.066118956206256296e-01 1.686394119651879464e-01
-3.034671582296448733e-01 -2.911429878887382472e+00
-3.003224208386638949e-01 -7.983246464326470004e+00
-2.971776834476831386e-01 -2.270695811192921099e+01
-2.940329460567023823e-01 -1.173390074199338784e+01
-2.908882086657216259e-01 -4.510831889692276775e+00
-2.877434712747408696e-01 -6.160573905978594667e-01
-2.845987338837601133e-01 2.046988003538015022e+00
-2.814539964927793569e-01 4.052219133973785858e+00
-2.783092591017986006e-01 5.640864502708602402e+00
-2.751645217108178443e-01 6.937104321862989309e+00
-2.720197843198370879e-01 8.013075524987680609e+00
-2.688750469288563316e-01 8.914149420538858948e+00
-2.657303095378755753e-01 9.670457857438599092e+00
-2.625855721468948190e-01 1.030275984957336277e+01
-2.594408347559138406e-01 1.082567531553560514e+01
-2.562960973649330843e-01 1.124957426361675061e+01
-2.531513599739523279e-01 1.158172513735460285e+01
-2.500066225829715716e-01 1.183104899376329300e+01
-2.468618851919908153e-01 1.199072368544188194e+01
-2.437171478010100589e-01 1.206767754104689772e+01
-2.405724104100293026e-01 1.206149114856186699e+01
-2.374276730190485463e-01 1.197011625021048076e+01
-2.342829356280677899e-01 1.178972056026725568e+01
-2.311381982370870336e-01 1.151437578652598503e+01
-2.279934608461062773e-01 1.113553071881705137e+01
-2.248487234551255209e-01 1.064116019141115643e+01
-2.217039860641445426e-01 1.001438727726100808e+01
-2.185592486731637862e-01 9.231189994014272315e+00
-2.154145112821830299e-01 8.256401997663100900e+00
-2.122697738912022736e-01 7.036265063034029765e+00
-2.091250365002215172e-01 5.483260826883807226e+00
-2.059802991092407609e-01 3.441099679010243051e+00
-2.028355617182600046e-01 5.873431335528067621e-01
-1.996908243272792483e-01 -3.938136153866736322e+00
-1.965460869362984919e-01 -1.456604776588746830e+01
-1.934013495453177356e-01 -1.134018791690736805e+01
-1.902566121543369793e-01 -2.692312618869102891e+00
-1.871118747633562229e-01 1.615810475714525296e+00
-1.839671373723754666e-01 4.402077093070044356e+00
-1.808223999813944882e-01 6.459722893411321110e+00
-1.776776625904137319e-01 8.061981707591204582e+00
-1.745329251994329756e-01 9.345063719750733355e+00
-1.713881878084522192e-01 1.038593720762475314e+01
-1.682434504174714629e-01 1.123150286624010619e+01
-1.650987130264907066e-01 1.191152943508971873e+01
-1.619539756355099502e-01 1.244504161568286449e+01
-1.588092382445291939e-01 1.284367749155931548e+01
-1.556645008535484376e-01 1.311346343473708131e+01
-1.525197634625676812e-01 1.325564234996219071e+01
-1.493750260715869249e-01 1.326681752313217544e+01
-1.462302886806061686e-01 1.313845497143800500e+01
-1.430855512896254123e-01 1.285559128373886395e+01
-1.399408138986444339e-01 1.239431197011711205e+01
-1.367960765076636775e-01 1.171700696178564627e+01
-1.336513391166829212e-01 1.076308083040257557e+01
-1.305066017257021649e-01 9.429116632167371392e+00
-1.273618643347214086e-01 7.520311098954795881e+00
-1.242171269437406522e-01 4.528113169156458895e+00
-1.210723895527598959e-01 -8.234575698084967144e-01
-1.179276521617791396e-01 -2.792357942766147261e+01
-1.147829147707983832e-01 -6.931264654437470085e-01
-1.116381773798176269e-01 5.931363219803429843e+00
-1.084934399888368706e-01 9.901580308700594912e+00
-1.053487025978561142e-01 1.279359836526883853e+01
-1.022039652068753579e-01 1.509023744656061439e+01
-9.905922781589437953e-02 1.700468516280308151e+01
-9.591449042491362320e-02 1.865023603695065546e+01
-9.276975303393286687e-02 2.009444086965721255e+01
-8.962501564295211054e-02 2.138089413657953486e+01
-8.648027825197135421e-02 2.253941058011778864e+01
-8.333554086099059788e-02 2.359130687329244580e+01
-8.019080347000984155e-02 2.455236801642323741e+01
-7.704606607902908522e-02 2.543461923155484783e+01
-7.390132868804832889e-02 2.624743807153954478e+01
-7.075659129706757255e-02 2.699828143085900223e+01
-6.761185390608681622e-02 2.769317729801208117e+01
-6.446711651510605989e-02 2.833706716236148893e+01
-6.132237912412508152e-02 2.894553623693890643e+01
-5.817764173314432519e-02 2.949821043171654367e+01
-5.503290434216356886e-02 3.001037166943971357e+01
-5.188816695118281253e-02 3.048448576811466992e+01
-4.874342956020205619e-02 3.092266584783091687e+01
-4.559869216922129986e-02 3.132673180480434993e+01
-4.245395477824054353e-02 3.169825708375956097e+01
-3.930921738725978720e-02 3.203860583353745284e+01
-3.616447999627903087e-02 3.234896268192854052e+01
-3.301974260529827454e-02 3.263035677303204807e+01
-2.987500521431751821e-02 3.288368128988187777e+01
-2.673026782333676188e-02 3.310970938215471193e+01
-2.358553043235600555e-02 3.330910719747345183e+01
-2.044079304137502717e-02 3.348244455092627447e+01
-1.729605565039427084e-02 3.363020364441173626e+01
-1.415131825941351451e-02 3.375278615381976977e+01
-1.100658086843275818e-02 3.385051892979331001e+01
-7.861843477452001849e-03 3.392365850111460901e+01
-4.717106086471245519e-03 3.397239452442040886e+01
-1.572368695490489188e-03 3.399685228686575300e+01
1.572368695490267143e-03 3.399685228607987142e+01
4.717106086471023474e-03 3.397239452209159793e+01
7.861843477451779805e-03 3.392365849723688598e+01
1.100658086843253614e-02 3.385051892435669174e+01
1.415131825941329247e-02 3.375278614681007383e+01
1.729605565039404880e-02 3.363020363581044592e+01
2.044079304137502717e-02 3.348244454071023313e+01
2.358553043235578350e-02 3.330910718561460726e+01
2.673026782333653983e-02 3.310970936861966152e+01
2.987500521431729616e-02 3.288368127463137114e+01
3.301974260529805250e-02 3.263035675602040442e+01
3.616447999627880883e-02 3.234896266310287416e+01
3.930921738725956516e-02 3.203860581283675657e+01
4.245395477824032149e-02 3.169825706111360120e+01
4.559869216922107782e-02 3.132673178013227755e+01
4.874342956020183415e-02 3.092266582103957262e+01
5.188816695118259048e-02 3.048448573909648829e+01
5.503290434216334681e-02 3.001037163807005470e+01
5.817764173314410314e-02 2.949821039785037158e+01
6.132237912412508152e-02 2.894553620040650799e+01
6.446711651510583785e-02 2.833706712290331708e+01
6.761185390608659418e-02 2.769317725544515696e+01
7.075659129706735051e-02 2.699828138489774432e+01
7.390132868804810684e-02 2.624743802183781227e+01
7.704606607902886317e-02 2.543461917768782854e+01
8.019080347000961950e-02 2.455236795786105475e+01
8.333554086099037583e-02 2.359130680936329583e+01
8.648027825197113216e-02 2.253941050995100781e+01
8.962501564295188849e-02 2.138089405901773432e+01
9.276975303393264483e-02 2.009444078311327075e+01
9.591449042491340116e-02 1.865023593916198408e+01
9.905922781589415749e-02 1.700468505037978417e+01
1.022039652068751359e-01 1.509023731407818048e+01
1.053487025978558922e-01 1.279359820321462138e+01
1.084934399888366485e-01 9.901580097947892511e+00
1.116381773798174049e-01 5.931362911963162787e+00
1.147829147707981612e-01 -6.931270703995338067e-01
1.179276521617789175e-01 -2.792356680818677006e+01
1.210723895527596738e-01 -8.234570700246379715e-01
1.242171269437404302e-01 4.528113407938942458e+00
1.273618643347211865e-01 7.520311245748537488e+00
1.305066017257019428e-01 9.429116732558078695e+00
1.336513391166826992e-01 1.076308090179949062e+01
1.367960765076634555e-01 1.171700701289825375e+01
1.399408138986442118e-01 1.239431200586484749e+01
1.430855512896251902e-01 1.285559130711241238e+01
1.462302886806059465e-01 1.313845498432842263e+01
1.493750260715867029e-01 1.326681752674141990e+01
1.525197634625674592e-01 1.325564234501931793e+01
1.556645008535482155e-01 1.311346342161289158e+01
1.588092382445289719e-01 1.284367747032059270e+01
1.619539756355097282e-01 1.244504158610308764e+01
1.650987130264904845e-01 1.191152939661958854e+01
1.682434504174712409e-01 1.123150281792893423e+01
1.713881878084519972e-01 1.038593714796682832e+01
1.745329251994327535e-01 9.345063646396877033e+00
1.776776625904135098e-01 8.061981616790269811e+00
1.808223999813944882e-01 6.459722778831668677e+00
1.839671373723752446e-01 4.402076942978748519e+00
1.871118747633560009e-01 1.615810264741014635e+00
1.902566121543367572e-01 -2.692312967924763711e+00
1.934013495453175135e-01 -1.134018885759322615e+01
1.965460869362982699e-01 -1.456604642286863793e+01
1.996908243272790262e-01 -3.938135769037387490e+00
2.028355617182597825e-01 5.873433537174861385e-01
2.059802991092405389e-01 3.441099829946946187e+00
2.091250365002212952e-01 5.483260939104368958e+00
2.122697738912020515e-01 7.036265150120058820e+00
2.154145112821828079e-01 8.256402066824257702e+00
2.185592486731635642e-01 9.231190049521508456e+00
2.217039860641445426e-01 1.001438732183834190e+01
2.248487234551252989e-01 1.064116022688709862e+01
2.279934608461060552e-01 1.113553074646242891e+01
2.311381982370868116e-01 1.151437580724238785e+01
2.342829356280675679e-01 1.178972057469836443e+01
2.374276730190483242e-01 1.197011625881019370e+01
2.405724104100290806e-01 1.206149115163659147e+01
2.437171478010098369e-01 1.206767753878141392e+01
2.468618851919905932e-01 1.199072367791382021e+01
2.500066225829713495e-01 1.183104898094869029e+01
2.531513599739521059e-01 1.158172511901526747e+01
2.562960973649328622e-01 1.124957423961445002e+01
2.594408347559136185e-01 1.082567528548955949e+01
2.625855721468945969e-01 1.030275981293156207e+01
2.657303095378753532e-01 9.670457813420838988e+00
2.688750469288561096e-01 8.914149368044412824e+00
2.720197843198368659e-01 8.013075462441108243e+00
2.751645217108176222e-01 6.937104246943857078e+00
2.783092591017983786e-01 5.640864411845448956e+00
2.814539964927791349e-01 4.052219021306783020e+00
2.845987338837598912e-01 2.046987858506831515e+00
2.877434712747406476e-01 -6.160575900090634605e-01
2.908882086657214039e-01 -4.510832202708257910e+00
2.940329460567021602e-01 -1.173390145626394343e+01
2.971776834476829166e-01 -2.270695562436358728e+01
3.003224208386636729e-01 -7.983246018725580484e+00
3.034671582296446513e-01 -2.911429638606328751e+00
3.066118956206254076e-01 1.686395733711805178e-01
3.097566330116061639e-01 2.343196885407472507e+00
3.129013704025869202e-01 3.990426369246986127e+00
3.160461077935676766e-01 5.310156798593610006e+00
3.191908451845484329e-01 6.348637712502092967e+00
3.223355825755291892e-01 7.192982905337046873e+00
3.254803199665099456e-01 7.881006817925136687e+00
3.286250573574907019e-01 8.438522305072552854e+00
3.317697947484714582e-01 8.883768827986880723e+00
3.349145321394522146e-01 9.229936200949502734e+00
3.380592695304329709e-01 9.486682468382440447e+00
3.412040069214139493e-01 9.661083725202349370e+00
3.443487443123947056e-01 9.758243950715570492e+00
3.474934817033754619e-01 9.781689848518475117e+00
3.506382190943562183e-01 9.733621512079235316e+00
3.537829564853369746e-01 9.615059310477047205e+00
3.569276938763177309e-01 9.425908879542696184e+00
3.600724312672984873e-01 9.164953451984423793e+00
3.632171686582792436e-01 8.829772435625251603e+00
3.663619060492599999e-01 8.416574553875069142e+00
3.695066434402407562e-01 7.919920293199496086e+00
3.726513808312215126e-01 7.332287948403337197e+00
3.757961182222022689e-01 6.643403270337543631e+00
3.789408556131830252e-01 5.821807372727974439e+00
3.820855930041640036e-01 4.879753481412773652e+00
3.852303303951447599e-01 3.774241741438590481e+00
3.883750677861255163e-01 2.463660098168158896e+00
3.915198051771062726e-01 8.830617922153152222e-01
3.946645425680870289e-01 -1.076763169413013088e+00
3.978092799590677853e-01 -3.620882130317809811e+00
4.009540173500485416e-01 -7.209706934671864076e+00
4.040987547410292979e-01 -1.330967069398602831e+01
4.072434921320100543e-01 -6.094275307411605525e+01
4.103882295229908106e-01 -1.365200572122078881e+01
4.135329669139715669e-01 -7.784284346832329504e+00
4.166777043049523233e-01 -4.452433481945924143e+00
4.198224416959330796e-01 -2.171777859651413678e+00
4.229671790869140580e-01 -4.783666887008948265e-01
4.261119164778948143e-01 8.339457943207051471e-01
4.292566538688755706e-01 1.874733209043689897e+00
4.324013912598561049e-01 2.709024222345501443e+00
4.355461286508370833e-01 3.378371759825402165e+00
4.386908660418176176e-01 3.910728311009073366e+00
4.418356034327985959e-01 4.332775888533952013e+00
4.449803408237795743e-01 4.642033890011866504e+00
4.481250782147601086e-01 4.857813383424897324e+00
4.512698156057410870e-01 4.987194892980738814e+00
4.544145529967216213e-01 5.035074875313419795e+00
4.575592903877025996e-01 5.004573624494319972e+00
4.607040277786831339e-01 4.897276634983775523e+00
4.638487651696641123e-01 4.713351147448616274e+00
4.669935025606446466e-01 4.451556837883689610e+00
4.701382399516256250e-01 4.109152345290475239e+00
4.732829773426061593e-01 3.681682544863182471e+00
4.764277147335871376e-01 3.162610353135292485e+00
4.795724521245676719e-01 2.542724601703625353e+00
4.827171895155486503e-01 1.809199781464513990e+00
4.858619269065296287e-01 9.440785154844135718e-01
4.890066642975101630e-01 -7.826530994149294429e-02
4.921514016884911413e-01 -1.295592631332887379e+00
4.952961390794716756e-01 -2.766234521259214318e+00
4.984408764704526540e-01 -4.586618426081656708e+00
5.015856138614331883e-01 -6.932906375946785715e+00
5.047303512524141667e-01 -1.026138786711570106e+01
5.078750886433947009e-01 -1.556124568179514256e+01
5.110198260343756793e-01 -3.104370372830040026e+01
5.141645634253562136e-01 -1.933084999683790528e+01
5.173093008163371920e-01 -1.238170835732597652e+01
5.204540382073177263e-01 -8.680793341412083919e+00
5.235987755982987046e-01 -6.192741975102073582e+00
5.267435129892796830e-01 -4.353427438013028450e+00
5.298882503802602173e-01 -2.924395008420724196e+00
5.330329877712411957e-01 -1.782366270039915435e+00
5.361777251622217300e-01 -8.554083081406744782e-01
5.393224625532027083e-01 -9.802207612481339538e-02
5.424671999441832426e-01 5.202494079127149007e-01
5.456119373351642210e-01 1.020636528071058535e+00
5.487566747261447553e-01 1.418361802640063729e+00
5.519014121171257337e-01 1.724533438906682647e+00
5.550461495081062679e-01 1.947311521797708167e+00
5.581908868990872463e-01 2.092649741916872586e+00
5.613356242900677806e-01 2.164775285477418265e+00
5.644803616810487590e-01 2.166497914452332196e+00
5.676250990720297374e-01 2.097361323378990505e+00
5.707698364630102716e-01 1.960529474095558555e+00
5.739145738539912500e-01 1.754664802652996514e+00
5.770593112449717843e-01 1.477952429144856694e+00
5.802040486359527627e-01 1.127303856614034316e+00
5.833487860269332970e-01 6.981348651981420517e-01
5.864935234179142753e-01 1.840117056906507287e-01
5.896382608088948096e-01 -4.238960989435298643e-01
5.927829981998757880e-01 -1.137664665877792913e+00
5.959277355908563223e-01 -1.973962024905070223e+00
5.990724729818373007e-01 -2.956262060299984284e+00
6.022172103728178350e-01 -4.118672430948898011e+00
6.053619477637988133e-01 -5.513007216723380566e+00
6.085066851547797917e-01 -7.223063089665721748e+00
6.116514225457603260e-01 -9.397178213918117251e+00
6.147961599367413044e-01 -1.233714671096718973e+01
6.179408973277218386e-01 -1.682625648725611001e+01
6.210856347187028170e-01 -2.653591006598901458e+01
6.242303721096833513e-01 -2.625999685682054974e+01
6.273751095006643297e-01 -1.692349837994746053e+01
6.305198468916448640e-01 -1.255561672457815092e+01
6.336645842826258423e-01 -9.796226035853884184e+00
6.368093216736063766e-01 -7.784233142077333412e+00
6.399540590645873550e-01 -6.227062081337841448e+00
6.430987964555683334e-01 -4.979732546792391190e+00
6.462435338465488677e-01 -3.959834062416966560e+00
6.493882712375298460e-01 -3.116110602982324451e+00
6.525330086285103803e-01 -2.414602840051351507e+00
6.556777460194913587e-01 -1.831751007061967584e+00
6.588224834104718930e-01 -1.350646393267069811e+00
6.619672208014528714e-01 -9.588533516195241191e-01
6.651119581924334057e-01 -6.470766043556253067e-01
6.682566955834143840e-01 -4.083125131000358010e-01
6.714014329743949183e-01 -2.372923644507238805e-01
6.745461703653758967e-01 -1.301103732254773604e-01
6.776909077563564310e-01 -8.397404482617787380e-02
6.808356451473374094e-01 -9.703973985006797420e-02
6.839803825383183877e-01 -1.683112280044838371e-01
6.871251199292989220e-01 -2.975884967685757942e-01
6.902698573202799004e-01 -4.854606938964920460e-01
6.934145947112604347e-01 -7.389264387697878078e-01
6.965593321022414131e-01 -1.050418894531574665e+00
6.997040694932219473e-01 -1.427699754517483655e+00
7.028488068842029257e-01 -1.875442959927845266e+00
7.059935442751834600e-01 -2.399927975474930975e+00
7.091382816661644384e-01 -3.009532277914949816e+00
7.122830190571449727e-01 -3.715477399584841578e+00
7.154277564481259510e-01 -4.532989195882628053e+00
7.185724938391064853e-01 -5.483169863072127725e+00
7.217172312300874637e-01 -6.596166686684540537e+00
7.248619686210684421e-01 -7.916877653035456319e+00
7.280067060120489764e-01 -9.516089055512658490e+00
7.311514434030299547e-01 -1.151472611403763580e+01
7.342961807940104890e-01 -1.414560592850917686e+01
7.374409181849914674e-01 -1.795496720187879447e+01
7.405856555759720017e-01 -2.487275835657287359e+01
7.437303929669529801e-01 -3.854636192924857596e+01
7.468751303579335143e-01 -2.197012908607318593e+01
7.500198677489144927e-01 -1.670091038647696280e+01
7.531646051398950270e-01 -1.351683107690222840e+01
7.563093425308760054e-01 -1.121975145430289444e+01
7.594540799218565397e-01 -9.500745682202037301e+00
7.625988173128375180e-01 -8.127042933562805160e+00
7.657435547038184964e-01 -6.999963014554204221e+00
7.688882920947990307e-01 -6.059667474537775433e+00
7.720330294857800091e-01 -5.267173603147242034e+00
7.751777668767605434e-01 -4.595719165069368728e+00
7.783225042677415217e-01 -4.026191214414623687e+00
7.814672416587220560e-01 -3.544521302226726789e+00
7.846119790497030344e-01 -3.140113406898009885e+00
7.877567164406835687e-01 -2.804850732885000753e+00
7.909014538316645471e-01 -2.532444785255343334e+00
7.940461912226450814e-01 -2.317996187620536830e+00
7.971909286136260597e-01 -2.157691794765383975e+00
8.003356660046065940e-01 -2.048592800427499583e+00
8.034804033955875724e-01 -1.988485817970470748e+00
8.066251407865685508e-01 -1.975779241348625703e+00
8.097698781775490851e-01 -2.009433638995545834e+00
8.129146155685300634e-01 -2.088919156431856550e+00
8.160593529595105977e-01 -2.214195854503820726e+00
8.192040903504915761e-01 -2.389622959255106593e+00
8.223488277414721104e-01 -2.609308197361968951e+00
8.254935651324530888e-01 -2.877764099636280548e+00
8.286383025234336230e-01 -3.197164457901401136e+00
8.317830399144146014e-01 -3.570429538232275490e+00
8.349277773053951357e-01 -4.001384312514822739e+00
8.380725146963761141e-01 -4.494983762650051062e+00
8.412172520873566484e-01 -5.057635743955415819e+00
8.443619894783376267e-01 -5.697670927313659206e+00
8.475067268693186051e-01 -6.426042816056835250e+00
8.506514642602991394e-01 -7.257402540985054884e+00
8.537962016512801178e-01 -8.211813184794301890e+00
8.569409390422606521e-01 -9.317617372183512714e+00
8.600856764332416304e-01 -1.061653020933341907e+01
8.632304138242221647e-01 -1.217341080548189325e+01
8.663751512152031431e-01 -1.409704845270631068e+01
8.695198886061836774e-01 -1.659131732959399841e+01
8.726646259971646558e-01 -2.011289754411339459e+01
8.758093633881451900e-01 -2.610966054903746425e+01
8.789541007791261684e-01 -6.405358435695985975e+01
8.820988381701067027e-01 -2.626339373327775917e+01
8.852435755610876811e-01 -2.034432511472485317e+01
8.883883129520686595e-01 -1.691633418385693943e+01
8.915330503430491937e-01 -1.451890925485853501e+01
8.946777877340301721e-01 -1.269257546370908329e+01
8.978225251250107064e-01 -1.123231178534783226e+01
9.009672625159916848e-01 -1.002864702732018287e+01
9.041119999069722191e-01 -9.016206473434891677e+00
9.072567372979531974e-01 -8.152824128344747123e+00
9.104014746889337317e-01 -7.409728651087647222e+00
9.135462120799147101e-01 -6.766429105322970372e+00
9.166909494708952444e-01 -6.207834610351362414e+00
9.198356868618762228e-01 -5.722530851633720772e+00
9.229804242528567571e-01 -5.301697501423980441e+00
9.261251616438377354e-01 -4.938400661403399283e+00
9.292698990348187138e-01 -4.627114929939892818e+00
9.324146364257992481e-01 -4.363391576517756221e+00
9.355593738167802265e-01 -4.143622822286921803e+00
9.387041112077607607e-01 -3.964871219403065083e+00
9.418488485987417391e-01 -3.824744314767734465e+00
9.449935859897222734e-01 -3.719595649292209316e+00
9.481383233807032518e-01 -3.651968146077813060e+00
9.512830607716837861e-01 -3.618218218671550801e+00
9.544277981626647644e-01 -3.617416890111407213e+00
9.575725355536452987e-01 -3.648900160348077293e+00
9.607172729446262771e-01 -3.712250894951445446e+00
9.638620103356068114e-01 -3.807288467109394503e+00
9.670067477265877898e-01 -3.934065494597660972e+00
9.701514851175687681e-01 -4.092871472468360139e+00
9.732962225085493024e-01 -4.284243539404990031e+00
9.764409598995302808e-01 -4.508985079206979663e+00
9.795856972905108151e-01 -4.768193401392217368e+00
9.827304346814917935e-01 -5.063298433004661092e+00
9.858751720724723278e-01 -5.396115280714411711e+00
9.890199094634533061e-01 -5.768914828409720030e+00
9.921646468544338404e-01 -6.184518441470160610e+00
9.953093842454148188e-01 -6.646425715308261317e+00
9.984541216363953531e-01 -7.158988640896225775e+00
1.001598859027376331e+00 -7.727652624516331059e+00
1.004743596418356866e+00 -8.359296408525409561e+00
1.007888333809337844e+00 -9.077596644248821178e+00
1.011033071200318822e+00 -9.866065207322705533e+00
1.014177808591299357e+00 -1.075334849280996963e+01
1.017322545982280335e+00 -1.176035994931332596e+01
1.020467283373260869e+00 -1.291663862825127751e+01
1.023612020764241848e+00 -1.426575758210481837e+01
1.026756758155222382e+00 -1.587578850377467887e+01
1.029901495546203360e+00 -1.786182652454298392e+01
1.033046232937183895e+00 -2.044239977843466960e+01
1.036190970328164873e+00 -2.411850250791414396e+01
1.039335707719145407e+00 -3.056617774415495603e+01
1.042480445110126386e+00 -5.132932034323410164e+01
1.045625182501106920e+00 -2.919529977633759898e+01
1.048769919892087898e+00 -2.357963850538086348e+01
1.051914657283068877e+00 -2.024414415816551127e+01
1.055059394674049411e+00 -1.788112558813788411e+01
1.058204132065030389e+00 -1.606272524330393026e+01
1.061348869456010924e+00 -1.459458360342677707e+01
1.064493606846991902e+00 -1.337179813105956327e+01
1.067638344237972436e+00 -1.233124748737061083e+01
1.070783081628953415e+00 -1.141522197181336651e+01
1.073927819019933949e+00 -1.063117101513973495e+01
1.077072556410914927e+00 -9.939848450141845149e+00
1.080217293801895462e+00 -9.326442731479886561e+00
1.083362031192876440e+00 -8.779672175302479786e+00
1.086506768583857419e+00 -8.290746385739403479e+00
1.089651505974837953e+00 -7.852684309369806215e+00
1.092796243365818931e+00 -7.459851386972374598e+00
1.095940980756799465e+00 -7.107636435391910368e+00
1.099085718147780444e+00 -6.792220538790274986e+00
1.102230455538760978e+00 -6.510408228222871685e+00
1.105375192929741957e+00 -6.259501864648029823e+00
1.108519930320722491e+00 -6.037206637895081940e+00
1.111664667711703469e+00 -5.841557680934762686e+00
1.114809405102684003e+00 -5.670863436834409299e+00
1.117954142493664982e+00 -5.523661158525378312e+00
1.121098879884645516e+00 -5.398681597046035563e+00
1.124243617275626494e+00 -5.294820741991458135e+00
1.127388354666607473e+00 -5.211117043046634478e+00
1.130533092057588007e+00 -5.146732943074631805e+00
1.133677829448568986e+00 -5.100209117257037406e+00
1.136822566839549520e+00 -5.072728450291151603e+00
1.139967304230530498e+00 -5.062651545114228213e+00
1.143112041621511032e+00 -5.069513162792993910e+00
1.146256779012492011e+00 -5.092919852750647181e+00
1.149401516403472545e+00 -5.132544698654072590e+00
1.152546253794453524e+00 -5.188123206210711658e+00
1.155690991185434058e+00 -5.259450199063238074e+00
1.158835728576415036e+00 -5.346377625009985479e+00
1.161980465967395570e+00 -5.448813205366690227e+00
1.165125203358376549e+00 -5.566719887229169217e+00
1.168269940749357527e+00 -5.700116083206381745e+00
1.171414678140338061e+00 -5.849076707194925007e+00
1.174559415531319040e+00 -6.013735039226212109e+00
1.177704152922299574e+00 -6.194285478638398956e+00
1.180848890313280553e+00 -6.390987274250434780e+00
1.183993627704261087e+00 -6.604169354559772387e+00
1.187138365095242065e+00 -6.834236422388286769e+00
1.190283102486222599e+00 -7.081676529628381900e+00
1.193427839877203578e+00 -7.347070412494147718e+00
1.196572577268184112e+00 -7.636979016374567664e+00
1.199717314659165091e+00 -7.940851214250301382e+00
1.202862052050145625e+00 -8.265123989077281408e+00
1.206006789441126603e+00 -8.610896040368942295e+00
1.209151526832107582e+00 -8.979449813958680693e+00
1.212296264223088116e+00 -9.372284581780277790e+00
1.215441001614069094e+00 -9.791158054826446744e+00
1.218585739005049629e+00 -1.023813922292686129e+01
1.221730476396030607e+00 -1.071567617453629850e+01
1.224875213787011141e+00 -1.122668421217957757e+01
1.228019951177992120e+00 -1.177466193047911958e+01
1.231164688568972654e+00 -1.236384654249560100e+01
1.234309425959953632e+00 -1.299942545131715121e+01
1.237454163350934166e+00 -1.368783033557995310e+01
1.240598900741915145e+00 -1.443715556004330125e+01
1.243743638132895679e+00 -1.525776975110821354e+01
1.246888375523876658e+00 -1.616323842327394544e+01
1.250033112914857636e+00 -1.717176909415063335e+01
1.253177850305838170e+00 -1.830857969691949449e+01
1.256322587696819149e+00 -1.961000313174279341e+01
1.259467325087799683e+00 -2.116431570861325184e+01
1.262612062478780661e+00 -2.300201753590307874e+01
1.265756799869761196e+00 -2.531308096963485355e+01
1.268901537260742174e+00 -2.843461807954237486e+01
1.272046274651722708e+00 -3.328371713240092333e+01
1.275191012042703687e+00 -4.494560533714880535e+01
1.278335749433684221e+00 -3.987489740299331231e+01
1.281480486824665199e+00 -3.179107889972173950e+01
1.284625224215645733e+00 -2.772636846232401098e+01
1.287769961606626712e+00 -2.500572068646907553e+01
1.290914698997607690e+00 -2.296789260981325498e+01
1.294059436388588225e+00 -2.134502001393117609e+01
1.297204173779569203e+00 -2.000164868417221697e+01
1.300348911170549737e+00 -1.885967366664293365e+01
1.303493648561530716e+00 -1.786992128381437084e+01
1.306638385952511250e+00 -1.699940869625199014e+01
1.309783123343492228e+00 -1.622492629217265403e+01
1.312927860734472763e+00 -1.552951517431510808e+01
1.316072598125453741e+00 -1.490040140137617186e+01
1.319217335516434275e+00 -1.432771894792454503e+01
1.322362072907415254e+00 -1.379365598927532233e+01
1.325506810298395788e+00 -1.331281429186986287e+01
1.328651547689376766e+00 -1.286918171230551877e+01
1.331796285080357745e+00 -1.245855901949903455e+01
1.334941022471338279e+00 -1.207743191530899196e+01
1.338085759862319257e+00 -1.172282801792847806e+01
1.341230497253299792e+00 -1.139220935385679923e+01
1.344375234644280770e+00 -1.108339027661929777e+01
1.347519972035261304e+00 -1.079447391978553838e+01
1.350664709426242283e+00 -1.052380237781407857e+01
1.353809446817222817e+00 -1.026991720251763951e+01
1.356954184208203795e+00 -1.003152775332059576e+01
1.360098921599184330e+00 -9.807485598874158939e+00
1.363243658990165308e+00 -9.596763632562428370e+00
1.366388396381145842e+00 -9.398438897172823658e+00
1.369533133772126821e+00 -9.211678355373422278e+00
1.372677871163107799e+00 -9.035727019941056426e+00
1.375822608554088333e+00 -8.869897989418959128e+00
1.378967345945069312e+00 -8.713564033831900701e+00
1.382112083336049846e+00 -8.566150450145869399e+00
1.385256820727030824e+00 -8.424430724570783013e+00
1.388401558118011359e+00 -8.293467654897114016e+00
1.391546295508992337e+00 -8.169950570669271883e+00
1.394691032899972871e+00 -8.053462512219667246e+00
1.397835770290953850e+00 -7.943615871009356511e+00
1.400980507681934384e+00 -7.840049447289430873e+00
1.404125245072915362e+00 -7.742425876065226475e+00
1.407269982463895897e+00 -7.650429367910668077e+00
1.410414719854876875e+00 -7.563763720049124117e+00
1.413559457245857853e+00 -7.482150560347228918e+00
1.416704194636838388e+00 -7.405327792785286078e+00
1.419848932027819366e+00 -7.333048217835681726e+00
1.422993669418799900e+00 -7.265078305208987786e+00
1.426138406809780879e+00 -7.201197099765252574e+00
1.429283144200761413e+00 -7.141195244178447865e+00
1.432427881591742391e+00 -7.084874104270753037e+00
1.435572618982722926e+00 -7.032044984895435391e+00
1.438717356373703904e+00 -6.982528425899729996e+00
1.441862093764684438e+00 -6.936153569096795479e+00
1.445006831155665417e+00 -6.892757588364503363e+00
1.448151568546646395e+00 -6.851401498519706479e+00
1.451296305937626929e+00 -6.813556442225419119e+00
1.454441043328607908e+00 -6.778242318269903421e+00
1.457585780719588442e+00 -6.745323890715425819e+00
1.460730518110569420e+00 -6.714671833905910603e+00
1.463875255501549955e+00 -6.686162423968937674e+00
1.467019992892530933e+00 -6.659677259726514365e+00
1.470164730283511467e+00 -6.635103010180245064e+00
1.473309467674492446e+00 -6.612331186044812625e+00
1.476454205065472980e+00 -6.591257933074224695e+00
1.479598942456453958e+00 -6.571783845159885118e+00
1.482743679847434493e+00 -6.553813795386595586e+00
1.485888417238415471e+00 -6.537256783413496919e+00
1.489033154629396449e+00 -6.522025797706582750e+00
1.492177892020376984e+00 -6.508037691290475379e+00
1.495322629411357962e+00 -6.495213069811420326e+00
1.498467366802338496e+00 -6.483476190813931339e+00
1.501612104193319475e+00 -6.472754873232261730e+00
1.504756841584300009e+00 -6.462980416184933574e+00
1.507901578975280987e+00 -6.454087526239618455e+00
1.511046316366261522e+00 -6.445860738598483408e+00
1.514191053757242500e+00 -6.438563057102712150e+00
1.517335791148223034e+00 -6.431969815210251795e+00
1.520480528539204013e+00 -6.426028829255642449e+00
1.523625265930184547e+00 -6.420691061059280003e+00
1.526770003321165525e+00 -6.415910582125711414e+00
1.529914740712146504e+00 -6.411644542118054346e+00
1.533059478103127038e+00 -6.407853141191168334e+00
1.536204215494108016e+00 -6.404499605800751283e+00
1.539348952885088551e+00 -6.401550167639271649e+00
1.542493690276069529e+00 -6.398974045380491305e+00
1.545638427667050063e+00 -6.396743428944333232e+00
1.548783165058031042e+00 -6.394833466022348034e+00
1.551927902449011576e+00 -6.393222250631339421e+00
1.555072639839992554e+00 -6.391890813489368384e+00
1.558217377230973089e+00 -6.390823114033764796e+00
1.561362114621954067e+00 -6.390006033926255213e+00
1.564506852012934601e+00 -6.389429371914744138e+00
1.567651589403915580e+00 -6.389085839945373380e+00
1.570796326794896558e+00 -6.388971083146962826e+00
