-1.570796326794896558e+00 9.796089821896032390e-01
-1.567651589403915802e+00 9.794956188734076363e-01
-1.564506852012935045e+00 9.791563075667113480e-01
-1.561362114621954289e+00 9.785866710465640494e-01
-1.558217377230973533e+00 9.777794218461224318e-01
-1.555072639839992776e+00 9.767243595347991914e-01
-1.551927902449012020e+00 9.754083668305639776e-01
-1.548783165058031042e+00 9.738154044618596572e-01
-1.545638427667050285e+00 9.719265046729432811e-01
-1.542493690276069529e+00 9.697197632423026903e-01
-1.539348952885088773e+00 9.671703298588099074e-01
-1.536204215494108016e+00 9.642503966758226852e-01
-1.533059478103127260e+00 9.609291848370276057e-01
-1.529914740712146504e+00 9.571729287417340970e-01
-1.526770003321165747e+00 9.529448577899586326e-01
-1.523625265930184991e+00 9.482051753187761278e-01
-1.520480528539204235e+00 9.429110344121127696e-01
-1.517335791148223478e+00 9.370165102344714114e-01
-1.514191053757242722e+00 9.304725685060546425e-01
-1.511046316366261966e+00 9.232270297017066696e-01
-1.507901578975280987e+00 9.150563605228896336e-01
-1.504756841584300231e+00 9.062213687902982429e-01
-1.501612104193319475e+00 8.965076664549869179e-01
-1.498467366802338718e+00 8.858499652000517699e-01
-1.495322629411357962e+00 8.741795695041858494e-01
-1.492177892020377206e+00 8.614243039076256991e-01
-1.489033154629396449e+00 8.475084318077250600e-01
-1.485888417238415693e+00 8.323525649513214830e-01
-1.482743679847434937e+00 8.158735627127384760e-01
-1.479598942456454180e+00 7.979844201578458751e-01
-1.476454205065473424e+00 7.785941437969796652e-01
-1.473309467674492668e+00 7.576076138188199138e-01
-1.470164730283511911e+00 7.349254314726749726e-01
-1.467019992892530933e+00 7.104437501256768428e-01
-1.463875255501550177e+00 6.840540883624655066e-01
-1.460730518110569420e+00 6.556431233127639757e-01
-1.457585780719588664e+00 6.250924621864015762e-01
-1.454441043328607908e+00 5.922783897601036074e-01
-1.451296305937627151e+00 5.570715892897410981e-01
-1.448151568546646395e+00 5.193368340141404360e-01
-1.445006831155665639e+00 4.780963284577097738e-01
-1.441862093764684882e+00 4.348166924423253477e-01
-1.438717356373704126e+00 3.885611872265428701e-01
-1.435572618982723370e+00 3.391669969462043355e-01
-1.432427881591742391e+00 2.864632739459409549e-01
-1.429283144200761857e+00 2.302705688803143858e-01
-1.426138406809780879e+00 1.704001976876412527e-01
-1.422993669418800122e+00 1.066535375548767206e-01
-1.419848932027819366e+00 3.882124280276855188e-02
-1.416704194636838610e+00 -3.331762977753527366e-02
-1.413559457245857853e+00 -1.099965982580997093e-01
-1.410414719854877097e+00 -1.914628496601764596e-01
-1.407269982463896341e+00 -2.779784672061680340e-01
-1.404125245072915584e+00 -3.698218099383154822e-01
-1.400980507681934828e+00 -4.672890672459644179e-01
-1.397835770290954072e+00 -5.706960148693980273e-01
-1.394691032899973315e+00 -6.803800038159266705e-01
-1.391546295508992337e+00 -7.967022195432633680e-01
-1.388401558118011803e+00 -9.200502559923222634e-01
-1.385256820727030824e+00 -1.050841057922951904e+00
-1.382112083336050068e+00 -1.192381737406954301e+00
-1.378967345945069312e+00 -1.339616502270359888e+00
-1.375822608554088555e+00 -1.495768372140496183e+00
-1.372677871163107799e+00 -1.661412033869154925e+00
-1.369533133772127043e+00 -1.837174700924862236e+00
-1.366388396381146286e+00 -2.023743257929730532e+00
-1.363243658990165530e+00 -2.221872674941273829e+00
-1.360098921599184774e+00 -2.432395971790754174e+00
-1.356954184208204017e+00 -2.656236087853052652e+00
-1.353809446817223261e+00 -2.894420111564457443e+00
-1.350664709426242283e+00 -3.148096455749652023e+00
-1.347519972035261748e+00 -3.418555742112282303e+00
-1.344375234644280770e+00 -3.707256399615609155e+00
-1.341230497253300014e+00 -4.015856314222347123e+00
-1.338085759862319257e+00 -4.346252332425365239e+00
-1.334941022471338501e+00 -4.700630080400316047e+00
-1.331796285080357745e+00 -5.081527510983484319e+00
-1.328651547689376988e+00 -5.491916984949916980e+00
-1.325506810298396232e+00 -5.935312779038731890e+00
-1.322362072907415476e+00 -6.415914102558843979e+00
-1.319217335516434719e+00 -6.949728160095219209e+00
-1.316072598125453963e+00 -7.522162923135113033e+00
-1.312927860734473207e+00 -8.151025349239517936e+00
-1.309783123343492228e+00 -8.846181440586107669e+00
-1.306638385952511694e+00 -9.620405114884235331e+00
-1.303493648561530716e+00 -1.049065524549092743e+01
-1.300348911170549959e+00 -1.148014142003634674e+01
-1.297204173779569203e+00 -1.262184645367605640e+01
-1.294059436388588447e+00 -1.396494399978819700e+01
-1.290914698997607690e+00 -1.558753898883645661e+01
-1.287769961606626934e+00 -1.762508561434117382e+01
-1.284625224215646178e+00 -2.034544808106893754e+01
-1.281480486824665421e+00 -2.440986936924853268e+01
-1.278335749433684665e+00 -3.249339518122697257e+01
-1.275191012042703909e+00 -3.756380352510261389e+01
-1.272046274651723152e+00 -2.590161528920089040e+01
-1.268901537260742174e+00 -2.105221121125376982e+01
-1.265756799869761640e+00 -1.793036492000774729e+01
-1.262612062478780661e+00 -1.561898818958357538e+01
-1.259467325087799905e+00 -1.378096893764897857e+01
-1.256322587696819149e+00 -1.222632830968741757e+01
-1.253177850305838392e+00 -1.092457903303295552e+01
-1.250033112914857636e+00 -9.787438376396423223e+00
-1.246888375523876880e+00 -8.778573407888018210e+00
-1.243743638132896123e+00 -7.872766161720640810e+00
-1.240598900741915367e+00 -7.051809086949106131e+00
-1.237454163350934611e+00 -6.302136635077488336e+00
-1.234309425959953854e+00 -5.613380145085237416e+00
-1.231164688568973098e+00 -4.977445216983717557e+00
-1.228019951177992120e+00 -4.387900136308012122e+00
-1.224875213787011585e+00 -3.839557463541837024e+00
-1.221730476396030607e+00 -3.328179948594801374e+00
-1.218585739005049851e+00 -2.850268959208719366e+00
-1.215441001614069094e+00 -2.402909154611975850e+00
-1.212296264223088338e+00 -1.983652407483432967e+00
-1.209151526832107582e+00 -1.590429688500890393e+00
-1.206006789441126825e+00 -1.221483246544188717e+00
-1.202862052050146069e+00 -8.753137689079011352e-01
-1.199717314659165313e+00 -5.506387683345081996e-01
-1.196572577268184556e+00 -2.463595032234096038e-01
-1.193427839877203578e+00 4.396934128708096523e-02
-1.190283102486223044e+00 3.097802023292288709e-01
-1.187138365095242065e+00 5.576422604621313894e-01
-1.183993627704261531e+00 7.881362967536560404e-01
-1.180848890313280553e+00 1.001750408665543546e+00
-1.177704152922299796e+00 1.198889345315393484e+00
-1.174559415531319040e+00 1.379882082234615837e+00
-1.171414678140338284e+00 1.544987916025988284e+00
-1.168269940749357527e+00 1.694401294573751215e+00
-1.165125203358376771e+00 1.828255547229673539e+00
-1.161980465967396015e+00 1.946625637997705383e+00
-1.158835728576415258e+00 2.049530030394222990e+00
-1.155690991185434502e+00 2.136931723235431235e+00
-1.152546253794453524e+00 2.208738490384064335e+00
-1.149401516403472989e+00 2.264802333025755843e+00
-1.146256779012492011e+00 2.304918129044821740e+00
-1.143112041621511477e+00 2.328821439259073145e+00
-1.139967304230530498e+00 2.336185403329039900e+00
-1.136822566839549742e+00 2.326616627569926266e+00
-1.133677829448568986e+00 2.299649930853970403e+00
-1.130533092057588229e+00 2.253656432833366807e+00
-1.127388354666607473e+00 2.189798281725053641e+00
-1.124243617275626717e+00 2.106626552754441661e+00
-1.121098879884645960e+00 2.003303750423359730e+00
-1.117954142493665204e+00 1.878868387050708577e+00
-1.114809405102684448e+00 1.732216515877915697e+00
-1.111664667711703469e+00 1.562078952619657457e+00
-1.108519930320722935e+00 1.366993015931406319e+00
-1.105375192929741957e+00 1.145267215670656924e+00
-1.102230455538761200e+00 8.949367526825682262e-01
-1.099085718147780444e+00 6.137068857742846717e-01
-1.095940980756799688e+00 2.988800460034397588e-01
-1.092796243365818931e+00 -5.273916433483094579e-02
-1.089651505974838175e+00 -4.449695886791715793e-01
-1.086506768583857419e+00 -8.824223366089114506e-01
-1.083362031192876662e+00 -1.370731892574781341e+00
-1.080217293801895906e+00 -1.916879234017955014e+00
-1.077072556410915150e+00 -2.529654679607446610e+00
-1.073927819019934393e+00 -3.220339834766818399e+00
-1.070783081628953415e+00 -4.003746165186086614e+00
-1.067638344237972881e+00 -4.919106643763186071e+00
-1.064493606846991902e+00 -5.958997836272807547e+00
-1.061348869456011368e+00 -7.181116393617436700e+00
-1.058204132065030389e+00 -8.648583571090618705e+00
-1.055059394674049633e+00 -1.046630182300089729e+01
-1.051914657283068877e+00 -1.282863058979649651e+01
-1.048769919892088121e+00 -1.616342735853437773e+01
-1.045625182501107364e+00 -2.177838330099488218e+01
-1.042480445110126608e+00 -4.391169634273357758e+01
-1.039335707719145852e+00 -2.314782490964297068e+01
-1.036190970328164873e+00 -1.669942012598254166e+01
-1.033046232937184339e+00 -1.302257934319860766e+01
-1.029901495546203360e+00 -1.044125959643288581e+01
-1.026756758155222826e+00 -8.454466573031758969e+00
-1.023612020764241848e+00 -6.843672046180508062e+00
-1.020467283373261314e+00 -5.493780784254212790e+00
-1.017322545982280335e+00 -4.336720990072549853e+00
-1.014177808591299579e+00 -3.328919504098188042e+00
-1.011033071200318822e+00 -2.440837165509961437e+00
-1.007888333809338066e+00 -1.651560414132724475e+00
-1.004743596418357310e+00 -9.324262973541408428e-01
-1.001598859027376553e+00 -2.999555230335317901e-01
-9.984541216363957972e-01 2.695449357790806744e-01
-9.953093842454149298e-01 7.829539414632193939e-01
-9.921646468544341735e-01 1.245717022474224223e+00
-9.890199094634534172e-01 1.662186294145953980e+00
-9.858751720724726608e-01 2.035861478480406106e+00
-9.827304346814919045e-01 2.369564069717352339e+00
-9.795856972905111482e-01 2.665565082921744988e+00
-9.764409598995302808e-01 2.925679758303818545e+00
-9.732962225085495245e-01 3.151338158859402938e+00
-9.701514851175687681e-01 3.343637732521273165e+00
-9.670067477265880118e-01 3.503382004018146034e+00
-9.638620103356072555e-01 3.631108255530911322e+00
-9.607172729446264992e-01 3.727106128232119175e+00
-9.575725355536457428e-01 3.791428388697482887e+00
-9.544277981626648755e-01 3.823894561652547708e+00
-9.512830607716841191e-01 3.824087667001933255e+00
-9.481383233807033628e-01 3.791343861889401978e+00
-9.449935859897226065e-01 3.724734329466969029e+00
-9.418488485987418501e-01 3.620636369683055023e+00
-9.387041112077610938e-01 3.481551870456399911e+00
-9.355593738167802265e-01 3.303855023416140568e+00
-9.324146364257994701e-01 3.085153547984887723e+00
-9.292698990348187138e-01 2.822510172099214287e+00
-9.261251616438379575e-01 2.512317296021013391e+00
-9.229804242528572011e-01 2.150126371750317844e+00
-9.198356868618764448e-01 1.730412183649008284e+00
-9.166909494708956885e-01 1.246241022941880772e+00
-9.135462120799148211e-01 6.887927550484533867e-01
-9.104014746889340648e-01 4.665326228334976122e-02
-9.072567372979533085e-01 -6.952681354540501957e-01
-9.041119999069725521e-01 -1.557462170123777412e+00
-9.009672625159917958e-01 -2.568699974534190744e+00
-8.978225251250110395e-01 -3.771147332205842417e+00
-8.946777877340301721e-01 -5.230178744172683025e+00
-8.915330503430494158e-01 -7.055265185388492455e+00
-8.883883129520686595e-01 -9.451427464227180053e+00
-8.852435755610879031e-01 -1.287814024175261807e+01
-8.820988381701071468e-01 -1.879591510501748530e+01
-8.789541007791263905e-01 -5.658472589833965571e+01
-8.758093633881455231e-01 -1.863951775866544835e+01
-8.726646259971647668e-01 -1.264141185366177922e+01
-8.695198886061840104e-01 -9.118471781522444530e+00
-8.663751512152032541e-01 -6.622825964100790941e+00
-8.632304138242224978e-01 -4.697794055298338378e+00
-8.600856764332417415e-01 -3.139501614820225939e+00
-8.569409390422609851e-01 -1.839159078061435082e+00
-8.537962016512801178e-01 -7.319070555326021577e-01
-8.506514642602993614e-01 2.239698459838947997e-01
-8.475067268693186051e-01 1.056814544727224359e+00
-8.443619894783378488e-01 1.786690423395846494e+00
-8.412172520873570924e-01 2.428248919315652898e+00
-8.380725146963763361e-01 2.992443848981032772e+00
-8.349277773053954688e-01 3.487606203213353240e+00
-8.317830399144147124e-01 3.920144164203648529e+00
-8.286383025234339561e-01 4.295013047831339748e+00
-8.254935651324531998e-01 4.616038167246180990e+00
-8.223488277414724434e-01 4.886140137260824190e+00
-8.192040903504916871e-01 5.107493106106758773e+00
-8.160593529595108198e-01 5.284643991260328022e+00
-8.129146155685300634e-01 5.411633298848535389e+00
-8.097698781775493071e-01 5.492854213820425713e+00
-8.066251407865685508e-01 5.528267186396075061e+00
-8.034804033955877944e-01 5.517342760237802679e+00
-8.003356660046070381e-01 5.459041910930057639e+00
-7.971909286136262818e-01 5.351773448836585345e+00
-7.940461912226454144e-01 5.193324413246283910e+00
-7.909014538316646581e-01 4.980756433603559685e+00
-7.877567164406839018e-01 4.710256810455280885e+00
-7.846119790497031454e-01 4.376926623512069625e+00
-7.814672416587223891e-01 3.974477844567442020e+00
-7.783225042677416328e-01 3.494794155726324902e+00
-7.751777668767607654e-01 2.927280024252830515e+00
-7.720330294857800091e-01 2.257867501586222403e+00
-7.688882920947992528e-01 1.467444154048706650e+00
-7.657435547038184964e-01 5.292482706186589780e-01
-7.625988173128377401e-01 -5.957023225074635775e-01
-7.594540799218569838e-01 -1.967245527129762195e+00
-7.563093425308762274e-01 -3.684060976483607419e+00
-7.531646051398953601e-01 -5.978874170333156712e+00
-7.500198677489146037e-01 -9.160699245033939064e+00
-7.468751303579338474e-01 -1.442763127063026474e+01
-7.437303929669530911e-01 -3.100154675860584064e+01
-7.405856555759723348e-01 -1.732558538659658609e+01
-7.374409181849915784e-01 -1.040540618207261758e+01
-7.342961807940107111e-01 -6.593621439578683407e+00
-7.311514434030299547e-01 -3.960282251676012777e+00
-7.280067060120491984e-01 -1.959149244749582408e+00
-7.248619686210684421e-01 -3.574046061388287399e-01
-7.217172312300876857e-01 9.658776220610718610e-01
-7.185724938391069294e-01 2.081484492974372102e+00
-7.154277564481261731e-01 3.034314773734458015e+00
-7.122830190571453057e-01 3.854516551923197198e+00
-7.091382816661645494e-01 4.563192847547089315e+00
-7.059935442751837931e-01 5.175570362041305827e+00
-7.028488068842030367e-01 5.702871496757687453e+00
-6.997040694932222804e-01 6.153474621184415128e+00
-6.965593321022415241e-01 6.533660117267970691e+00
-6.934145947112606567e-01 6.848102868770915563e+00
-6.902698573202799004e-01 7.104625958669782193e+00
-6.871251199292991441e-01 7.295543667023984824e+00
-6.839803825383183877e-01 7.427915115933878099e+00
-6.808356451473376314e-01 7.502330506670187305e+00
-6.776909077563568751e-01 7.518590910308560638e+00
-6.745461703653760077e-01 7.475701211308170002e+00
-6.714014329743952514e-01 7.371818917296049989e+00
-6.682566955834144951e-01 7.204152714153387649e+00
-6.651119581924337387e-01 6.968798031849875230e+00
-6.619672208014529824e-01 6.660487408084264871e+00
-6.588224834104722261e-01 6.272218492862364769e+00
-6.556777460194914697e-01 5.794697335469479071e+00
-6.525330086285106024e-01 5.215489656018853282e+00
-6.493882712375298460e-01 4.517688152530052292e+00
-6.462435338465490897e-01 3.677734510349644381e+00
-6.430987964555683334e-01 2.661670897637524291e+00
-6.399540590645875771e-01 1.418242831928111514e+00
-6.368093216736068207e-01 -1.349585726868980373e-01
-6.336645842826259534e-01 -2.142911985433940458e+00
-6.305198468916451970e-01 -4.898191687102936953e+00
-6.273751095006644407e-01 -9.261804710633732896e+00
-6.242303721096836844e-01 -1.859404296022452741e+01
-6.210856347187029280e-01 -1.886561601476581984e+01
-6.179408973277221717e-01 -9.151546324865776683e+00
-6.147961599367413044e-01 -4.657938908080623719e+00
-6.116514225457605480e-01 -1.713389702458158581e+00
-6.085066851547797917e-01 4.653912730852596269e-01
-6.053619477637990354e-01 2.180200329365593603e+00
-6.022172103728182790e-01 3.579377905707893603e+00
-5.990724729818375227e-01 4.746723032193933989e+00
-5.959277355908567664e-01 5.734052231281644652e+00
-5.927829981998758990e-01 6.575475692059647770e+00
-5.896382608088951427e-01 7.294469920293483511e+00
-5.864935234179143864e-01 7.907705662606669961e+00
-5.833487860269336300e-01 8.427261852701548150e+00
-5.802040486359528737e-01 8.861971888488657356e+00
-5.770593112449721174e-01 9.218272549335743804e+00
-5.739145738539912500e-01 9.500751199795523405e+00
-5.707698364630104937e-01 9.712499601608094224e+00
-5.676250990720297374e-01 9.855336025460992744e+00
-5.644803616810489810e-01 9.930725430644745444e+00
-5.613356242900682247e-01 9.935262371644355994e+00
-5.581908868990874684e-01 9.869528312979802820e+00
-5.550461495081067120e-01 9.730717457368356804e+00
-5.519014121171259557e-01 9.514606745019623446e+00
-5.487566747261451994e-01 9.215246782040168227e+00
-5.456119373351644430e-01 8.824481959619831173e+00
-5.424671999441834647e-01 8.331208735720903036e+00
-5.393224625532027083e-01 7.720209456812867188e+00
-5.361777251622219520e-01 6.970258814137558545e+00
-5.330329877712411957e-01 6.050905123511952866e+00
-5.298882503802604393e-01 4.916654870970013747e+00
-5.267435129892796830e-01 3.495580922484194275e+00
-5.235987755982989267e-01 1.664410903878589920e+00
-5.204540382073181704e-01 -8.153035915220101515e-01
-5.173093008163374140e-01 -4.507682797580201850e+00
-5.141645634253566577e-01 -1.144808296947078219e+01
-5.110198260343759014e-01 -2.315197823803694632e+01
-5.078750886433951450e-01 -7.660346542986829377e+00
-5.047303512524143887e-01 -2.351084199360997218e+00
-5.015856138614334103e-01 9.872345208262771621e-01
-4.984408764704526540e-01 3.343415525981647818e+00
-4.952961390794718977e-01 5.173948084978245987e+00
-4.921514016884911413e-01 6.655004022359598537e+00
-4.890066642975103850e-01 7.883021109615476973e+00
-4.858619269065296287e-01 8.916341310277925203e+00
-4.827171895155488723e-01 9.792737057827960001e+00
-4.795724521245681160e-01 1.053784661341325801e+01
-4.764277147335873597e-01 1.116964020080191489e+01
-4.732829773426066033e-01 1.170095692903943174e+01
-4.701382399516258470e-01 1.214102237861150257e+01
-4.669935025606450907e-01 1.249638892217516428e+01
-4.638487651696641123e-01 1.277152792245161805e+01
-4.607040277786833560e-01 1.296919800617339291e+01
-4.575592903877025996e-01 1.309065787842088113e+01
-4.544145529967218433e-01 1.313575989199367910e+01
-4.512698156057410870e-01 1.310293946613617777e+01
-4.481250782147603307e-01 1.298909866083525344e+01
-4.449803408237795743e-01 1.278936494796139556e+01
-4.418356034327988180e-01 1.249668345632020205e+01
-4.386908660418180617e-01 1.209211925369353580e+01
-4.355461286508373053e-01 1.157749746650454625e+01
-4.324013912598565490e-01 1.092650518388027336e+01
-4.292566538688757927e-01 1.011122443130121695e+01
-4.261119164778950363e-01 9.090139615710683074e+00
-4.229671790869140580e-01 7.798262532999952867e+00
-4.198224416959333016e-01 6.126063513106110747e+00
-4.166777043049525453e-01 3.867444635650990392e+00
-4.135329669139717890e-01 5.585073042886534722e-01
-4.103882295229910326e-01 -5.285366749567344868e+00
-4.072434921320102763e-01 -5.255113855397127054e+01
-4.040987547410295200e-01 -4.892276480828947172e+00
-4.009540173500487636e-01 1.234738615603234280e+00
-3.978092799590680073e-01 4.851840933702007419e+00
-3.946645425680872510e-01 7.425557056021943936e+00
-3.915198051771064947e-01 9.416403171035533148e+00
-3.883750677861257383e-01 1.102956344053531978e+01
-3.852303303951449820e-01 1.237437916827960649e+01
-3.820855930041640036e-01 1.351594536906483768e+01
-3.789408556131832473e-01 1.449604228366747094e+01
-3.757961182222024910e-01 1.535868970804216360e+01
-3.726513808312217346e-01 1.609024844254043529e+01
-3.695066434402409783e-01 1.672321415433833636e+01
-3.663619060492602220e-01 1.726815641781672639e+01
-3.632171686582794656e-01 1.773294222822745425e+01
-3.600724312672987093e-01 1.812341789102477918e+01
-3.569276938763179530e-01 1.844385792684171577e+01
-3.537829564853371966e-01 1.869726223584827807e+01
-3.506382190943564403e-01 1.888554903138780361e+01
-3.474934817033756840e-01 1.900967144280251020e+01
-3.443487443123949276e-01 1.906967343549542448e+01
-3.412040069214139493e-01 1.906469220761798056e+01
-3.380592695304331929e-01 1.899290735661005769e+01
-3.349145321394524366e-01 1.885143030744573522e+01
-3.317697947484716803e-01 1.863611922279810074e+01
-3.286250573574909239e-01 1.834129281233578013e+01
-3.254803199665101676e-01 1.795929770922590052e+01
-3.223355825755294113e-01 1.747985201091065122e+01
-3.191908451845486550e-01 1.688902931703102084e+01
-3.160461077935678986e-01 1.616763532573700601e+01
-3.129013704025871423e-01 1.526906071573731793e+01
-3.097566330116063860e-01 1.418775405028948455e+01
-3.066118956206256296e-01 1.284538649977775293e+01
-3.034671582296448733e-01 1.113794814923828369e+01
-3.003224208386638949e-01 8.872543545847225488e+00
-2.971776834476831386e-01 5.624885198682562759e+00
-2.940329460567023823e-01 1.029282471540966526e-01
-2.908882086657216259e-01 -2.121783669770840675e+01
-2.877434712747408696e-01 -1.339453437805026681e+00
-2.845987338837601133e-01 5.166959345194506170e+00
-2.814539964927793569e-01 8.857729972650695061e+00
-2.783092591017986006e-01 1.143115360896549859e+01
-2.751645217108178443e-01 1.339221601680787188e+01
-2.720197843198370879e-01 1.496056305525683428e+01
-2.688750469288563316e-01 1.625155802589408438e+01
-2.657303095378755753e-01 1.733317467816755908e+01
-2.625855721468948190e-01 1.824867348098880981e+01
-2.594408347559138406e-01 1.902711857826241726e+01
-2.562960973649330843e-01 1.968880107855527939e+01
-2.531513599739523279e-01 2.024826301133905915e+01
-2.500066225829715716e-01 2.072456455135364450e+01
-2.468618851919908153e-01 2.110685886358263019e+01
-2.437171478010100589e-01 2.141090678112724177e+01
-2.405724104100293026e-01 2.164055378087447323e+01
-2.374276730190485463e-01 2.179824161399272597e+01
-2.342829356280677899e-01 2.188518020196541869e+01
-2.311381982370870336e-01 2.190143084294711429e+01
-2.279934608461062773e-01 2.184591286285827749e+01
-2.248487234551255209e-01 2.171633470634905549e+01
-2.217039860641445426e-01 2.150903957482135098e+01
-2.185592486731637862e-01 2.121874230258170257e+01
-2.154145112821830299e-01 2.083811440992229791e+01
-2.122697738912022736e-01 2.035714159486063934e+01
-2.091250365002215172e-01 1.976211935432947087e+01
-2.059802991092407609e-01 1.903404015364570867e+01
-2.028355617182600046e-01 1.814589513133454091e+01
-1.996908243272792483e-01 1.705790176029677596e+01
-1.965460869362984919e-01 1.570841823943209548e+01
-1.934013495453177356e-01 1.399484258814970872e+01
-1.902566121543369793e-01 1.172743119576431781e+01
-1.871118747633562229e-01 8.410768135537299628e+00
-1.839671373723754666e-01 2.880380410639133970e+00
-1.808223999813944882e-01 -1.813344312879047493e+01
-1.776776625904137319e-01 1.313946961605104491e+00
-1.745329251994329756e-01 7.809274191666574438e+00
-1.713881878084522192e-01 1.147232336552938747e+01
-1.682434504174714629e-01 1.401176093874035899e+01
-1.650987130264907066e-01 1.593426034003630321e+01
-1.619539756355099502e-01 1.745977618987091873e+01
-1.588092382445291939e-01 1.870355040041254568e+01
-1.556645008535484376e-01 1.973322371656998087e+01
-1.525197634625676812e-01 2.059157144073024526e+01
-1.493750260715869249e-01 2.130702970298142773e+01
-1.462302886806061686e-01 2.189910576606661863e+01
-1.430855512896254123e-01 2.238137425426202753e+01
-1.399408138986444339e-01 2.276322384928449338e+01
-1.367960765076636775e-01 2.305090398782450123e+01
-1.336513391166829212e-01 2.324814780777052192e+01
-1.305066017257021649e-01 2.335651433349857342e+01
-1.273618643347214086e-01 2.337552092736476084e+01
-1.242171269437406522e-01 2.330016618794496708e+01
-1.210723895527598959e-01 2.312838223124202841e+01
-1.179276521617791396e-01 2.285181903287520555e+01
-1.147829147707983832e-01 2.245898386668441304e+01
-1.116381773798176269e-01 2.193328353566645461e+01
-1.084934399888368706e-01 2.125063548987576922e+01
-1.053487025978561142e-01 2.037525434480622977e+01
-1.022039652068753579e-01 1.925172415931281833e+01
-9.905922781589437953e-02 1.778866281160187413e+01
-9.591449042491362320e-02 1.582042965081741315e+01
-9.276975303393286687e-02 1.299808671252694481e+01
-8.962501564295211054e-02 8.354676436566606412e+00
-8.648027825197135421e-02 -3.851007173379926485e+00
-8.333554086099059788e-02 3.215121078876290284e+00
-8.019080347000984155e-02 1.122584162707861211e+01
-7.704606607902908522e-02 1.545639105441728134e+01
-7.390132868804832889e-02 1.837153216510344578e+01
-7.075659129706757255e-02 2.060277638895373897e+01
-6.761185390608681622e-02 2.240940199721691073e+01
-6.446711651510605989e-02 2.392352563236323348e+01
-6.132237912412508152e-02 2.524583757892909119e+01
-5.817764173314432519e-02 2.637347774630872266e+01
-5.503290434216356886e-02 2.736660567572504021e+01
-5.188816695118281253e-02 2.824797563304760573e+01
-4.874342956020205619e-02 2.903421975277963440e+01
-4.559869216922129986e-02 2.973784918395056209e+01
-4.245395477824054353e-02 3.036849476355836686e+01
-3.930921738725978720e-02 3.093370944106064258e+01
-3.616447999627903087e-02 3.143950577271339952e+01
-3.301974260529827454e-02 3.189072668734136329e+01
-2.987500521431751821e-02 3.229130764674539478e+01
-2.673026782333676188e-02 3.264446590341493959e+01
-2.358553043235600555e-02 3.295283949538637813e+01
-2.044079304137502717e-02 3.321859073282119112e+01
-1.729605565039427084e-02 3.344348401923931391e+01
-1.415131825941351451e-02 3.362894470284278725e+01
-1.100658086843275818e-02 3.377610358229147636e+01
-7.861843477452001849e-03 3.388583029287545401e+01
-4.717106086471245519e-03 3.395875782900621687e+01
-1.572368695490489188e-03 3.399529976515478324e+01
1.572368695490267143e-03 3.399529976398121534e+01
4.717106086471023474e-03 3.395875782552499800e+01
7.861843477451779805e-03 3.388583028706696609e+01
1.100658086843253614e-02 3.377610357412257258e+01
1.415131825941329247e-02 3.362894469226583283e+01
1.729605565039404880e-02 3.344348400619095685e+01
2.044079304137502717e-02 3.321859071722046508e+01
2.358553043235578350e-02 3.295283947713228656e+01
2.673026782333653983e-02 3.264446588238321567e+01
2.987500521431729616e-02 3.229130762278418132e+01
3.301974260529805250e-02 3.189072666026554970e+01
3.616447999627880883e-02 3.143950574229699768e+01
3.930921738725956516e-02 3.093370940702657990e+01
4.245395477824032149e-02 3.036849472556437135e+01
4.559869216922107782e-02 2.973784914156949100e+01
4.874342956020183415e-02 2.903421970547135800e+01
5.188816695118259048e-02 2.824797558011768928e+01
5.503290434216334681e-02 2.736660561626213095e+01
5.817764173314410314e-02 2.637347767908591578e+01
6.132237912412508152e-02 2.524583750224138967e+01
6.446711651510583785e-02 2.392352554347238680e+01
6.761185390608659418e-02 2.240940189253882053e+01
7.075659129706735051e-02 2.060277626226913839e+01
7.390132868804810684e-02 1.837153200514237739e+01
7.704606607902886317e-02 1.545639083734563712e+01
8.019080347000961950e-02 1.122584128671503123e+01
8.333554086099037583e-02 3.215120260225361903e+00
8.648027825197113216e-02 -3.851005421086178160e+00
8.962501564295188849e-02 8.354676840967069751e+00
9.276975303393264483e-02 1.299808693334367149e+01
9.591449042491340116e-02 1.582042979794755411e+01
9.905922781589415749e-02 1.778866291845790570e+01
1.022039652068751359e-01 1.925172424040163932e+01
1.053487025978558922e-01 2.037525440770251350e+01
1.084934399888366485e-01 2.125063553900765001e+01
1.116381773798174049e-01 2.193328357382301874e+01
1.147829147707981612e-01 2.245898389571276255e+01
1.179276521617789175e-01 2.285181905403737090e+01
1.210723895527596738e-01 2.312838224541310694e+01
1.242171269437404302e-01 2.330016619572781522e+01
1.273618643347211865e-01 2.337552092904214973e+01
1.305066017257019428e-01 2.335651432942828620e+01
1.336513391166826992e-01 2.324814779804836462e+01
1.367960765076634555e-01 2.305090397241664135e+01
1.399408138986442118e-01 2.276322382802489841e+01
1.430855512896251902e-01 2.238137422683784195e+01
1.462302886806059465e-01 2.189910573198854138e+01
1.493750260715867029e-01 2.130702966153252476e+01
1.525197634625674592e-01 2.059157139088111421e+01
1.556645008535482155e-01 1.973322365683565494e+01
1.588092382445289719e-01 1.870355032860251754e+01
1.619539756355097282e-01 1.745977610262412938e+01
1.650987130264904845e-01 1.593426023187901919e+01
1.682434504174712409e-01 1.401176079993462764e+01
1.713881878084519972e-01 1.147232317621349296e+01
1.745329251994327535e-01 7.809273900595563589e+00
1.776776625904135098e-01 1.313946347211441434e+00
1.808223999813944882e-01 -1.813343741909893936e+01
1.839671373723752446e-01 2.880380909353917218e+00
1.871118747633560009e-01 8.410768392189034159e+00
1.902566121543367572e-01 1.172743136446260337e+01
1.934013495453175135e-01 1.399484271212958575e+01
1.965460869362982699e-01 1.570841833552617572e+01
1.996908243272790262e-01 1.705790183706901075e+01
2.028355617182597825e-01 1.814589519372435689e+01
2.059802991092405389e-01 1.903404020475008451e+01
2.091250365002212952e-01 1.976211939620785074e+01
2.122697738912020515e-01 2.035714162894100099e+01
2.154145112821828079e-01 2.083811443722440870e+01
2.185592486731635642e-01 2.121874232384738690e+01
2.217039860641445426e-01 2.150903959059422021e+01
2.248487234551252989e-01 2.171633471702519103e+01
2.279934608461060552e-01 2.184591286871889793e+01
2.311381982370868116e-01 2.190143084417936592e+01
2.342829356280675679e-01 2.188518019867549214e+01
2.374276730190483242e-01 2.179824160621274132e+01
2.405724104100290806e-01 2.164055376856445179e+01
2.437171478010098369e-01 2.141090676417226746e+01
2.468618851919905932e-01 2.110685884178492699e+01
2.500066225829713495e-01 2.072456452441835495e+01
2.531513599739521059e-01 2.024826297873520531e+01
2.562960973649328622e-01 1.968880103981580731e+01
2.594408347559136185e-01 1.902711853260221986e+01
2.625855721468945969e-01 1.824867342732305531e+01
2.657303095378753532e-01 1.733317461496657330e+01
2.688750469288561096e-01 1.625155795093199274e+01
2.720197843198368659e-01 1.496056296514625217e+01
2.751645217108176222e-01 1.339221590605954759e+01
2.783092591017983786e-01 1.143115346784343700e+01
2.814539964927791349e-01 8.857729781337752684e+00
2.845987338837598912e-01 5.166959052660061502e+00
2.877434712747406476e-01 -1.339454051408154100e+00
2.908882086657214039e-01 -2.121783074494676669e+01
2.940329460567021602e-01 1.029287461317522911e-01
2.971776834476829166e-01 5.624885454415114339e+00
3.003224208386636729e-01 8.872543714680240612e+00
3.034671582296446513e-01 1.113794827290964307e+01
3.066118956206254076e-01 1.284538659542963757e+01
3.097566330116061639e-01 1.418775412661198487e+01
3.129013704025869202e-01 1.526906077773300296e+01
3.160461077935676766e-01 1.616763537634033199e+01
3.191908451845484329e-01 1.688902935856109622e+01
3.223355825755291892e-01 1.747985204480667321e+01
3.254803199665099456e-01 1.795929773652037298e+01
3.286250573574907019e-01 1.834129283378603859e+01
3.317697947484714582e-01 1.863611923896649003e+01
3.349145321394522146e-01 1.885143031875116648e+01
3.380592695304329709e-01 1.899290736336150331e+01
3.412040069214139493e-01 1.906469221003680303e+01
3.443487443123947056e-01 1.906967343373000290e+01
3.474934817033754619e-01 1.900967143693741690e+01
3.506382190943562183e-01 1.888554902144884551e+01
3.537829564853369746e-01 1.869726222180401720e+01
3.569276938763177309e-01 1.844385790860163610e+01
3.600724312672984873e-01 1.812341786843394686e+01
3.632171686582792436e-01 1.773294220105682228e+01
3.663619060492599999e-01 1.726815638574800360e+01
3.695066434402407562e-01 1.672321411694078108e+01
3.726513808312215126e-01 1.609024839923602457e+01
3.757961182222022689e-01 1.535868965805222786e+01
3.789408556131830252e-01 1.449604222576029144e+01
3.820855930041640036e-01 1.351594530188837240e+01
3.852303303951447599e-01 1.237437908967510580e+01
3.883750677861255163e-01 1.102956334724354548e+01
3.915198051771062726e-01 9.416403057822098077e+00
3.946645425680870289e-01 7.425556913710451568e+00
3.978092799590677853e-01 4.851840743932026356e+00
4.009540173500485416e-01 1.234738332511369663e+00
4.040987547410292979e-01 -4.892277040137173572e+00
4.072434921320100543e-01 -5.255126930136549390e+01
4.103882295229908106e-01 -5.285366205932774619e+00
4.135329669139715669e-01 5.585075681717981411e-01
4.166777043049523233e-01 3.867444805520211304e+00
4.198224416959330796e-01 6.126063635228803150e+00
4.229671790869140580e-01 7.798262625839605278e+00
4.261119164778948143e-01 9.090139688471310819e+00
4.292566538688755706e-01 1.011122448921738481e+01
4.324013912598561049e-01 1.092650523019867137e+01
4.355461286508370833e-01 1.157749750336333250e+01
4.386908660418176176e-01 1.209211928256123869e+01
4.418356034327985959e-01 1.249668347810333202e+01
4.449803408237795743e-01 1.278936496354714336e+01
4.481250782147601086e-01 1.298909867075435187e+01
4.512698156057410870e-01 1.310293947076288745e+01
4.544145529967216213e-01 1.313575989157838109e+01
4.575592903877025996e-01 1.309065787311014617e+01
4.607040277786831339e-01 1.296919799602107304e+01
4.638487651696641123e-01 1.277152790742277588e+01
4.669935025606446466e-01 1.249638890214350795e+01
4.701382399516256250e-01 1.214102235334988222e+01
4.732829773426061593e-01 1.170095689820183082e+01
4.764277147335871376e-01 1.116964016389393066e+01
4.795724521245676719e-01 1.053784656974491440e+01
4.827171895155486503e-01 9.792737006438855474e+00
4.858619269065296287e-01 8.916341249814429659e+00
4.890066642975101630e-01 7.883021038121409418e+00
4.921514016884911413e-01 6.655003936897028183e+00
4.952961390794716756e-01 5.173947980883838227e+00
4.984408764704526540e-01 3.343415395241756016e+00
5.015856138614331883e-01 9.872343479289327206e-01
5.047303512524141667e-01 -2.351084453181130129e+00
5.078750886433947009e-01 -7.660347006621812227e+00
5.110198260343756793e-01 -2.315198095062892492e+01
5.141645634253562136e-01 -1.144808228202591494e+01
5.173093008163371920e-01 -4.507682498624234313e+00
5.204540382073177263e-01 -8.153034042078672883e-01
5.235987755982987046e-01 1.664411037580990183e+00
5.267435129892796830e-01 3.495581024292263805e+00
5.298882503802602173e-01 4.916654951347663172e+00
5.330329877712411957e-01 6.050905188289632974e+00
5.361777251622217300e-01 6.970258866886048565e+00
5.393224625532027083e-01 7.720209499867458192e+00
5.424671999441832426e-01 8.331208770682376752e+00
5.456119373351642210e-01 8.824481987622796453e+00
5.487566747261447553e-01 9.215246803907067630e+00
5.519014121171257337e-01 9.514606761353817888e+00
5.550461495081062679e-01 9.730717468612567700e+00
5.581908868990872463e-01 9.869528319453827692e+00
5.613356242900677806e-01 9.935262373569344163e+00
5.644803616810487590e-01 9.930725428158751811e+00
5.676250990720297374e-01 9.855336018541265730e+00
5.707698364630102716e-01 9.712499590334445543e+00
5.739145738539912500e-01 9.500751184089622825e+00
5.770593112449717843e-01 9.218272529043108676e+00
5.802040486359527627e-01 8.861971863367809732e+00
5.833487860269332970e-01 8.427261822406208580e+00
5.864935234179142753e-01 7.907705626657854481e+00
5.896382608088948096e-01 7.294469878036672128e+00
5.927829981998757880e-01 6.575475642597545800e+00
5.959277355908563223e-01 5.734052173366194438e+00
5.990724729818373007e-01 4.746722964045037685e+00
6.022172103728178350e-01 3.579377824691256649e+00
6.053619477637988133e-01 2.180200231376364428e+00
6.085066851547797917e-01 4.653911512440274123e-01
6.116514225457603260e-01 -1.713389860978288937e+00
6.147961599367413044e-01 -4.657939131598197946e+00
6.179408973277218386e-01 -9.151546698771092281e+00
6.210856347187028170e-01 -1.886561714734208550e+01
6.242303721096833513e-01 -1.859404188141996173e+01
6.273751095006643297e-01 -9.261804351208958508e+00
6.305198468916448640e-01 -4.898191476658197985e+00
6.336645842826258423e-01 -2.142911838220747711e+00
6.368093216736063766e-01 -1.349584613745946626e-01
6.399540590645873550e-01 1.418242919837062743e+00
6.430987964555683334e-01 2.661670968890252453e+00
6.462435338465488677e-01 3.677734568995354891e+00
6.493882712375298460e-01 4.517688201182970431e+00
6.525330086285103803e-01 5.215489696458092794e+00
6.556777460194913587e-01 5.794697368953737993e+00
6.588224834104718930e-01 6.272218520307966116e+00
6.619672208014528714e-01 6.660487430171833978e+00
6.651119581924334057e-01 6.968798049090956681e+00
6.682566955834143840e-01 7.204152726933784834e+00
6.714014329743949183e-01 7.371818925904513264e+00
6.745461703653758967e-01 7.475701215955709245e+00
6.776909077563564310e-01 7.518590911141288302e+00
6.808356451473374094e-01 7.502330503777642434e+00
6.839803825383183877e-01 7.427915109353769196e+00
6.871251199292989220e-01 7.295543656744008842e+00
6.902698573202799004e-01 7.104625944626690170e+00
6.934145947112604347e-01 6.848102850767602945e+00
6.965593321022414131e-01 6.533660095199774531e+00
6.997040694932219473e-01 6.153474594797131658e+00
7.028488068842029257e-01 5.702871465706827792e+00
7.059935442751834600e-01 5.175570325866619470e+00
7.091382816661644384e-01 4.563192805634294302e+00
7.122830190571449727e-01 3.854516503445683639e+00
7.154277564481259510e-01 3.034314717560910424e+00
7.185724938391064853e-01 2.081484427516745228e+00
7.217172312300874637e-01 9.658775450109970961e-01
7.248619686210684421e-01 -3.574046983009111500e-01
7.280067060120489764e-01 -1.959149357753737775e+00
7.311514434030299547e-01 -3.960282395768714991e+00
7.342961807940104890e-01 -6.593621635907915390e+00
7.374409181849914674e-01 -1.040540648653733768e+01
7.405856555759720017e-01 -1.732558605781489547e+01
7.437303929669529801e-01 -3.100154355699100961e+01
7.468751303579335143e-01 -1.442763080421253363e+01
7.500198677489144927e-01 -9.160698996781093228e+00
7.531646051398950270e-01 -5.978874003389051950e+00
7.563093425308760054e-01 -3.684060853044670125e+00
7.594540799218565397e-01 -1.967245430171267628e+00
7.625988173128375180e-01 -5.957022438297627787e-01
7.657435547038184964e-01 5.292483357903918773e-01
7.688882920947990307e-01 1.467444208735713573e+00
7.720330294857800091e-01 2.257867547817461684e+00
7.751777668767605434e-01 2.927280063453153502e+00
7.783225042677415217e-01 3.494794188931091838e+00
7.814672416587220560e-01 3.974477872548710877e+00
7.846119790497030344e-01 4.376926646857114633e+00
7.877567164406835687e-01 4.710256829616984220e+00
7.909014538316645471e-01 4.980756448934236857e+00
7.940461912226450814e-01 5.193324425020556134e+00
7.971909286136260597e-01 5.351773457267473333e+00
8.003356660046065940e-01 5.459041916180233045e+00
8.034804033955875724e-01 5.517342762427450253e+00
8.066251407865685508e-01 5.528267185608331857e+00
8.097698781775490851e-01 5.492854210104891166e+00
8.129146155685300634e-01 5.411633292223225311e+00
8.160593529595105977e-01 5.284643981712257244e+00
8.192040903504915761e-01 5.107493093531108030e+00
8.223488277414721104e-01 4.886140121636991296e+00
8.254935651324530888e-01 4.616038148456937051e+00
8.286383025234336230e-01 4.295013025715952892e+00
8.317830399144146014e-01 3.920144138549371604e+00
8.349277773053951357e-01 3.487606173743529325e+00
8.380725146963761141e-01 2.992443815337949786e+00
8.412172520873566484e-01 2.428248881036239482e+00
8.443619894783376267e-01 1.786690379875153667e+00
8.475067268693186051e-01 1.056814495164395851e+00
8.506514642602991394e-01 2.239697892966887594e-01
8.537962016512801178e-01 -7.319071208458183264e-01
8.569409390422606521e-01 -1.839159154159460741e+00
8.600856764332416304e-01 -3.139501704953872263e+00
8.632304138242221647e-01 -4.697794164678747109e+00
8.663751512152031431e-01 -6.622826101852965053e+00
8.695198886061836774e-01 -9.118471965877645857e+00
8.726646259971646558e-01 -1.264141213004558040e+01
8.758093633881451900e-01 -1.863951830709881818e+01
8.789541007791261684e-01 -5.658476876437538294e+01
8.820988381701067027e-01 -1.879591456014576067e+01
8.852435755610876811e-01 -1.287813997125283549e+01
8.883883129520686595e-01 -9.451427286149105100e+00
8.915330503430491937e-01 -7.055265054000294356e+00
8.946777877340301721e-01 -5.230178641142025242e+00
8.978225251250107064e-01 -3.771147248354125736e+00
9.009672625159916848e-01 -2.568699904613211515e+00
9.041119999069722191e-01 -1.557462110853428783e+00
9.072567372979531974e-01 -6.952680846474450505e-01
9.104014746889337317e-01 4.665330615469542863e-02
9.135462120799147101e-01 6.887927930942865373e-01
9.166909494708952444e-01 1.246241055991752944e+00
9.198356868618762228e-01 1.730412212337903100e+00
9.229804242528567571e-01 2.150126396573689647e+00
9.261251616438377354e-01 2.512317317371042691e+00
9.292698990348187138e-01 2.822510190290671517e+00
9.324146364257992481e-01 3.085153563272051258e+00
9.355593738167802265e-01 3.303855036005693080e+00
9.387041112077607607e-01 3.481551880516963848e+00
9.418488485987417391e-01 3.620636377351637236e+00
9.449935859897222734e-01 3.724734334809660652e+00
9.481383233807032518e-01 3.791343865040541772e+00
9.512830607716837861e-01 3.824087668029637399e+00
9.544277981626647644e-01 3.823894560607278947e+00
9.575725355536452987e-01 3.791428385613507146e+00
9.607172729446262771e-01 3.727106123128351101e+00
9.638620103356068114e-01 3.631108248411436534e+00
9.670067477265877898e-01 3.503381994872150074e+00
9.701514851175687681e-01 3.343637721322547662e+00
9.732962225085493024e-01 3.151338145565532045e+00
9.764409598995302808e-01 2.925679742854612186e+00
9.795856972905108151e-01 2.665565065237345266e+00
9.827304346814917935e-01 2.369564049694968588e+00
9.858751720724723278e-01 2.035861455990858104e+00
9.890199094634533061e-01 1.662186269028403274e+00
9.921646468544338404e-01 1.245716994528891064e+00
9.953093842454148188e-01 7.829539104422948981e-01
9.984541216363953531e-01 2.695449013739406041e-01
1.001598859027376331e+00 -2.999555612111635128e-01
1.004743596418356866e+00 -9.324263397971108702e-01
1.007888333809337844e+00 -1.651560461582242567e+00
1.011033071200318822e+00 -2.440837218713909351e+00
1.014177808591299357e+00 -3.328919564186008984e+00
1.017322545982280335e+00 -4.336721058608979718e+00
1.020467283373260869e+00 -5.493780863489895694e+00
1.023612020764241848e+00 -6.843672139517394726e+00
1.026756758155222382e+00 -8.454466685956056438e+00
1.029901495546203360e+00 -1.044125973864451140e+01
1.033046232937183895e+00 -1.302257953439235649e+01
1.036190970328164873e+00 -1.669942041671139776e+01
1.039335707719145407e+00 -2.314782551611926920e+01
1.042480445110126386e+00 -4.391168978636669351e+01
1.045625182501106920e+00 -2.177838279467535187e+01
1.048769919892087898e+00 -1.616342709738982109e+01
1.051914657283068877e+00 -1.282863041516511515e+01
1.055059394674049411e+00 -1.046630169275525191e+01
1.058204132065030389e+00 -8.648583467957614346e+00
1.061348869456010924e+00 -7.181116308839065709e+00
1.064493606846991902e+00 -5.958997764797018704e+00
1.067638344237972436e+00 -4.919106582411785666e+00
1.070783081628953415e+00 -4.003746111972269262e+00
1.073927819019933949e+00 -3.220339788025832206e+00
1.077072556410914927e+00 -2.529654638253248322e+00
1.080217293801895462e+00 -1.916879197233406273e+00
1.083362031192876440e+00 -1.370731859729865221e+00
1.086506768583857419e+00 -8.824223072073777985e-01
1.089651505974837953e+00 -4.449695623235783160e-01
1.092796243365818931e+00 -5.273914070180296676e-02
1.095940980756799465e+00 2.988800671799154429e-01
1.099085718147780444e+00 6.137069047161460844e-01
1.102230455538760978e+00 8.949367695762333597e-01
1.105375192929741957e+00 1.145267230674036796e+00
1.108519930320722491e+00 1.366993029179511154e+00
1.111664667711703469e+00 1.562078964228327038e+00
1.114809405102684003e+00 1.732216525947123387e+00
1.117954142493664982e+00 1.878868395667055324e+00
1.121098879884645516e+00 2.003303757662123985e+00
1.124243617275626494e+00 2.106626558681160333e+00
1.127388354666607473e+00 2.189798286396833049e+00
1.130533092057588007e+00 2.253656436299891652e+00
1.133677829448568986e+00 2.299649933135590629e+00
1.136822566839549520e+00 2.326616628727535385e+00
1.139967304230530498e+00 2.336185403394686944e+00
1.143112041621511032e+00 2.328821438260000320e+00
1.146256779012492011e+00 2.304918127003926287e+00
1.149401516403472545e+00 2.264802329961806748e+00
1.152546253794453524e+00 2.208738486311979443e+00
1.155690991185434058e+00 2.136931718166437122e+00
1.158835728576415036e+00 2.049530024335972200e+00
1.161980465967395570e+00 1.946625630954301300e+00
1.165125203358376549e+00 1.828255539201684599e+00
1.168269940749357527e+00 1.694401285558264192e+00
1.171414678140338061e+00 1.544987906016373813e+00
1.174559415531319040e+00 1.379882071220421835e+00
1.177704152922299574e+00 1.198889333282309622e+00
1.180848890313280553e+00 1.001750395594882548e+00
1.183993627704261087e+00 7.881362826221334217e-01
1.187138365095242065e+00 5.576422452413538622e-01
1.190283102486222599e+00 3.097801859853603901e-01
1.193427839877203578e+00 4.396932377993323371e-02
1.196572577268184112e+00 -2.463595219657719326e-01
1.199717314659165091e+00 -5.506387883437469100e-01
1.202862052050145625e+00 -8.753137902487679867e-01
1.206006789441126603e+00 -1.221483269292093610e+00
1.209151526832107582e+00 -1.590429712744139579e+00
1.212296264223088116e+00 -1.983652433325090669e+00
1.215441001614069094e+00 -2.402909182173189606e+00
1.218585739005049629e+00 -2.850268988632535638e+00
1.221730476396030607e+00 -3.328179980050649078e+00
1.224875213787011141e+00 -3.839557497232718219e+00
1.228019951177992120e+00 -4.387900172478246930e+00
1.231164688568972654e+00 -4.977445255930589951e+00
1.234309425959953632e+00 -5.613380187174925595e+00
1.237454163350934166e+00 -6.302136680767389976e+00
1.240598900741915145e+00 -7.051809136818491197e+00
1.243743638132895679e+00 -7.872766216519956117e+00
1.246888375523876658e+00 -8.778573468609266683e+00
1.250033112914857636e+00 -9.787438444390232917e+00
1.253177850305838170e+00 -1.092457911020086669e+01
1.256322587696819149e+00 -1.222632839883088707e+01
1.259467325087799683e+00 -1.378096904352327101e+01
1.262612062478780661e+00 -1.561898831935984333e+01
1.265756799869761196e+00 -1.793036508779989902e+01
1.268901537260742174e+00 -2.105221144915019238e+01
1.272046274651722708e+00 -2.590161570026542392e+01
1.275191012042703687e+00 -3.756380507967645599e+01
1.278335749433684221e+00 -3.249339432570278063e+01
1.281480486824665199e+00 -2.440986903677005415e+01
1.284625224215645733e+00 -2.034544787603887528e+01
1.287769961606626712e+00 -1.762508546688752631e+01
1.290914698997607690e+00 -1.558753887422623308e+01
1.294059436388588225e+00 -1.396494390643404415e+01
1.297204173779569203e+00 -1.262184637522113917e+01
1.300348911170549737e+00 -1.148014135261682611e+01
1.303493648561530716e+00 -1.049065518658252927e+01
1.306638385952511250e+00 -9.620405062747103386e+00
1.309783123343492228e+00 -8.846181393969231976e+00
1.312927860734472763e+00 -8.151025307213018323e+00
1.316072598125453741e+00 -7.522162884989413101e+00
1.319217335516434275e+00 -6.949728125275058233e+00
1.322362072907415254e+00 -6.415914070676336678e+00
1.325506810298395788e+00 -5.935312749675929922e+00
1.328651547689376766e+00 -5.491916957813891997e+00
1.331796285080357745e+00 -5.081527485830420687e+00
1.334941022471338279e+00 -4.700630057025009023e+00
1.338085759862319257e+00 -4.346252310653511586e+00
1.341230497253299792e+00 -4.015856293904207064e+00
1.344375234644280770e+00 -3.707256380621927860e+00
1.347519972035261304e+00 -3.418555724330275325e+00
1.350664709426242283e+00 -3.148096439080589448e+00
1.353809446817222817e+00 -2.894420095921041991e+00
1.356954184208203795e+00 -2.656236073157977273e+00
1.360098921599184330e+00 -2.432395957975039380e+00
1.363243658990165308e+00 -2.221872661942803973e+00
1.366388396381145842e+00 -2.023743245692962489e+00
1.369533133772126821e+00 -1.837174689399233785e+00
1.372677871163107799e+00 -1.661412023008878691e+00
1.375822608554088333e+00 -1.495768361903849097e+00
1.378967345945069312e+00 -1.339616492619214227e+00
1.382112083336049846e+00 -1.192381728306145305e+00
1.385256820727030824e+00 -1.050841049350324852e+00
1.388401558118011359e+00 -9.200502479074970097e-01
1.391546295508992337e+00 -7.967022119186992768e-01
1.394691032899972871e+00 -6.803799966259731491e-01
1.397835770290953850e+00 -5.706960080902518939e-01
1.400980507681934384e+00 -4.672890608554567393e-01
1.404125245072915362e+00 -3.698218039156415671e-01
1.407269982463895897e+00 -2.779784615319371710e-01
1.410414719854876875e+00 -1.914628443160921734e-01
1.413559457245857853e+00 -1.099965932269171276e-01
1.416704194636838388e+00 -3.331762504310376016e-02
1.419848932027819366e+00 3.882124725577540403e-02
1.422993669418799900e+00 1.066535417408545072e-01
1.426138406809780879e+00 1.704002016203034486e-01
1.429283144200761413e+00 2.302705725726639230e-01
1.432427881591742391e+00 2.864632774102418011e-01
1.435572618982722926e+00 3.391670001941804458e-01
1.438717356373703904e+00 3.885611902693781872e-01
1.441862093764684438e+00 4.348166952906140637e-01
1.445006831155665417e+00 4.780963311215629119e-01
1.448151568546646395e+00 5.193368364998391939e-01
1.451296305937626929e+00 5.570715916100468235e-01
1.454441043328607908e+00 5.922783919238412409e-01
1.457585780719588442e+00 6.250924642020052602e-01
1.460730518110569420e+00 6.556431251882557376e-01
1.463875255501549955e+00 6.840540901055760514e-01
1.467019992892530933e+00 7.104437517437673932e-01
1.470164730283511467e+00 7.349254329728012181e-01
1.473309467674492446e+00 7.576076152077533266e-01
1.476454205065472980e+00 7.785941450811719733e-01
1.479598942456453958e+00 7.979844213434930111e-01
1.482743679847434493e+00 8.158735638057663664e-01
1.485888417238415471e+00 8.323525659573789426e-01
1.489033154629396449e+00 8.475084327322193190e-01
1.492177892020376984e+00 8.614243047557721411e-01
1.495322629411357962e+00 8.741795702808801138e-01
1.498467366802338496e+00 8.858499659100260715e-01
1.501612104193319475e+00 8.965076671027176758e-01
1.504756841584300009e+00 9.062213693800345027e-01
1.507901578975280987e+00 9.150563610587028052e-01
1.511046316366261522e+00 9.232270301864602402e-01
1.514191053757242500e+00 9.304725689444097725e-01
1.517335791148223034e+00 9.370165106298600222e-01
1.520480528539204013e+00 9.429110347677536197e-01
1.523625265930184547e+00 9.482051756376890239e-01
1.526770003321165525e+00 9.529448580749715347e-01
1.529914740712146504e+00 9.571729289954760134e-01
1.533059478103127038e+00 9.609291850619285924e-01
1.536204215494108016e+00 9.642503968741351628e-01
1.539348952885088551e+00 9.671703300325802388e-01
1.542493690276069529e+00 9.697197633934138139e-01
1.545638427667050063e+00 9.719265048030720777e-01
1.548783165058031042e+00 9.738154045724627395e-01
1.551927902449011576e+00 9.754083669229842712e-01
1.555072639839992554e+00 9.767243596101309322e-01
1.558217377230973089e+00 9.777794219052822200e-01
1.561362114621954067e+00 9.785866710903050603e-01
1.564506852012934601e+00 9.791563075955735940e-01
1.567651589403915580e+00 9.794956188877890213e-01
1.570796326794896558e+00 9.796089597658337311e-01
